 300 459
 1 1 1 1 1 1 1 1 1 1 1 1 
 1 1 1 1 1 1 1 1 1 1 1 1 
 1 1 1 1 1 1 1 1 2 2 2 2 
 2 2 2 2 2 2 2 2 2 2 2 2 
 2 2 2 2 2 2 2 2 2 2 2 3 
 3 3 3 3 3 3 3 3 3 3 3 3 
 3 3 3 3 3 3 3 3 3 3 3 3 
 3 3 3 3 3 3 3 3 3 3 4 4 
 4 4 4 4 4 4 4 4 4 4 4 4 
 4 4 4 4 4 4 4 4 4 4 5 5 
 5 5 5 5 5 5 5 5 5 5 5 5 
 5 5 5 5 5 5 5 5 5 5 5 5 
 5 5 5 5 5 5 5 5 5 5 5 5 
 5 5 5 5 6 6 6 6 6 6 6 6 
 6 6 6 6 6 6 6 6 6 6 6 6 
 6 6 6 6 6 6 6 7 7 7 7 7 
 7 7 7 7 7 7 7 7 7 7 7 7 
 7 7 7 7 7 7 7 7 7 7 7 7 
 8 8 8 8 8 8 8 8 8 8 8 8 
 8 8 8 8 8 8 8 8 8 8 8 8 
 8 8 8 8 8 8 8 9 9 9 9 9 
 9 9 9 9 9 9 9 9 9 9 9 9 
 9 9 9 9 9 10 10 10 10 10 10 10 
 10 10 10 10 10 10 10 10 10 10 10 10 
 10 10 10 10 10 10 10 10 10 10 10 10 
 10 10 11 11 11 11 11 11 11 11 11 11 
 11 11 11 11 11 11 11 11 11 11 11 11 
 11 11 11 11 11 12 12 12 12 12 12 12 
 12 12 12 12 12 12 12 12 12 12 12 13 
 13 13 13 13 13 13 13 13 13 13 13 13 
 13 13 13 13 13 13 13 13 13 14 14 14 
 14 14 14 14 14 14 14 14 14 14 14 14 
 14 14 14 14 15 15 15 15 15 15 15 15 
 15 15 15 15 15 15 16 16 16 16 16 16 
 16 16 16 16 16 16 17 17 17 17 17 17 
 17 17 17 17 17 17 17 18 18 18 18 18 
 18 18 18 18 18 19 19 19 19 20 20 20 
 20 20 20 21 21 21 21 22 22 22 22 23 
 23 25 29 
 31
 3 21 33 34 49 68 77 87 95 103 106 111 
136 166 178 190 202 220 249 253 259 260 269 310 338 
 365 382 403 406 413 430
 23
 45 54 61 74 100 119 120 156 161 175 243 246 
 280 295 302 338 342 378 405 421 451 452 456
 22
 9 32 44 78 93 109 124 140 160 163 208 222 
 231 235 256 275 281 307 309 312 335 362
 26
 33 39 56 66 84 105 143 184 248 249 257 296 
297 298 310 316 318 341 353 360 363 399 413 425 442 
 448
 24
 3 23 34 35 79 98 106 107 116 120 122 128 
 130 132 148 221 226 302 348 368 408 419 431 452
 19
 13 43 55 56 88 107 119 161 180 191 228 243 
 305 376 380 385 399 418 449
 19
 7 37 41 55 76 130 155 219 221 286 308 337 
 341 358 374 401 404 442 452
 18
 10 16 26 49 65 83 136 194 195 212 235 306 
 351 373 415 446 451 453
 27
 6 9 28 38 39 46 86 103 120 123 164 173 
178 192 219 227 270 279 280 352 363 420 422 438 441 
 445 457
 24
 39 121 126 127 138 140 143 188 196 204 206 219 
 233 237 250 321 345 359 370 386 390 423 429 451
 29
 10 14 16 29 34 45 51 64 77 101 104 122 
165 193 194 212 215 218 219 274 283 328 330 333 339 
 343 354 411 431
 17
 12 15 22 26 103 120 133 137 218 226 255 261 
 284 296 335 405 442
 28
 4 14 19 57 86 87 120 139 157 164 166 196 
222 238 248 250 254 275 303 304 343 345 376 381 404 
 405 419 422
 24
 9 10 14 33 37 53 102 108 120 124 179 183 
 204 229 288 290 323 360 389 399 411 416 454 458
 33
 4 51 59 73 97 104 159 185 187 208 210 219 
232 238 285 297 303 304 305 309 311 318 340 359 366 
 377 380 403 415 430 431 432 439
 23
 23 44 68 88 90 99 104 109 123 128 138 142 
 201 217 233 273 303 371 384 426 432 435 451
 23
 13 15 130 151 159 232 241 293 295 308 350 357 
 358 376 381 387 398 404 424 432 447 451 456
 27
 8 10 27 96 103 105 108 133 142 152 171 182 
185 186 209 235 257 332 339 344 353 355 395 407 415 
 444 459
 20
 4 17 23 36 49 70 101 108 111 129 149 181 
 205 252 287 348 349 394 401 421
 26
 3 10 20 33 58 62 68 98 110 120 124 126 
141 211 244 261 279 280 311 338 373 386 409 418 438 
 441
 27
 35 40 64 76 103 106 121 147 209 225 231 235 
252 261 263 271 277 308 309 319 382 386 389 412 421 
 422 433
 17
 29 53 107 126 136 154 228 242 262 270 313 335 
 391 409 410 428 454
 24
 2 32 36 43 96 98 104 105 110 122 175 183 
 195 218 244 269 303 306 357 391 408 414 444 446
 21
 4 14 60 100 114 115 165 189 214 239 251 268 
 275 276 297 317 356 396 398 420 442
 34
 18 24 44 46 54 113 121 147 157 163 174 176 
177 179 224 229 250 251 271 286 291 306 312 318 330 
 335 353 389 395 415 418 427 443 457
 24
 4 5 13 42 47 60 64 70 79 124 161 165 
 233 257 275 306 307 309 342 352 391 416 419 448
 19
 6 10 25 44 48 58 134 154 166 196 235 284 
 291 313 337 343 378 427 442
 27
 2 5 25 75 85 113 130 137 144 146 172 223 
229 248 253 254 290 305 316 340 342 355 370 389 404 
 433 448
 30
 25 35 66 98 101 129 143 181 185 205 207 220 
245 259 270 280 291 315 328 331 337 363 370 373 388 
 389 390 417 427 449
 26
 23 28 39 43 53 62 82 98 107 110 133 174 
194 217 237 296 298 301 330 375 379 405 418 430 432 
 448
 28
 60 63 71 84 97 123 124 151 188 190 226 230 
247 278 328 332 343 346 348 356 357 385 392 397 422 
 433 444 446
 24
 5 19 28 55 66 134 148 161 169 171 207 217 
 236 281 299 311 334 352 358 370 389 396 433 439
 20
 2 7 36 40 60 80 99 103 158 165 242 276 
 281 314 333 344 390 395 443 454
 23
 2 20 30 75 148 175 192 202 268 290 306 307 
 314 330 349 372 409 422 429 431 432 436 448
 30
 36 67 70 94 127 130 133 136 176 177 190 203 
242 267 275 293 304 311 331 350 358 362 366 381 392 
 400 416 427 456 459
 23
 7 39 41 51 73 76 94 122 139 165 179 218 
 235 245 270 279 327 334 341 350 420 434 459
 14
 19 46 140 180 265 304 330 332 334 353 359 373 
 376 419
 19
 18 44 122 163 171 189 198 203 205 236 319 330 
 349 350 428 443 445 446 453
 29
 2 19 28 31 37 55 61 63 73 82 85 135 
138 178 194 210 218 232 243 257 262 274 316 361 386 
 394 438 443 453
 23
 2 62 69 84 95 100 108 147 155 190 199 224 
 258 319 332 338 339 358 404 413 438 441 449
 21
 2 15 45 59 123 136 138 153 181 201 203 227 
 255 259 260 284 286 344 347 374 395
 23
 5 7 38 44 81 83 121 138 144 194 197 240 
 243 278 286 341 365 374 416 420 436 438 451
 24
 22 105 109 111 120 142 186 232 284 289 322 325 
 336 338 353 376 378 381 414 428 438 446 448 456
 24
 27 40 55 74 127 220 244 256 310 311 313 318 
 347 382 390 391 407 422 433 434 437 440 454 458
 26
 5 7 56 60 77 149 157 169 221 251 254 278 
283 304 314 315 359 364 382 387 389 394 397 399 403 
 449
 20
 28 42 70 72 75 141 156 171 194 205 228 230 
 262 323 342 374 377 418 421 448
 29
 17 28 66 68 85 117 142 151 176 206 221 223 
235 251 262 264 298 301 306 320 327 334 346 354 378 
 418 429 434 446
 21
 40 65 75 77 80 89 101 113 128 190 195 200 
 213 240 252 280 281 369 373 437 443
 31
 10 32 33 42 49 50 61 66 91 95 136 184 
187 242 256 258 286 299 304 305 313 314 332 356 394 
 398 414 431 436 446 448
 24
 1 10 13 21 23 33 60 92 100 165 189 224 
 239 277 281 291 304 316 335 340 353 355 356 454
 25
 17 27 37 42 59 66 68 70 78 90 112 128 
130 131 186 219 225 249 260 298 317 343 346 348 423 
 29
 6 33 52 126 129 139 142 155 162 170 180 193 
217 223 237 266 296 315 325 330 335 340 352 353 373 
 377 437 448 457
 20
 35 41 46 64 68 93 105 146 148 222 240 241 
 251 307 323 350 397 412 415 445
 26
 3 67 69 86 97 107 119 145 186 197 203 208 
210 223 242 248 296 300 307 308 310 362 392 433 442 
 443
 15
 6 11 28 60 62 64 68 202 255 290 337 370 
 385 398 415
 18
 4 12 81 99 131 135 136 165 190 312 322 345 
 375 383 391 394 415 457
 25
 5 60 61 85 127 138 160 161 171 217 228 252 
261 293 303 319 323 329 374 377 380 393 401 423 436 
 19
 35 43 44 67 158 161 175 198 201 202 245 276 
 285 294 305 325 394 442 446
 18
 4 5 21 26 35 39 76 137 224 302 303 320 
 321 324 372 442 449 453
 31
 2 18 19 35 37 72 106 119 127 157 166 167 
169 177 184 228 236 241 260 266 272 273 275 276 280 
 321 344 375 390 421 448
 21
 5 24 55 75 103 108 138 168 177 184 209 254 
 270 271 274 284 310 322 337 379 422
 25
 29 45 61 63 64 66 168 188 203 259 303 308 
317 330 333 339 367 372 386 391 404 431 450 457 459 
 20
 3 4 21 55 109 123 125 132 149 171 234 238 
 268 273 294 308 372 407 415 455
 27
 14 25 69 101 127 135 148 171 174 191 197 207 
214 218 256 289 305 318 319 340 364 374 406 421 437 
 444 451
 28
 20 39 46 48 77 87 115 119 154 169 170 177 
197 203 246 253 265 309 329 347 350 359 373 381 382 
 418 442 456
 25
 15 31 53 95 122 138 148 167 170 193 196 206 
209 229 230 310 318 348 356 361 395 429 438 455 456 
 27
 6 8 14 19 26 71 95 109 129 147 149 167 
207 232 240 303 316 334 365 368 377 381 412 413 419 
 428 442
 23
 4 18 28 39 61 66 72 78 105 114 156 160 
 161 174 218 219 225 226 260 261 283 315 392
 15
 13 57 80 104 114 182 188 232 241 249 292 319 
 370 412 422
 32
 15 21 41 46 47 56 65 100 101 130 133 141 
154 208 223 243 300 305 309 338 354 380 385 386 389 
 391 399 405 408 429 445 452
 21
 2 40 42 49 108 111 116 124 129 170 182 199 
 204 284 289 355 367 388 406 442 452
 30
 65 71 77 81 90 97 170 177 181 198 199 200 
201 206 222 233 238 275 306 317 322 349 356 366 375 
 377 411 427 432 458
 30
 4 8 26 39 50 67 88 99 107 114 132 151 
163 169 173 194 211 249 272 287 308 311 345 350 351 
 397 422 426 428 448
 21
 13 40 51 61 62 91 192 218 232 312 317 331 
 334 353 362 399 413 416 423 442 444
 21
 4 20 35 75 90 95 129 150 207 230 254 281 
 285 291 294 394 408 416 417 420 459
 20
 18 38 94 103 129 146 166 182 188 191 213 245 
 248 257 305 380 383 385 391 432
 27
 1 10 15 17 23 37 41 66 126 140 162 178 
180 242 258 260 263 309 317 318 322 346 375 382 417 
 424 444
 26
 5 9 41 70 80 81 83 140 166 174 178 180 
188 198 200 220 272 304 328 339 370 373 389 392 409 
 454
 28
 21 49 63 68 73 125 128 164 202 219 227 270 
276 289 299 307 320 348 351 354 379 393 400 425 435 
 441 450 455
 18
 31 61 67 71 115 142 153 186 198 227 237 238 
 274 296 304 378 434 459
 28
 24 30 54 99 113 120 121 125 128 160 163 189 
196 205 225 227 236 241 248 255 265 271 303 307 338 
 370 422 445
 19
 1 63 98 117 148 181 190 192 252 253 273 277 
 281 306 335 336 373 375 403
 23
 5 34 45 73 119 122 163 167 191 203 228 233 
 285 286 296 303 317 327 347 404 405 414 431
 29
 9 35 66 86 91 99 141 161 173 188 197 230 
233 234 244 247 302 313 330 346 348 363 388 397 418 
 421 436 443 445
 29
 2 14 17 26 62 75 96 102 130 132 137 172 
217 228 235 246 288 295 299 351 352 390 404 416 420 
 430 433 443 444
 39
 14 25 27 36 38 49 52 58 65 68 76 93 
134 146 155 168 189 248 250 251 267 268 283 288 295 
319 324 331 341 354 355 366 396 397 432 434 443 444 
 450
 27
 7 13 63 65 75 104 114 117 141 159 167 173 
175 191 204 250 271 275 333 351 353 385 411 415 420 
 440 442
 26
 8 11 33 34 56 96 115 163 201 202 217 261 
265 274 285 310 312 334 345 348 349 392 400 443 449 
 459
 30
 9 10 14 30 40 60 87 92 95 101 110 119 
129 134 145 170 176 181 188 214 220 272 273 281 312 
 355 390 406 421 454
 22
 12 20 65 73 82 102 120 154 167 180 196 217 
 221 240 295 349 372 389 396 399 409 416
 18
 3 5 83 84 96 102 120 139 155 162 179 204 
 222 263 284 293 405 441
 22
 11 15 34 40 89 114 124 153 194 206 207 224 
 250 259 282 322 349 430 437 444 450 459
 24
 2 75 105 112 163 189 216 229 262 290 305 307 
 333 343 353 362 363 371 373 411 421 443 455 459
 28
 38 43 81 133 135 150 169 173 188 191 220 258 
274 296 305 307 334 364 379 385 398 403 410 417 419 
 425 433 453
 19
 6 14 37 62 64 65 136 138 161 166 200 250 
 285 330 348 355 367 394 424
 18
 3 9 11 16 29 41 54 78 81 100 128 150 
 168 202 234 311 407 436
 18
 97 103 121 206 251 262 270 271 288 312 313 371 
 399 428 441 452 456 458
 18
 35 45 69 97 99 109 145 186 200 241 247 257 
 356 369 370 382 408 459
 20
 21 89 107 200 205 218 223 249 252 274 275 312 
 327 330 366 383 394 418 432 445
 29
 35 40 72 122 131 162 164 171 190 197 232 239 
270 292 315 322 383 398 400 406 408 413 424 433 439 
 444 446 452 458
 28
 35 56 61 106 116 124 125 140 146 153 194 199 
226 244 281 354 357 370 373 398 415 421 426 428 432 
 434 443 458
 23
 2 3 24 61 167 173 190 192 194 200 287 292 
 306 308 329 332 364 369 385 399 408 430 457
 23
 14 43 89 95 131 152 189 208 219 225 228 231 
 249 250 307 310 318 335 371 406 435 442 458
 28
 50 78 81 95 119 120 125 128 142 165 191 203 
212 224 236 237 273 275 309 349 352 358 375 377 419 
 423 425 433
 30
 19 34 57 59 71 74 79 83 114 123 131 135 
148 149 162 179 221 223 254 270 273 282 343 356 363 
 399 403 405 434 438
 21
 7 48 50 63 70 80 90 106 150 162 202 278 
 280 304 332 346 407 416 428 434 439
 24
 51 55 64 68 150 194 265 272 281 286 309 313 
 320 361 362 367 371 397 408 414 418 434 449 456
 20
 7 61 62 63 74 127 128 141 297 316 320 339 
 349 378 397 404 416 420 442 455
 20
 11 25 53 66 90 96 107 122 130 131 142 152 
 234 236 254 307 321 348 367 459
 22
 12 22 71 79 106 121 123 140 224 288 292 309 
 313 318 336 337 352 365 369 392 429 452
 29
 26 41 46 60 79 81 99 108 155 158 177 182 
214 224 227 243 261 271 287 363 384 388 392 403 410 
 411 432 440 445
 27
 5 11 33 38 63 97 121 131 156 165 194 197 
205 210 218 219 233 249 292 303 305 326 348 392 420 
 421 442
 25
 15 16 64 67 74 97 99 101 107 156 158 188 
193 219 220 306 345 352 375 394 396 402 424 431 447 
 27
 17 53 69 114 134 149 163 192 193 217 219 237 
262 272 283 297 330 344 377 387 393 403 423 433 444 
 451 455
 23
 3 48 65 122 129 139 167 183 199 204 222 227 
 246 275 299 332 372 392 403 407 412 418 448
 32
 6 31 69 86 121 142 144 158 195 199 207 212 
222 261 273 276 292 304 341 352 354 356 373 374 404 
 427 428 430 432 433 448 459
 22
 1 19 36 37 44 70 101 108 172 198 218 229 
 254 276 277 322 331 359 364 374 395 434
 22
 2 17 106 141 144 165 170 189 203 217 221 226 
 228 250 251 267 342 356 393 422 440 444
 23
 60 63 81 112 119 120 122 141 174 222 260 268 
 271 291 294 304 316 355 387 414 435 437 453
 25
 37 44 46 50 54 63 104 127 139 161 195 202 
273 279 280 282 325 328 344 396 398 408 415 431 453 
 20
 1 34 36 38 64 74 118 128 139 172 206 208 
 241 294 330 342 372 396 412 459
 32
 1 8 21 25 40 43 44 96 98 101 126 153 
164 173 175 185 197 218 238 253 279 281 285 334 348 
 362 414 417 419 426 428 438
 33
 7 70 75 78 83 89 105 107 115 119 138 146 
182 190 219 220 234 303 309 317 319 322 327 337 352 
 391 415 424 431 436 445 450 459
 22
 17 45 50 52 54 98 101 102 121 168 180 229 
 256 259 262 288 290 306 308 352 386 452
 18
 66 98 119 127 151 179 240 257 261 272 306 348 
 360 378 417 424 444 446
 25
 22 61 65 74 80 106 132 146 203 204 231 249 
305 310 314 341 353 370 373 378 410 412 429 439 455 
 23
 1 2 32 34 41 52 56 71 102 133 169 184 
 190 196 256 271 307 313 355 378 380 443 450
 16
 33 54 90 118 123 126 140 153 192 211 226 371 
 384 389 420 437
 27
 75 76 84 133 164 166 179 190 195 212 260 270 
272 287 289 304 315 331 342 379 402 409 419 430 446 
 453 459
 23
 1 4 8 37 58 106 120 150 170 224 240 252 
 266 273 274 300 310 376 393 402 416 423 446
 26
 6 7 18 41 44 109 111 116 121 219 230 233 
236 296 298 308 321 350 357 361 369 395 396 405 420 
 425
 28
 35 43 60 65 76 78 87 125 135 147 185 192 
213 220 265 270 276 278 326 334 336 353 359 397 404 
 417 439 440
 20
 4 34 54 91 106 126 153 232 237 252 290 314 
 342 355 356 372 376 403 404 409
 21
 63 76 87 158 161 169 193 220 234 329 350 358 
 386 423 424 430 435 446 448 457 459
 25
 3 12 31 47 84 85 95 131 132 144 145 151 
156 171 188 190 203 224 229 254 346 351 372 373 384 
 21
 7 18 62 80 93 119 124 130 145 162 171 175 
 191 196 204 225 269 274 313 418 437
 22
 2 6 55 73 90 97 131 137 143 177 199 204 
 214 270 278 290 336 349 368 384 442 447
 19
 37 44 45 52 99 114 125 148 176 216 236 266 
 283 307 383 395 431 445 457
 21
 4 39 63 114 127 128 136 144 192 205 225 226 
 285 300 309 373 374 406 411 421 455
 23
 10 16 40 47 133 148 161 178 182 227 241 270 
 280 287 304 307 310 339 354 357 371 377 425
 23
 8 20 67 72 75 160 211 226 239 271 314 319 
 343 355 368 373 397 405 418 422 428 429 453
 29
 10 60 101 107 116 120 152 167 168 176 178 180 
254 266 271 290 297 305 312 318 324 334 338 349 414 
 421 434 450 456
 21
 1 9 19 33 63 103 164 166 178 185 189 195 
 221 244 331 334 370 387 401 428 450
 24
 16 17 29 47 49 68 94 177 228 253 256 267 
 276 289 347 349 354 360 406 426 433 434 442 449
 19
 11 79 128 175 189 190 195 248 256 293 300 314 
 331 333 340 365 376 391 450
 18
 11 24 59 61 76 133 201 208 224 286 323 326 
 349 365 389 394 429 436
 24
 5 16 43 64 164 165 167 170 176 188 194 223 
 263 272 277 301 304 311 325 338 349 376 386 458
 24
 13 47 69 96 97 112 118 129 156 163 168 177 
 192 206 221 226 244 265 332 392 405 436 450 452
 14
 16 27 29 80 131 178 204 255 258 265 266 303 
 343 410
 26
 3 36 42 105 125 134 143 144 148 162 188 191 
224 235 237 279 282 284 325 345 348 379 417 431 452 
 458
 17
 5 25 47 60 71 174 185 189 201 238 295 306 
 339 375 400 423 448
 21
 7 11 12 26 29 88 102 117 170 189 204 208 
 259 272 289 290 291 335 356 417 449
 28
 1 6 31 34 37 62 82 96 132 137 145 162 
168 239 249 257 258 270 272 274 361 366 380 381 430 
 435 441 443
 29
 12 27 38 52 73 111 159 188 197 217 218 223 
232 249 252 263 271 330 333 335 339 366 368 389 403 
 412 430 434 457
 21
 23 42 51 61 83 96 98 102 104 127 140 161 
 162 173 273 281 303 350 380 432 452
 27
 6 7 35 42 54 69 74 86 141 151 170 200 
236 250 254 259 275 276 279 312 355 362 369 385 400 
 415 430
 25
 3 9 17 36 48 121 133 145 195 210 216 220 
231 234 272 274 303 304 306 308 345 363 444 447 448 
 20
 70 82 83 137 144 185 201 217 218 255 286 287 
 297 327 331 364 425 431 447 452
 15
 1 16 37 190 225 241 255 274 276 279 348 379 
 388 449 454
 28
 145 157 165 207 211 214 221 251 288 323 332 338 
340 347 350 356 368 370 381 388 403 405 427 440 441 
 449 450 457
 17
 23 37 38 71 100 189 192 208 242 243 246 251 
 288 293 335 408 435
 16
 11 33 74 152 155 167 172 196 236 241 257 291 
 346 426 439 457
 17
 3 6 12 97 145 163 187 228 233 241 271 272 
 340 342 351 382 442
 18
 5 34 63 119 125 137 141 142 161 173 204 223 
 320 348 353 358 395 406
 22
 31 61 64 65 78 105 139 192 202 207 225 229 
 289 295 302 312 338 353 391 400 447 457
 25
 11 24 33 45 74 121 146 200 223 227 257 289 
294 309 317 318 331 349 364 390 401 412 417 439 450 
 21
 4 41 50 51 121 132 139 164 203 217 222 224 
 255 268 278 294 307 341 390 402 457
 14
 3 27 72 89 124 160 196 215 257 278 321 339 
 362 442
 20
 6 12 20 32 56 61 68 71 82 89 134 209 
 217 238 265 300 315 387 410 423
 22
 8 22 47 74 79 98 118 125 139 150 170 222 
 249 326 354 359 368 390 403 428 445 457
 30
 60 71 72 79 88 89 120 127 161 172 198 202 
264 279 292 302 324 359 369 389 390 392 393 403 422 
 423 436 438 439 443
 21
 39 42 53 63 66 113 134 164 169 223 256 266 
 361 375 376 378 382 434 439 442 447
 24
 21 37 39 78 96 109 123 135 139 149 220 227 
 252 254 314 366 371 375 390 403 409 429 436 448
 28
 5 6 7 32 48 67 72 123 134 145 164 165 
193 196 209 211 255 290 295 298 324 361 385 404 431 
 436 440 448
 25
 3 56 66 86 88 125 133 141 152 185 189 195 
205 258 260 283 287 324 329 332 335 405 425 445 456 
 16
 19 104 123 189 224 225 246 272 297 302 313 347 
 364 388 389 453
 24
 5 17 71 127 165 167 196 253 269 287 307 325 
 331 353 354 360 364 371 390 394 408 427 428 430
 25
 18 20 42 62 69 95 155 174 185 204 212 249 
264 272 280 286 324 346 390 391 404 420 429 437 439 
 26
 40 53 98 123 157 159 161 164 191 193 217 222 
224 227 249 275 340 343 375 396 400 402 414 453 454 
 458
 19
 35 108 123 138 163 176 189 197 245 271 303 310 
 329 355 357 372 417 423 444
 23
 18 20 33 43 75 86 99 117 137 145 149 175 
 181 219 230 254 270 277 282 293 357 429 440
 19
 1 5 38 41 70 80 102 123 191 218 220 257 
 279 304 318 343 366 393 427
 17
 67 69 83 84 110 167 199 268 271 273 287 358 
 363 368 431 445 452
 28
 1 10 13 29 47 57 99 107 127 143 146 211 
231 248 253 270 289 316 322 332 377 395 398 401 415 
 428 433 442
 20
 4 24 66 115 143 160 172 206 223 232 236 248 
 284 335 344 348 391 399 413 443
 23
 66 110 112 134 139 163 164 172 197 222 258 271 
 285 326 333 351 372 374 375 412 417 425 449
 22
 2 18 45 61 81 142 151 155 162 187 218 248 
 286 312 333 335 337 348 361 391 443 445
 22
 22 32 57 68 71 73 88 104 125 163 178 187 
 270 272 273 274 284 317 323 330 360 450
 22
 15 46 62 64 77 82 151 178 187 210 228 230 
 297 312 341 352 358 384 403 429 449 458
 28
 12 34 36 64 82 87 103 113 119 125 139 175 
198 206 217 256 260 292 304 309 312 313 340 361 363 
 391 400 456
 26
 18 29 37 45 50 52 79 133 162 230 248 286 
300 313 319 326 350 379 382 405 415 418 424 433 450 
 457
 23
 1 74 144 162 167 188 190 198 242 276 278 296 
 316 321 323 324 357 358 367 385 424 435 455
 15
 33 40 170 222 237 252 255 303 317 323 392 397 
 427 432 459
 25
 10 41 84 98 136 157 184 227 244 250 266 270 
271 278 305 321 324 343 359 364 383 428 442 454 459 
 23
 24 51 54 61 67 69 117 121 128 162 170 193 
 242 250 258 298 308 336 354 362 365 411 440
 27
 58 60 68 72 77 95 100 101 102 110 137 166 
183 198 238 270 277 283 300 331 359 362 398 408 418 
 446 448
 19
 67 71 90 132 148 191 203 263 276 282 354 378 
 384 388 409 418 423 425 435
 26
 3 7 8 16 17 31 33 53 102 147 243 258 
282 288 293 315 324 326 353 369 384 388 404 443 448 
 458
 34
 55 78 80 126 128 130 151 179 182 183 189 217 
239 245 257 262 267 273 275 297 299 305 311 334 349 
 354 360 385 404 412 414 419 426 435
 23
 10 13 30 35 45 78 90 100 114 124 147 173 
 213 234 237 261 288 336 365 375 384 416 444
 19
 3 12 76 95 107 132 238 242 263 273 283 291 
 308 328 358 371 410 427 431
 19
 29 34 39 65 124 149 168 174 189 312 327 337 
 340 341 360 384 415 420 429
 17
 31 41 76 106 119 124 195 215 233 259 295 323 
 340 411 430 438 453
 26
 30 36 108 122 151 161 183 196 202 236 243 250 
275 320 339 342 371 381 384 390 407 417 441 446 455 
 458
 24
 1 24 38 43 45 62 67 115 168 192 225 282 
 304 310 321 327 344 358 360 393 417 442 448 458
 18
 15 16 46 52 105 127 129 142 175 193 228 239 
 264 305 346 379 389 428
 23
 14 25 27 38 55 67 77 79 84 135 141 150 
 230 233 240 248 276 304 357 359 381 416 432
 29
 105 122 123 126 132 135 153 210 245 251 267 277 
291 314 322 325 345 347 351 352 393 395 415 420 430 
 438 454 455 459
 31
 44 72 82 116 168 169 188 195 196 207 213 231 
246 248 252 260 334 372 376 377 379 387 403 419 420 
 422 439 447 448 452 453
 20
 12 36 84 85 92 94 123 129 132 140 190 221 
 225 238 239 263 314 395 399 448
 16
 8 42 58 65 85 138 145 163 193 231 368 371 
 374 379 424 428
 18
 1 9 101 111 122 162 192 229 274 294 308 314 
 336 344 360 405 413 456
 18
 9 20 25 48 107 122 245 253 302 303 304 320 
 333 341 348 372 414 456
 27
 8 39 49 60 69 78 113 127 134 135 161 174 
209 225 274 280 285 290 299 331 364 374 390 410 429 
 449 454
 23
 65 67 126 130 144 161 164 183 191 216 258 267 
 281 285 308 330 336 337 342 404 416 428 436
 24
 48 73 96 98 103 104 109 125 136 146 151 152 
 156 182 201 218 299 321 323 369 373 424 445 456
 26
 42 49 62 77 85 91 96 115 120 126 132 164 
178 210 280 297 308 327 332 374 400 401 406 426 438 
 442
 29
 2 30 38 40 45 65 86 109 119 154 167 181 
223 229 235 259 274 303 311 316 333 350 359 365 376 
 393 415 416 419
 20
 9 23 27 72 132 137 179 199 218 300 348 357 
 366 377 382 383 407 420 441 451
 15
 13 65 125 153 162 176 184 221 229 277 316 331 
 351 417 458
 24
 16 22 43 67 70 92 112 116 187 250 260 271 
 278 283 295 320 328 355 362 394 401 420 430 446
 26
 15 34 38 49 59 62 69 75 78 95 125 142 
169 174 176 187 192 197 229 256 288 338 351 365 369 
 407
 25
 6 15 28 40 60 99 144 157 169 171 198 237 
272 275 294 319 325 345 352 356 357 381 403 425 442 
 26
 12 43 48 52 60 140 146 164 188 193 215 247 
264 305 310 324 332 351 352 393 398 406 415 431 435 
 458
 26
 1 3 10 13 18 48 74 76 87 92 138 171 
221 300 305 311 337 356 359 389 396 419 424 428 439 
 444
 29
 7 20 33 47 80 88 118 134 137 152 164 172 
180 249 250 254 264 265 283 284 304 332 336 349 350 
 371 374 386 398
 23
 3 50 62 67 109 124 136 188 197 199 201 233 
 280 305 308 342 347 359 364 392 397 432 434
 21
 24 36 44 85 100 115 159 172 198 213 227 251 
 267 277 283 345 375 383 396 404 435
 34
 49 79 89 117 145 175 181 199 221 225 284 291 
302 309 313 315 331 342 346 358 372 377 379 382 391 
 400 406 414 426 431 434 449 454 455
 21
 2 9 15 51 70 119 126 146 178 191 193 215 
 232 279 315 320 337 349 396 397 455
 20
 28 85 152 153 163 172 176 239 294 355 367 380 
 399 402 405 407 422 438 448 458
 29
 12 39 52 59 68 80 82 104 147 153 157 206 
220 255 288 298 303 317 363 364 368 370 384 394 403 
 410 412 417 453
 28
 3 8 42 53 81 99 121 122 124 173 175 226 
234 264 281 289 298 310 311 337 346 354 394 395 403 
 410 439 459
 22
 23 35 85 86 112 113 121 131 147 150 152 154 
 217 253 333 380 390 396 403 411 435 438
 25
 9 11 48 53 60 97 103 132 144 147 169 199 
200 215 234 247 284 287 336 378 393 398 400 426 444 
 25
 22 57 60 71 75 94 149 171 198 234 238 252 
274 278 312 319 338 370 380 392 393 403 429 447 451 
 20
 1 15 83 91 95 99 112 120 158 162 166 181 
 207 316 351 365 402 404 423 446
 22
 6 44 58 61 89 93 98 135 143 150 157 161 
 219 251 282 291 296 330 442 450 453 454
 20
 36 52 62 63 69 104 115 136 160 162 259 282 
 347 387 401 406 411 427 439 449
 15
 7 23 51 113 136 139 166 277 375 390 394 405 
 419 426 456
 23
 112 128 132 231 235 270 272 312 315 327 365 391 
 404 407 409 410 411 412 421 441 445 452 457
 20
 3 25 73 124 134 163 168 176 187 243 252 303 
 305 315 340 351 358 404 406 444
 23
 4 85 110 119 130 137 154 177 182 186 210 226 
 239 274 277 278 282 285 333 338 370 372 448
 25
 3 49 51 60 70 91 95 102 126 128 161 162 
163 194 211 236 245 285 307 314 334 371 403 408 428 
 20
 9 21 122 129 135 137 154 161 184 220 225 270 
 273 366 409 415 418 430 445 455
 29
 6 12 34 36 46 63 77 123 125 128 140 176 
228 236 259 264 265 276 306 314 333 337 371 383 393 
 406 414 423 434
 25
 15 16 40 41 43 92 103 121 130 138 148 189 
214 281 299 301 309 323 328 341 352 370 376 378 424 
 31
 5 21 22 34 51 72 102 110 145 177 186 190 
195 213 225 230 293 295 303 310 311 315 338 359 361 
 368 381 382 391 407 457
 22
 7 47 87 113 124 152 166 239 253 279 308 319 
 320 323 346 361 362 371 403 410 435 452
 25
 13 14 17 72 79 86 98 163 169 183 193 200 
201 230 256 265 304 312 347 398 412 421 428 439 448 
 30
 5 49 56 59 60 68 76 89 101 108 137 164 
177 183 185 187 222 231 237 267 282 339 351 364 407 
 421 429 448 449 456
 31
 77 126 129 133 140 144 193 201 205 245 250 254 
259 277 280 325 334 341 366 370 372 376 377 379 392 
 395 397 413 426 429 451
 26
 9 13 106 131 173 181 183 262 264 272 278 284 
292 312 317 318 354 370 376 383 392 394 404 426 430 
 445
 22
 1 9 21 84 97 112 116 126 147 149 155 160 
 182 186 189 249 263 293 303 309 310 344
 35
 8 38 96 100 118 129 143 162 182 184 192 193 
205 207 222 230 248 250 251 277 280 299 305 308 336 
 340 369 390 400 402 424 430 433 450 455
 26
 47 48 127 133 176 195 228 231 251 262 266 275 
287 301 304 314 374 380 397 401 415 425 429 447 452 
 456
 27
 30 46 60 73 92 97 98 124 184 194 198 227 
243 248 271 279 292 351 371 395 404 413 416 422 430 
 436 451
 33
 3 20 24 33 36 50 57 67 69 72 73 87 
116 117 161 166 188 212 252 257 275 285 306 315 316 
 331 344 350 381 383 401 402 406
 28
 1 53 60 64 66 77 92 104 117 124 143 197 
228 240 263 284 289 290 328 357 361 365 387 390 400 
 425 438 447
 31
 24 46 68 76 82 93 94 102 111 116 131 135 
154 157 195 201 229 232 240 253 309 330 348 350 404 
 425 431 432 443 453 456
 28
 23 73 88 91 130 147 150 179 189 197 208 226 
285 299 321 333 367 391 395 396 401 406 407 409 415 
 418 431 438
 26
 36 69 78 83 102 110 136 174 202 217 273 292 
301 304 309 329 352 360 361 379 415 419 432 444 451 
 458
 27
 33 34 43 45 50 74 95 124 171 174 190 192 
200 203 209 229 254 261 289 324 337 389 405 406 426 
 451 458
 23
 64 70 79 88 109 118 122 128 167 231 234 262 
 270 280 282 344 378 393 400 416 437 450 459
 22
 19 30 60 73 77 119 156 161 168 169 173 219 
 253 311 316 321 333 357 379 403 408 453
 28
 11 24 64 83 88 112 131 154 180 191 207 218 
255 279 281 282 301 306 328 330 335 336 345 348 374 
 399 416 429
 19
 4 8 19 71 81 108 143 159 184 190 213 222 
 251 283 311 360 361 370 430
 24
 72 74 100 101 141 189 209 217 242 244 253 261 
 264 286 307 319 357 391 399 415 435 443 454 455
 35
 4 27 36 70 80 81 96 99 123 126 142 215 
275 278 305 306 317 321 325 330 331 335 343 349 350 
 352 353 355 365 373 389 393 430 457 459
 21
 1 26 33 68 77 93 126 135 158 167 171 186 
 223 235 255 256 258 292 315 316 360
 29
 1 8 22 39 56 65 73 82 95 126 131 132 
151 158 162 163 179 183 184 198 208 251 301 318 331 
 333 403 410 459
 22
 39 52 62 74 111 118 129 134 161 179 232 258 
 264 278 311 314 326 367 378 395 403 449
 25
 1 6 10 50 64 87 95 97 135 144 168 183 
196 198 206 218 242 253 254 317 320 371 377 419 451 
 19
 18 41 42 54 121 186 194 209 240 276 283 341 
 371 376 380 394 408 434 450
 31
 14 38 48 96 100 125 137 166 175 193 227 234 
247 249 256 276 288 290 301 302 307 317 333 354 358 
 372 411 415 448 456 459
 23
 34 40 66 93 97 105 122 130 220 221 233 249 
 276 277 301 343 344 367 375 396 437 438 451
 22
 4 17 66 92 93 97 131 199 204 209 225 231 
 259 311 319 322 336 350 382 389 393 416
 21
 2 14 63 120 134 143 189 192 223 257 271 288 
 331 337 344 363 392 406 431 438 448
 23
 2 35 37 46 131 219 273 281 305 332 336 339 
 396 402 408 415 416 424 428 435 437 450 452
 26
 21 22 26 65 89 91 93 100 111 117 147 172 
174 181 231 273 289 294 300 308 324 336 409 413 417 
 457
 17
 13 18 46 70 91 162 164 173 188 199 255 278 
 280 374 399 405 426
 26
 19 43 47 71 113 123 140 158 168 190 226 244 
252 253 258 266 291 356 372 381 388 405 411 419 432 
 445
 26
 20 57 86 110 122 146 154 165 210 224 229 238 
277 283 286 313 326 337 351 360 374 397 427 437 440 
 445
 23
 69 80 143 165 166 169 179 180 188 194 216 271 
 279 315 320 331 387 397 402 404 421 429 450
 32
 2 8 16 22 23 30 50 70 72 88 105 106 
120 152 153 191 199 201 211 220 233 235 247 253 270 
 310 315 363 378 405 440 458
 23
 1 28 92 119 121 134 177 215 223 255 262 263 
 277 282 298 332 357 373 384 417 429 433 435
 27
 22 27 53 58 63 119 125 127 143 149 156 197 
220 221 222 263 270 276 279 282 339 372 376 396 428 
 433 440
 29
 2 8 9 20 26 61 100 112 156 161 170 189 
231 260 274 318 326 345 349 377 386 389 395 409 415 
 423 425 451 456
 29
 58 73 95 109 138 168 172 181 205 234 241 248 
269 274 287 296 306 311 314 329 335 348 349 392 396 
 401 439 447 455
 27
 11 42 57 60 67 90 119 159 160 165 170 171 
180 188 196 227 250 255 258 303 367 370 386 394 398 
 416 417
 17
 51 100 104 173 180 221 278 294 311 363 380 387 
 410 419 425 428 449
 25
 38 59 115 130 149 188 200 202 232 248 261 287 
325 348 361 370 380 381 382 402 428 436 440 447 454 
 26
 37 48 52 54 61 108 110 129 150 175 182 191 
230 249 320 326 345 379 383 401 407 413 444 447 454 
 456
 30
 6 11 42 76 102 135 155 166 172 187 206 208 
212 226 248 252 255 264 266 273 295 297 310 313 316 
 332 360 413 415 417
 20
 11 16 62 68 78 111 120 159 185 226 235 248 
 268 272 279 322 347 393 398 403
 20
 19 65 67 72 84 96 133 150 195 237 307 313 
 330 362 390 407 418 443 449 459
 13
 47 64 69 103 159 217 224 250 256 306 353 383 
 407
 33
 75 96 97 120 136 141 165 174 191 200 201 214 
252 256 260 269 277 293 298 316 320 336 339 349 383 
 384 392 393 405 406 409 440 443
 16
 2 41 42 105 123 165 188 199 200 205 272 313 
 338 389 422 453
 30
 8 62 64 79 87 111 139 161 163 164 172 205 
230 239 240 251 266 293 303 321 334 342 351 367 383 
 398 428 436 439 447
