 400 550
 1 1 1 1 1 1 1 1 1 1 1 1 
 1 1 1 1 1 1 1 1 1 1 1 1 
 1 1 1 1 1 1 1 1 1 1 1 1 
 1 1 1 1 1 1 1 2 2 2 2 2 
 2 2 2 2 2 2 2 2 2 2 2 2 
 2 2 2 2 2 2 2 2 2 2 2 2 
 2 2 2 2 2 2 2 2 2 2 2 3 
 3 3 3 3 3 3 3 3 3 3 3 3 
 3 3 3 3 3 3 3 3 3 3 3 3 
 3 3 3 3 3 3 3 3 3 3 3 3 
 3 3 4 4 4 4 4 4 4 4 4 4 
 4 4 4 4 4 4 4 4 4 4 4 4 
 4 4 4 4 4 4 4 5 5 5 5 5 
 5 5 5 5 5 5 5 5 5 5 5 5 
 5 5 5 5 5 5 5 5 5 5 5 5 
 5 5 5 5 6 6 6 6 6 6 6 6 
 6 6 6 6 6 6 6 6 6 6 6 6 
 6 6 6 6 6 6 6 6 6 6 6 6 
 6 6 6 6 6 6 6 6 6 6 6 6 
 6 6 6 6 6 7 7 7 7 7 7 7 
 7 7 7 7 7 7 7 7 7 7 7 7 
 7 7 7 7 7 7 7 7 7 7 7 7 
 7 7 7 7 7 7 7 7 7 8 8 8 
 8 8 8 8 8 8 8 8 8 8 8 8 
 8 8 8 8 8 8 8 8 8 8 8 8 
 8 8 8 8 8 9 9 9 9 9 9 9 
 9 9 9 9 9 9 9 9 9 9 9 9 
 9 9 9 9 9 9 9 9 9 9 9 9 
 9 10 10 10 10 10 10 10 10 10 10 10 
 10 10 10 10 10 10 10 10 10 10 10 10 
 10 10 10 10 11 11 11 11 11 11 11 11 
 11 11 11 11 11 11 11 11 11 11 11 11 
 11 11 11 11 11 12 12 12 12 12 12 12 
 12 12 12 12 12 12 12 12 12 12 12 12 
 12 12 12 12 12 12 12 12 12 12 12 13 
 13 13 13 13 13 13 13 13 13 13 13 13 
 13 13 13 13 13 13 13 14 14 14 14 14 
 14 14 14 14 14 14 14 14 14 14 14 14 
 14 14 14 14 14 14 14 14 14 14 14 14 
 14 15 15 15 15 15 15 15 15 15 15 15 
 15 15 15 15 16 16 16 16 16 16 16 16 
 16 16 16 17 17 17 17 17 17 17 17 17 
 17 17 17 17 17 18 18 18 18 18 18 18 
 18 19 19 19 19 19 19 19 20 20 20 20 
 20 20 20 21 21 21 22 22 22 22 22 22 
 22 22 23 23 23 23 24 25 27 28 
 12
 7 16 26 152 195 303 324 338 398 452 526 531 
 11
 53 54 64 166 211 214 288 301 444 493 522
 17
 6 7 60 61 88 90 108 112 155 201 273 277 
 287 289 415 418 537
 10
 9 31 125 165 312 368 401 410 450 549
 8
 13 252 257 277 391 401 449 496
 13
 104 149 322 335 358 391 428 436 469 489 513 532 
 538
 12
 10 59 70 92 174 194 327 361 366 473 520 531 
 13
 77 127 146 314 320 336 394 399 411 416 434 460 
 532
 15
 88 187 208 244 247 290 349 362 376 420 452 455 
 472 536 550
 14
 76 109 110 125 142 261 276 277 346 377 385 429 
 505 522
 14
 88 180 252 344 346 385 404 439 482 488 513 533 
 544 549
 12
 61 70 96 115 124 135 240 289 326 367 498 504 
 11
 50 126 134 161 166 354 397 405 446 543 546
 13
 1 25 42 57 68 113 132 157 238 253 353 368 
 440
 6
 33 191 206 255 341 366
 11
 10 128 139 160 203 234 325 334 365 487 529
 10
 20 109 123 259 392 442 445 468 520 538
 14
 30 56 65 71 107 145 162 166 167 189 229 246 
 444 455
 12
 47 127 167 205 288 292 382 419 443 492 529 541 
 13
 7 18 33 129 197 198 264 317 326 372 394 441 
 521
 10
 45 49 90 225 348 427 438 439 487 498
 8
 11 65 272 275 286 311 316 450
 9
 35 70 71 127 330 396 400 410 448
 16
 74 136 188 233 268 339 344 377 384 390 409 416 
 455 468 491 543
 8
 17 32 269 312 340 348 498 509
 13
 64 92 111 112 147 165 197 281 338 343 404 424 
 506
 14
 110 125 184 235 239 243 296 441 452 464 486 494 
 532 550
 13
 131 152 194 273 361 364 391 393 410 420 520 544 
 549
 8
 7 222 239 356 390 402 442 452
 23
 44 55 58 75 116 170 184 211 223 244 250 251 
 269 311 390 391 393 400 464 473 521 526 534
 17
 3 13 98 101 136 144 198 239 242 247 309 322 
 356 386 440 523 534
 16
 13 91 106 158 252 269 296 318 319 343 344 360 
 378 473 475 496
 17
 2 10 52 76 108 112 138 164 199 225 241 295 
 315 416 421 472 486
 13
 19 47 125 131 132 216 323 330 408 447 451 458 
 537
 7
 15 158 174 208 363 504 541
 13
 2 32 89 95 164 212 289 306 412 434 482 498 
 518
 8
 20 94 143 186 247 295 440 499
 17
 47 51 92 106 155 285 289 291 299 341 354 365 
 390 435 454 482 502
 8
 3 126 172 284 367 449 470 476
 11
 86 174 187 240 279 330 331 428 523 526 530
 9
 128 234 349 369 391 401 466 502 540
 12
 51 78 145 208 267 337 360 378 416 427 448 516 
 22
 5 24 45 60 71 107 115 128 171 200 213 241 
 276 341 382 429 443 455 471 507 536 537
 11
 58 143 171 186 234 276 333 426 448 536 550
 16
 236 260 267 308 395 421 426 441 442 475 500 516 
 524 530 531 548
 12
 13 231 242 289 302 338 414 447 456 511 527 539 
 22
 17 66 147 185 212 248 253 272 276 303 309 321 
 382 401 409 440 459 484 486 491 497 528
 8
 88 137 249 459 474 514 526 542
 18
 21 60 69 100 124 169 235 258 295 307 367 370 
 389 400 450 459 530 540
 17
 1 77 84 90 166 200 226 243 249 278 384 387 
 405 436 473 519 520
 10
 45 101 237 306 364 393 471 475 480 543
 12
 2 4 34 63 85 157 182 275 286 349 361 494 
 12
 52 83 177 182 310 328 370 374 397 449 505 528 
 11
 1 23 28 156 234 243 263 315 449 495 523
 17
 46 50 63 99 132 191 219 267 311 335 345 350 
 368 417 435 487 544
 12
 158 193 307 355 364 421 437 439 487 525 527 529 
 9
 22 105 193 226 234 327 331 397 477
 10
 20 104 166 240 241 341 400 411 455 502
 18
 111 174 199 212 213 255 294 336 340 374 402 430 
 437 441 445 466 476 522
 11
 76 252 310 348 356 412 454 485 488 512 539
 13
 30 64 78 110 138 222 307 339 345 381 404 423 
 465
 11
 4 63 66 157 278 334 402 440 516 521 542
 8
 85 93 161 299 306 368 443 480
 11
 10 42 45 67 290 346 351 440 490 518 523
 6
 50 155 239 259 373 527
 14
 111 176 236 353 387 400 448 475 496 506 528 534 
 536 537
 16
 38 44 59 91 100 105 123 185 235 245 248 257 
 258 375 415 498
 16
 7 39 91 119 181 203 204 216 235 259 309 338 
 363 369 465 514
 11
 21 50 58 185 245 285 414 444 472 486 500
 11
 48 89 161 211 235 364 398 420 456 462 548
 9
 9 147 156 312 325 394 396 530 543
 15
 32 65 113 200 214 222 258 290 395 402 423 453 
 465 498 512
 12
 17 37 128 243 306 309 322 373 383 393 415 488 
 15
 45 54 189 190 197 208 317 322 335 418 419 452 
 514 527 546
 20
 97 110 114 139 169 195 197 236 260 261 365 368 
 394 413 442 476 491 508 515 549
 10
 21 28 89 218 305 310 320 342 414 447
 7
 51 84 185 289 411 433 466
 11
 129 153 238 292 382 384 386 418 441 527 536
 19
 141 146 156 174 261 311 343 368 382 389 409 438 
 467 479 517 519 533 539 549
 13
 72 97 126 139 207 224 276 427 431 453 508 523 
 547
 10
 95 176 185 199 241 329 381 409 521 546
 14
 2 126 201 223 296 336 395 400 406 460 461 463 
 525 547
 12
 16 61 97 104 129 164 171 213 306 372 433 518 
 18
 57 79 90 99 175 238 249 255 279 282 327 359 
 425 442 449 452 495 543
 9
 11 127 130 216 222 239 290 318 385
 13
 47 87 141 146 186 265 339 352 377 415 453 530 
 535
 10
 1 6 51 53 126 143 199 347 396 470
 18
 41 117 125 128 161 167 195 330 339 425 432 465 
 476 497 505 510 519 521
 15
 64 148 153 211 238 268 279 284 319 322 337 348 
 428 489 528
 8
 22 40 129 149 261 334 350 450
 12
 274 277 373 400 412 463 481 495 519 536 546 547 
 12
 48 52 73 103 154 224 249 280 340 393 410 507 
 12
 44 135 190 195 231 236 279 306 311 403 442 545 
 13
 13 71 123 161 178 200 270 274 291 419 439 473 
 501
 12
 58 143 154 307 354 376 384 439 441 504 545 548 
 8
 18 128 133 234 268 284 408 506
 11
 14 89 123 137 217 235 260 282 291 426 492
 12
 27 84 191 318 323 343 350 352 472 486 489 516 
 11
 7 14 122 238 413 427 443 445 502 542 543
 15
 46 108 119 356 365 392 397 409 423 460 471 479 
 507 509 522
 14
 50 169 183 187 211 243 244 287 328 411 471 529 
 536 540
 7
 90 348 446 463 471 498 546
 11
 45 101 293 345 420 435 441 450 483 501 543
 13
 6 51 53 62 127 144 145 158 237 238 248 251 
 392
 13
 40 96 176 181 235 241 254 288 323 379 496 497 
 519
 13
 189 241 283 289 290 360 388 413 467 514 538 540 
 550
 15
 1 62 69 79 189 192 236 239 293 347 373 391 
 471 478 510
 8
 186 272 357 434 480 493 503 532
 9
 48 142 170 195 214 287 320 457 548
 14
 6 9 138 143 146 185 221 230 282 307 355 438 
 496 529
 10
 36 55 134 253 269 275 319 330 349 460
 12
 44 48 73 77 185 206 286 292 350 383 473 526 
 9
 23 54 55 57 88 378 459 518 526
 14
 165 177 282 283 313 362 366 401 408 438 523 529 
 533 537
 9
 47 103 153 219 247 344 445 497 543
 19
 56 96 101 102 145 148 162 215 256 354 377 396 
 420 432 467 485 524 542 548
 15
 4 85 93 100 131 162 176 190 201 207 234 444 
 445 478 519
 7
 26 61 211 293 356 411 533
 15
 9 71 116 117 135 158 162 172 311 342 429 440 
 446 499 521
 13
 89 112 128 182 198 210 237 330 360 365 395 454 
 517
 14
 11 24 47 81 105 117 136 138 173 188 245 352 
 369 416
 11
 18 102 124 237 274 290 319 461 489 496 523
 10
 102 127 162 168 172 204 226 349 428 550
 11
 1 106 132 187 189 195 205 404 506 510 529
 14
 36 90 98 191 219 282 291 369 377 404 406 471 
 485 502
 16
 96 121 138 189 222 247 310 317 318 324 336 347 
 438 510 513 525
 11
 4 13 73 82 159 314 393 416 421 440 519
 13
 41 69 214 266 277 306 309 367 383 430 454 461 
 474
 15
 113 240 244 245 289 303 306 365 379 399 444 488 
 529 537 540
 9
 12 163 166 196 373 381 481 509 547
 13
 15 117 141 157 164 269 287 292 315 402 462 511 
 528
 13
 22 65 89 104 126 195 217 310 314 368 369 518 
 522
 14
 157 159 176 271 423 459 467 497 508 522 531 535 
 538 546
 10
 28 84 96 245 265 289 307 338 391 510
 11
 120 153 207 233 348 374 378 389 433 470 476
 15
 1 55 123 161 214 216 238 310 317 327 366 453 
 463 542 547
 14
 17 23 37 84 126 134 205 266 313 323 327 411 
 486 503
 14
 130 185 259 305 336 365 367 370 388 398 407 468 
 470 524
 14
 5 31 37 67 92 126 162 279 357 366 379 399 
 446 517
 14
 19 22 67 87 237 262 278 367 378 391 431 448 
 508 544
 12
 1 29 34 151 173 197 302 311 397 401 475 482 
 11
 1 8 38 52 54 76 246 351 450 485 497
 12
 38 41 51 148 217 304 313 342 392 393 474 478 
 9
 2 54 85 134 165 307 366 393 516
 13
 84 163 206 241 261 264 298 410 436 481 521 530 
 548
 7
 67 84 198 299 352 395 485
 18
 21 53 89 120 127 131 144 158 228 242 274 390 
 437 477 503 520 530 547
 12
 12 53 56 86 144 210 310 391 397 493 496 508 
 3
 6 231 535
 15
 27 75 115 153 186 206 256 264 342 370 427 444 
 449 504 514
 13
 3 149 185 223 329 333 371 390 434 481 500 510 
 545
 11
 84 224 296 306 417 433 445 452 464 469 508
 8
 5 154 187 274 333 358 443 531
 14
 87 203 212 296 306 365 402 418 447 470 486 488 
 494 542
 9
 3 121 195 314 481 490 528 535 537
 18
 72 73 155 156 160 189 255 267 278 281 366 371 
 382 405 467 488 501 514
 16
 8 28 30 188 275 295 314 338 374 402 442 480 
 498 521 535 547
 14
 19 52 94 123 187 194 201 207 282 328 385 394 
 400 544
 10
 37 75 108 262 320 396 412 422 442 482
 14
 2 34 124 209 265 281 321 324 380 405 451 501 
 516 534
 11
 57 143 196 201 217 236 251 263 324 407 446
 12
 1 26 52 56 80 98 196 275 298 307 337 518 
 4
 235 511 541 548
 13
 11 66 140 191 246 250 280 342 420 457 492 535 
 537
 15
 3 6 52 150 169 192 274 285 313 444 448 467 
 468 525 531
 13
 13 43 207 235 258 275 281 306 312 368 425 450 
 485
 15
 45 87 111 123 150 160 178 201 240 274 282 315 
 461 474 520
 13
 45 47 51 91 124 133 198 218 280 291 324 340 
 535
 12
 106 136 137 171 186 345 381 428 501 507 510 535 
 7
 92 220 341 385 425 486 549
 17
 180 282 284 302 312 400 442 444 456 472 473 483 
 503 510 518 526 532
 11
 25 69 186 224 238 241 315 407 418 447 462
 13
 44 87 97 152 213 255 294 322 325 346 386 414 
 428
 13
 7 108 180 196 237 268 347 405 424 445 482 499 
 545
 11
 49 86 118 280 341 369 372 388 449 480 494
 11
 45 59 197 270 310 311 489 500 510 513 519
 11
 88 126 155 222 239 297 309 339 424 472 488
 11
 24 39 76 175 193 227 237 278 351 373 413
 18
 8 105 113 126 185 199 202 210 237 240 267 285 
 288 308 340 365 424 456
 13
 12 48 49 68 132 206 243 264 372 466 479 484 
 541
 15
 87 108 186 210 213 230 300 319 375 380 414 434 
 458 525 533
 18
 46 69 78 125 183 203 212 216 228 254 281 316 
 359 392 394 395 491 518
 8
 154 321 337 411 518 533 544 545
 12
 31 107 140 175 223 229 280 390 413 443 447 496 
 14
 155 164 191 207 276 334 349 367 377 396 435 436 
 466 543
 14
 99 164 169 177 200 324 328 425 430 457 490 497 
 537 539
 10
 63 96 235 296 353 422 483 490 500 535
 4
 12 87 202 475
 12
 24 81 124 138 241 254 322 339 451 503 510 534 
 10
 57 196 209 318 326 355 450 493 505 542
 10
 45 57 85 203 302 320 366 388 455 484
 10
 81 136 192 204 235 242 297 342 446 461
 11
 13 79 131 163 188 250 275 309 374 476 537
 11
 2 9 19 36 49 267 321 427 428 471 472
 14
 18 27 44 153 184 189 344 404 426 466 494 508 
 523 524
 12
 47 98 150 209 228 240 376 400 430 442 458 528 
 14
 1 5 16 46 112 215 226 257 265 335 413 474 
 484 495
 7
 2 137 149 202 244 286 362
 14
 60 94 123 132 151 297 335 339 341 350 366 425 
 432 502
 11
 72 134 139 154 172 200 384 387 403 478 502
 10
 72 142 191 242 278 304 316 339 355 405
 11
 40 118 180 209 288 296 323 353 379 446 469
 13
 20 50 59 106 112 124 208 215 221 313 378 474 
 532
 5
 22 29 97 135 141
 14
 1 58 59 67 80 159 168 248 311 313 405 448 
 475 511
 8
 15 229 338 342 366 479 537 545
 15
 14 86 163 202 312 323 326 348 370 372 398 414 
 422 477 543
 8
 202 218 259 275 277 297 357 439
 11
 8 58 103 115 251 278 376 426 431 455 524
 10
 12 42 98 306 316 338 346 477 478 525
 11
 10 21 133 192 199 329 360 371 433 441 471
 10
 128 271 274 332 340 376 408 426 442 488
 13
 2 28 84 116 152 205 315 342 392 423 458 511 
 525
 14
 23 133 139 203 213 277 334 360 386 452 474 476 
 515 544
 9
 21 56 103 307 350 395 479 494 532
 9
 33 142 238 252 310 363 405 505 533
 14
 129 196 240 283 331 381 429 477 478 489 504 512 
 525 538
 15
 3 74 102 127 245 256 274 326 340 386 429 434 
 440 457 531
 9
 41 72 77 188 275 320 366 398 420
 9
 55 90 140 208 347 441 481 515 550
 16
 4 5 59 75 97 162 198 258 277 313 343 358 
 378 422 488 532
 17
 5 14 45 47 55 70 84 90 91 126 167 206 
 241 294 306 479 514
 11
 7 178 218 227 307 314 375 390 392 425 489
 13
 19 48 135 234 251 258 280 288 317 369 370 426 
 480
 5
 2 25 127 479 483
 15
 6 30 32 157 162 207 213 239 300 308 441 458 
 500 511 545
 8
 22 87 88 355 427 451 454 487
 13
 26 61 64 102 109 242 417 427 433 472 489 490 
 509
 10
 62 123 167 188 219 373 402 432 446 478
 12
 129 227 243 245 276 323 377 402 422 524 528 544 
 9
 88 158 232 237 329 475 483 524 530
 15
 182 197 246 253 300 338 374 421 449 464 490 496 
 502 523 540
 17
 94 175 193 258 265 300 309 318 341 430 450 459 
 511 514 516 536 541
 11
 122 168 226 308 316 343 375 442 484 507 534
 14
 31 48 86 93 145 171 212 374 401 440 445 447 
 494 527
 24
 84 158 187 193 200 234 260 290 297 325 338 349 
 368 393 401 403 406 432 443 485 487 496 535 538
 12
 7 44 93 126 185 340 357 463 479 499 524 527 
 9
 16 24 46 110 153 173 186 485 525
 11
 18 20 27 130 145 199 244 260 451 464 465
 12
 9 46 82 147 214 216 247 301 315 397 437 533 
 19
 80 86 93 111 130 131 238 261 274 285 309 364 
 379 421 476 478 528 534 539
 7
 59 187 250 294 309 367 431
 14
 26 65 129 130 152 168 188 252 345 372 443 457 
 493 547
 18
 194 202 281 308 366 383 390 399 470 477 483 498 
 499 505 521 539 543 550
 12
 64 65 107 159 185 319 324 329 348 423 454 531 
 20
 57 70 107 114 124 140 161 214 225 264 276 288 
 390 391 393 459 513 515 520 523
 17
 130 133 152 159 246 250 315 383 404 414 436 445 
 472 504 517 534 542
 11
 55 59 68 192 232 278 279 353 380 494 500
 13
 94 101 191 192 236 284 290 324 354 404 460 472 
 548
 17
 47 60 92 103 140 141 303 311 321 371 395 424 
 446 510 526 545 547
 13
 6 49 58 84 188 256 271 279 349 378 393 398 
 493
 19
 53 55 95 105 210 217 262 300 372 378 412 438 
 444 448 467 476 479 484 535
 11
 3 135 139 276 287 309 457 477 496 499 510
 9
 12 77 104 341 374 443 470 488 540
 10
 7 48 158 183 254 283 380 460 463 539
 9
 35 102 394 429 480 512 514 528 541
 10
 19 67 90 91 114 160 268 332 395 550
 11
 2 118 185 209 229 235 237 255 423 454 491
 7
 4 347 489 497 499 506 527
 11
 44 134 175 225 309 312 403 408 456 466 491
 21
 13 20 71 116 144 168 176 223 236 238 249 283 
 305 319 329 402 422 437 446 460 475
 13
 129 202 203 280 354 361 381 394 440 503 520 540 
 548
 8
 8 11 50 233 272 279 485 495
 9
 10 17 192 308 331 370 519 532 535
 17
 28 29 38 128 230 256 294 299 306 346 406 431 
 451 457 459 513 529
 11
 54 125 268 354 365 461 470 478 521 527 544
 12
 29 30 94 99 142 144 163 210 277 487 518 536 
 7
 154 208 313 343 392 492 548
 10
 85 110 198 234 250 387 390 468 473 512
 14
 137 198 223 253 365 372 376 404 412 440 467 490 
 526 538
 15
 4 8 10 35 87 154 187 275 279 308 367 410 
 455 475 513
 11
 70 167 168 292 399 408 424 480 492 497 518
 17
 13 74 88 117 134 230 256 266 304 311 319 349 
 396 425 458 501 513
 13
 23 59 80 84 105 129 163 209 340 387 409 418 
 512
 12
 100 104 206 234 287 293 372 375 403 431 494 510 
 13
 194 221 270 294 321 339 347 365 407 417 419 527 
 539
 11
 178 236 248 250 363 451 469 472 541 542 549
 10
 153 229 389 392 397 416 445 450 462 492
 9
 54 100 136 190 204 404 405 445 453
 15
 86 135 186 288 307 333 338 400 425 458 459 462 
 501 504 525
 14
 6 93 167 304 313 318 345 383 403 456 457 499 
 527 541
 11
 3 20 63 66 173 380 420 421 464 471 550
 12
 17 31 40 104 231 352 359 398 477 498 505 520 
 12
 56 120 238 285 343 351 381 407 409 447 462 491 
 12
 96 156 247 285 352 358 379 440 446 480 509 518 
 14
 32 122 170 188 191 283 291 340 344 358 401 448 
 449 530
 9
 9 53 81 95 298 314 421 427 549
 14
 28 45 86 156 185 194 243 259 330 343 355 399 
 483 507
 12
 3 63 95 99 113 204 406 434 489 507 518 539 
 15
 85 118 166 168 197 235 236 239 298 308 325 360 
 398 482 510
 14
 78 153 165 189 192 363 407 434 451 453 464 499 
 501 518
 15
 155 186 294 326 356 399 421 423 461 473 490 516 
 538 545 547
 8
 120 178 193 232 346 359 435 522
 11
 8 101 185 191 242 269 432 443 448 477 490
 11
 10 123 159 172 188 191 228 362 366 406 491
 15
 5 20 49 82 85 156 205 286 299 317 346 351 
 453 490 512
 14
 9 22 68 108 132 154 297 344 346 362 406 511 
 529 548
 14
 133 203 221 236 254 287 291 303 397 421 435 465 
 506 549
 13
 11 15 67 95 127 287 308 350 436 440 463 487 
 515
 12
 19 48 130 148 211 292 365 366 377 479 498 524 
 11
 9 140 173 179 235 255 339 411 413 425 474
 13
 24 49 61 141 174 266 276 341 352 398 515 538 
 542
 11
 48 94 95 101 106 109 313 373 394 396 485
 11
 11 66 90 169 251 366 472 488 496 512 549
 16
 1 5 34 91 109 152 163 210 424 433 446 460 
 470 499 504 522
 13
 37 54 107 181 196 220 244 327 336 376 390 420 
 449
 15
 36 55 104 150 164 212 261 275 283 307 361 415 
 481 498 517
 14
 23 30 44 46 100 138 204 239 252 451 452 456 
 459 519
 15
 18 56 195 211 235 251 323 325 341 365 396 412 
 471 528 532
 13
 14 38 98 110 141 276 286 301 423 478 498 526 
 540
 14
 44 111 152 200 246 257 280 295 353 398 422 458 
 499 522
 5
 11 44 159 350 461
 9
 14 85 91 99 137 190 367 379 466
 9
 44 125 177 274 308 422 474 512 521
 14
 7 147 168 218 220 227 284 342 345 364 447 453 
 503 526
 12
 37 118 173 186 221 281 293 298 300 343 491 544 
 9
 46 52 133 145 201 212 286 371 394
 16
 6 23 36 54 156 205 308 310 334 371 407 423 
 485 502 520 541
 16
 26 29 68 89 170 200 234 244 281 285 316 342 
 394 397 463 492
 8
 21 24 60 193 204 227 398 492
 15
 49 89 196 265 302 317 331 332 375 407 419 441 
 443 454 470
 10
 3 33 47 57 62 135 187 244 362 365
 10
 114 124 304 326 420 422 470 474 502 541
 10
 112 142 160 259 260 273 351 371 511 535
 16
 91 133 151 161 165 234 242 249 254 331 339 399 
 420 471 503 543
 20
 152 177 188 202 209 253 333 341 366 415 424 429 
 432 465 482 484 491 506 507 534
 7
 4 9 15 18 275 339 529
 9
 27 31 190 321 380 382 430 441 550
 8
 5 12 83 196 240 252 361 462
 8
 45 115 243 246 417 428 496 509
 9
 46 140 197 218 275 354 379 483 497
 14
 5 69 128 132 157 290 295 317 331 339 355 371 
 443 510
 14
 4 46 95 123 129 257 328 363 372 393 410 426 
 444 493
 7
 98 157 228 245 314 318 352
 14
 2 92 130 139 193 231 240 298 316 317 382 452 
 512 514
 11
 34 51 119 170 180 219 308 328 409 473 493
 12
 29 102 114 154 308 310 316 320 347 361 394 470 
 18
 61 107 321 327 370 392 399 408 450 455 456 460 
 462 473 505 523 540 547
 9
 10 12 192 279 357 386 473 515 543
 18
 8 51 185 190 248 312 327 359 380 383 393 397 
 424 441 468 483 525 544
 13
 5 35 50 60 92 95 102 189 338 349 445 472 
 550
 14
 3 11 44 86 157 160 166 201 274 284 421 500 
 503 515
 15
 4 29 99 106 107 160 205 246 249 355 409 437 
 451 499 511
 8
 47 131 220 301 307 424 431 477
 17
 5 14 16 49 86 130 199 292 345 384 399 408 
 464 470 492 501 522
 15
 52 66 91 94 146 154 230 236 239 281 371 385 
 462 543 548
 9
 22 64 194 215 263 325 373 486 546
 17
 53 74 87 157 215 272 282 326 347 369 377 392 
 403 412 454 497 513
 15
 49 88 186 247 285 293 318 338 348 369 373 395 
 424 457 475
 13
 47 97 109 121 137 270 347 387 422 430 487 531 
 538
 14
 52 85 270 277 316 350 351 353 365 368 417 430 
 497 549
 13
 8 22 216 230 247 284 315 345 365 453 463 533 
 536
 13
 12 25 172 179 188 217 256 284 332 395 436 485 
 497
 11
 49 56 60 98 111 132 159 325 420 469 474
 13
 33 106 127 128 130 185 208 215 315 345 366 367 
 486
 14
 16 34 142 171 186 209 218 225 296 344 497 508 
 520 535
 10
 16 114 185 194 264 371 428 432 440 500
 23
 14 38 94 124 139 163 193 234 271 277 283 287 
 344 370 375 396 422 443 444 460 501 518 525
 13
 24 27 57 86 96 220 301 340 406 441 448 455 
 509
 15
 56 101 125 152 170 190 240 253 274 276 278 310 
 351 495 544
 16
 48 97 99 119 136 141 236 248 274 280 340 344 
 358 407 458 538
 15
 15 18 19 33 148 149 193 199 232 263 299 376 
 454 458 543
 12
 58 123 189 273 286 307 311 346 367 444 486 489 
 14
 53 100 103 125 165 234 245 250 266 271 312 335 
 358 370
 9
 51 56 62 134 225 229 263 312 548
 15
 93 185 353 368 386 390 401 403 405 437 465 513 
 518 536 537
 5
 16 123 356 487 506
 14
 79 131 219 279 337 346 351 391 433 445 453 456 
 470 547
 11
 10 35 54 65 84 177 320 380 384 468 495
 10
 9 48 116 153 283 303 362 379 392 496
 14
 19 32 53 73 125 131 197 291 293 301 304 475 
 477 525
 13
 15 46 55 123 179 190 257 316 369 375 482 496 
 512
 9
 26 113 204 254 399 406 429 447 524
 14
 21 49 66 89 92 158 196 219 228 262 292 319 
 333 415
 8
 8 74 109 134 190 220 519 520
 13
 6 15 30 127 171 175 194 248 257 381 449 476 
 487
 17
 51 62 68 85 227 242 260 305 306 342 406 426 
 431 447 515 516 550
 12
 3 17 44 116 192 253 275 352 368 383 501 530 
 17
 32 63 185 187 206 210 217 232 262 270 369 374 
 427 474 500 519 522
 13
 4 15 39 75 123 125 133 178 224 266 356 428 
 500
 10
 17 46 124 237 241 244 297 499 519 539
 10
 39 62 224 237 280 300 345 410 468 492
 10
 17 85 128 159 213 251 403 442 461 510
 11
 105 115 124 137 143 190 246 278 421 457 518
 19
 25 35 93 97 100 167 195 278 308 309 310 342 
 353 376 388 481 504 511 530
 17
 23 50 58 83 169 170 187 242 276 357 367 372 
 385 451 471 473 537
 9
 155 164 243 274 396 456 471 484 517
 6
 16 78 155 295 493 513
 8
 249 332 371 391 403 509 515 545
 16
 2 3 14 20 25 39 50 144 236 322 390 395 
 420 440 452 536
 12
 12 18 25 36 179 299 329 369 408 426 435 503 
 15
 50 68 96 103 156 187 248 262 314 344 444 500 
 510 519 526
 8
 11 205 293 375 511 517 538 540
 10
 98 140 179 181 226 348 359 423 481 534
 9
 138 156 221 263 391 495 536 539 548
 13
 8 42 124 131 234 245 305 314 343 357 374 429 
 476
 13
 4 21 31 103 105 234 295 302 332 359 384 539 
 544
 11
 86 93 165 172 194 237 288 294 370 392 505
 14
 27 46 136 155 160 215 298 320 328 510 512 519 
 533 550
 8
 82 146 189 198 207 233 286 474
