 200 245
 1 1 1 1 1 1 1 1 1 1 1 1 
 1 1 1 1 1 1 1 2 2 2 2 2 
 2 2 2 2 2 2 2 2 2 2 2 2 
 2 2 2 2 3 3 3 3 3 3 3 3 
 3 3 3 3 3 3 3 3 3 3 3 4 
 4 4 4 4 4 4 4 4 4 4 4 4 
 4 4 4 4 4 4 4 4 5 5 5 5 
 5 5 5 5 5 5 5 5 5 5 5 5 
 5 5 5 5 5 6 6 6 6 6 6 6 
 6 6 6 6 6 6 6 6 6 6 6 6 
 6 6 6 6 6 6 6 7 7 7 7 7 
 7 7 7 7 7 7 7 8 8 8 8 8 
 8 8 8 8 8 8 9 9 9 9 9 9 
 9 9 9 9 9 9 9 9 9 9 9 9 
 10 10 10 10 10 10 10 10 10 10 10 10 
 10 10 10 10 10 11 11 11 11 11 11 12 
 12 12 12 12 12 12 12 12 13 13 13 14 
 14 14 15 15 15 15 15 15 15 15 15 16 
 16 16 16 16 17 18 18 18 18 19 19 19 
 19 20 21 21 21 23 23 25 25 26 27 28 
 28 28 31 33 35 
 8
 2 59 60 64 106 127 186 207
 8
 7 20 28 48 51 79 109 114
 8
 63 72 112 120 145 146 195 224
 4
 19 23 63 130
 4
 23 83 164 179
 4
 60 63 89 208
 3
 23 93 140
 6
 43 47 144 158 194 206
 5
 21 24 92 151 229
 9
 6 9 22 107 108 113 133 170 211
 4
 46 55 108 110
 4
 35 63 87 154
 4
 4 129 146 244
 4
 50 130 171 213
 3
 1 136 227
 9
 69 75 86 106 145 150 170 218 234
 5
 13 47 124 183 189
 6
 22 96 159 171 182 196
 4
 110 229 238 245
 8
 66 107 113 129 195 219 231 235
 3
 196 206 220
 9
 143 149 183 188 211 227 230 231 242
 5
 46 81 144 170 216
 1
 88
 4
 5 40 125 195
 8
 111 131 167 169 176 189 192 212
 5
 23 141 157 169 195
 3
 27 87 140
 6
 11 97 113 134 141 222
 6
 1 103 131 140 187 225
 6
 140 147 161 171 202 238
 6
 4 62 67 102 148 212
 7
 4 50 112 118 168 181 223
 5
 65 201 223 229 232
 4
 33 84 118 190
 4
 7 41 58 155
 2
 61 179
 2
 2 170
 9
 22 41 67 81 90 103 174 192 226
 6
 115 118 153 209 214 238
 3
 43 104 202
 4
 112 126 193 240
 5
 3 54 95 165 169
 7
 30 83 86 189 195 207 231
 5
 33 107 112 193 243
 4
 3 49 57 192
 7
 6 67 102 130 143 204 222
 5
 2 5 53 82 115
 4
 14 104 202 204
 2
 170 213
 7
 15 21 104 147 160 173 211
 9
 49 67 164 178 190 212 218 234 236
 8
 98 119 133 151 171 176 215 234
 5
 150 152 163 238 240
 7
 4 43 52 105 111 223 243
 5
 12 60 142 200 210
 12
 42 81 83 157 165 166 176 194 205 209 232 235 
 8
 29 62 81 82 110 192 210 213
 7
 81 135 146 161 175 181 240
 5
 92 138 200 229 233
 6
 116 127 155 164 187 203
 8
 14 78 87 117 130 145 153 232
 8
 5 25 32 39 44 55 71 155
 2
 74 188
 9
 20 42 48 51 55 69 105 166 188
 5
 86 152 169 224 243
 5
 1 20 152 172 223
 5
 3 52 93 176 217
 9
 7 21 25 26 36 94 156 192 216
 6
 237 239 241 243 244 245
 4
 2 32 92 231
 6
 33 45 64 88 175 197
 3
 20 104 116
 7
 65 128 139 183 198 206 231
 4
 81 87 116 216
 5
 143 151 227 228 236
 4
 9 70 105 107
 7
 11 111 142 172 173 208 243
 3
 8 41 61
 5
 8 71 75 163 194
 7
 73 91 119 136 146 147 178
 7
 44 61 84 88 144 178 216
 8
 16 24 25 61 108 166 169 187
 11
 60 76 83 129 130 136 156 162 225 229 243
 7
 12 42 76 81 114 198 237
 6
 10 82 85 103 141 209
 9
 37 40 117 169 179 180 192 226 235
 5
 1 21 132 149 237
 5
 15 177 221 234 243
 7
 26 45 131 147 151 186 234
 6
 130 151 186 209 225 230
 3
 57 62 80
 3
 135 215 217
 7
 38 56 68 102 118 128 202
 7
 23 82 85 103 171 189 205
 6
 51 74 125 170 174 204
 7
 60 69 154 160 175 205 223
 8
 53 85 107 110 114 139 177 225
 5
 9 10 54 109 158
 7
 1 3 5 31 126 148 222
 5
 56 144 186 230 232
 7
 91 95 96 121 159 175 180
 4
 1 37 60 172
 5
 134 168 182 218 238
 7
 85 102 146 201 209 223 232
 5
 17 39 122 216 241
 4
 18 93 123 214
 4
 11 140 196 210
 3
 6 51 142
 8
 66 101 106 125 145 154 217 224
 2
 47 106
 6
 153 161 173 200 217 234
 7
 119 152 162 163 191 205 214
 4
 2 77 94 194
 3
 131 142 185
 4
 7 49 61 197
 4
 10 17 172 221
 5
 10 12 102 129 201
 4
 8 53 72 100
 8
 44 143 158 173 223 227 242 245
 7
 6 24 43 115 135 174 228
 6
 2 27 45 116 184 187
 4
 22 91 132 214
 6
 4 5 38 48 190 204
 7
 71 121 153 159 162 222 242
 8
 121 162 172 193 201 203 211 235
 8
 97 140 142 158 174 212 217 221
 5
 22 46 124 194 245
 3
 30 203 211
 7
 72 73 90 102 196 219 244
 4
 93 123 173 232
 7
 1 45 50 85 117 182 231
 4
 66 132 169 223
 7
 104 134 181 183 198 207 210
 4
 20 157 197 201
 5
 79 140 206 217 241
 4
 157 202 208 227
 5
 99 100 190 221 226
 8
 102 141 153 165 209 222 225 233
 4
 23 36 222 240
 6
 22 128 131 156 180 227
 7
 105 159 166 185 193 224 242
 4
 86 140 207 234
 3
 28 122 218
 8
 10 35 47 64 87 141 158 196
 7
 20 22 25 56 90 108 155
 4
 3 34 172 191
 4
 8 154 168 198
 5
 8 129 199 213 226
 4
 60 70 138 220
 5
 48 78 152 201 230
 5
 80 174 199 216 221
 6
 5 42 89 126 178 192
 3
 52 165 224
 7
 13 32 41 54 69 131 133
 5
 1 68 94 105 128
 10
 50 62 94 96 122 136 141 179 201 239
 6
 6 43 120 161 181 208
 3
 133 137 193
 2
 7 81
 5
 20 109 129 143 199
 3
 129 137 240
 3
 21 97 194
 4
 29 31 65 241
 6
 2 20 92 153 205 234
 6
 3 103 120 134 196 234
 4
 74 208 214 226
 6
 26 58 83 103 171 241
 5
 13 26 167 226 228
 3
 21 169 207
 7
 9 42 44 99 103 128 193
 3
 28 163 211
 8
 64 66 75 142 195 204 210 216
 12
 114 117 135 144 177 199 210 219 228 236 238 244 
 5
 29 31 62 180 205
 5
 27 52 62 151 236
 5
 11 21 25 177 232
 7
 41 61 65 84 98 151 177
 4
 82 102 128 197
 6
 41 111 137 156 170 239
 6
 70 86 132 164 176 244
 6
 24 36 42 171 174 224
 4
 148 149 220 242
 8
 141 167 173 213 218 222 233 234
 4
 9 89 157 182
 11
 16 34 65 84 90 91 106 148 173 226 233
 5
 73 124 140 191 221
 6
 64 77 154 188 202 226
 6
 41 63 101 145 186 204
 6
 3 88 89 113 159 216
 6
 30 46 84 160 227 233
 9
 6 34 35 133 175 207 212 227 228
 4
 95 128 172 184
 6
 141 187 208 219 235 236
 4
 27 115 184 217
 5
 68 109 160 184 197
 5
 4 152 178 235 243
 4
 44 132 156 222
 9
 24 49 59 123 128 155 204 220 231
 5
 41 68 186 215 228
