 400 652
 1 1 1 1 1 1 1 1 1 1 1 1 
 1 1 1 1 1 1 1 1 1 1 1 1 
 1 1 1 1 1 1 1 1 1 1 1 1 
 1 1 1 1 1 1 1 1 1 1 1 1 
 1 2 2 2 2 2 2 2 2 2 2 2 
 2 2 2 2 2 2 2 2 2 2 2 2 
 2 2 2 2 2 2 2 2 2 2 2 2 
 2 3 3 3 3 3 3 3 3 3 3 3 
 3 3 3 3 3 3 3 3 3 3 3 3 
 3 3 3 3 3 3 3 3 3 3 3 3 
 3 3 3 3 3 3 3 3 3 3 3 3 
 3 3 4 4 4 4 4 4 4 4 4 4 
 4 4 4 4 4 4 4 4 4 4 4 4 
 4 4 4 4 4 4 4 4 4 4 4 4 
 4 4 4 4 5 5 5 5 5 5 5 5 
 5 5 5 5 5 5 5 5 5 5 5 5 
 5 5 5 5 5 5 5 5 5 5 5 5 
 5 5 5 5 5 5 5 5 5 5 5 5 
 5 5 5 5 5 5 5 5 5 6 6 6 
 6 6 6 6 6 6 6 6 6 6 6 6 
 6 6 6 6 6 6 6 6 6 6 6 6 
 6 6 6 6 7 7 7 7 7 7 7 7 
 7 7 7 7 7 7 7 7 7 7 7 7 
 7 7 7 7 7 7 7 7 7 7 7 7 
 7 7 7 7 7 7 7 7 7 8 8 8 
 8 8 8 8 8 8 8 8 8 8 8 8 
 8 8 8 8 8 8 8 8 8 8 8 8 
 8 8 8 8 8 8 8 8 8 8 8 8 
 8 8 9 9 9 9 9 9 9 9 9 9 
 9 9 9 9 9 9 9 9 9 9 9 9 
 9 9 9 9 9 9 9 9 10 10 10 10 
 10 10 10 10 10 10 10 10 10 10 10 10 
 10 10 10 10 10 10 10 10 10 10 10 10 
 10 10 10 10 10 10 10 10 10 10 10 10 
 10 10 10 10 10 10 10 10 10 10 10 10 
 11 11 11 11 11 11 11 11 11 11 11 11 
 11 11 11 11 11 11 11 11 11 11 11 11 
 11 11 11 11 11 11 11 11 11 11 12 12 
 12 12 12 12 12 12 12 12 12 12 12 12 
 12 12 12 12 12 12 12 12 12 12 12 12 
 12 12 12 12 13 13 13 13 13 13 13 13 
 13 13 13 13 13 13 13 13 13 13 13 13 
 13 13 13 13 13 13 13 13 13 13 13 13 
 13 13 13 13 14 14 14 14 14 14 14 14 
 14 14 14 14 14 14 14 14 14 14 14 14 
 14 14 14 14 14 14 14 14 14 14 14 14 
 14 15 15 15 15 15 15 15 15 15 15 15 
 15 15 15 15 15 15 15 15 15 15 15 15 
 15 15 16 16 16 16 16 16 16 16 16 16 
 16 16 16 16 16 16 16 16 16 16 16 16 
 17 17 17 17 17 17 17 17 17 17 17 17 
 17 18 18 18 18 18 18 18 18 18 18 18 
 18 18 18 18 18 18 18 18 19 19 19 19 
 19 19 20 20 20 21 21 21 21 22 22 22 
 23 25 25 26 
 36
 15 34 50 51 52 62 92 96 101 105 108 142 
143 181 182 190 237 244 252 302 351 388 411 417 434 
 449 477 492 506 512 517 596 597 606 633 648
 35
 10 53 133 159 165 185 203 205 213 237 265 281 
300 307 309 320 325 343 375 395 410 415 430 489 509 
 517 518 525 563 595 602 609 628 645 649
 29
 14 19 26 60 81 91 123 143 149 207 314 317 
352 374 384 433 452 455 473 476 479 486 490 532 593 
 605 608 611 650
 37
 2 74 109 112 140 165 173 179 182 186 187 200 
225 247 294 371 384 391 400 422 437 449 500 507 509 
 518 526 527 530 553 578 596 602 631 639 642 649
 21
 27 45 76 234 288 302 323 345 351 377 388 398 
 452 456 471 493 515 517 585 604 606
 37
 12 35 96 97 98 117 119 120 148 160 164 173 
185 195 219 235 240 241 245 247 260 285 290 324 329 
 341 343 372 373 412 461 465 494 528 572 614 634
 42
 6 49 111 113 114 141 148 177 186 201 218 238 
257 264 267 271 277 289 310 319 325 326 382 383 453 
459 480 490 516 518 527 538 547 548 556 559 569 575 
 594 621 623 635
 27
 15 21 57 72 73 119 157 167 191 229 285 289 
367 381 387 432 457 469 479 488 496 583 607 634 635 
 636 640
 20
 4 39 65 150 175 271 306 323 396 400 431 455 
 459 467 500 522 540 549 559 627
 50
 5 13 25 31 40 65 73 80 85 89 94 104 
113 130 141 144 174 192 194 196 215 218 234 245 266 
275 283 284 311 319 323 346 355 368 369 375 457 475 
 486 496 500 503 539 551 583 585 586 601 633 643
 33
 18 56 61 88 121 126 141 142 155 156 158 165 
177 235 246 267 271 287 346 356 357 369 376 386 400 
 438 471 514 515 535 557 562 638
 43
 31 61 89 91 96 135 136 142 145 174 175 180 
196 230 277 281 295 296 321 323 325 353 354 356 359 
372 384 413 414 426 441 445 476 487 538 553 555 571 
 585 590 596 618 633
 37
 3 25 31 57 63 67 112 124 132 148 160 170 
184 190 191 238 303 311 333 338 339 342 351 385 415 
 452 460 499 502 509 521 543 549 569 581 582 589
 39
 33 86 126 135 141 144 156 167 177 227 233 237 
240 287 350 352 371 402 428 450 464 471 474 485 487 
514 518 520 544 545 551 565 567 571 578 601 605 617 
 646
 18
 12 35 49 92 149 174 186 203 256 309 329 374 
 418 435 443 526 601 608
 32
 3 60 76 92 107 120 125 181 184 185 197 208 
242 276 303 308 321 344 362 412 475 489 512 537 541 
 558 575 593 602 606 609 628
 37
 2 7 21 63 64 91 95 100 103 117 134 162 
175 181 227 228 240 247 261 275 287 312 333 390 395 
 457 464 480 482 539 542 549 557 562 589 622 625
 34
 86 87 91 119 153 176 193 281 291 305 314 318 
321 329 369 379 402 430 436 450 453 476 500 502 526 
 538 554 559 572 593 605 628 631 652
 31
 7 18 95 119 137 143 190 214 224 262 285 304 
343 354 357 377 423 443 447 464 471 473 501 530 531 
 550 555 564 572 631 635
 27
 88 106 151 203 232 313 315 322 352 364 383 398 
402 417 424 439 461 504 524 534 569 573 618 626 638 
 640 643
 31
 67 96 154 157 177 197 199 257 314 333 381 394 
401 406 427 457 477 481 497 505 510 523 529 590 593 
 603 618 631 638 650 652
 32
 28 87 93 125 132 166 191 256 276 278 298 322 
347 372 387 391 408 414 440 441 457 509 512 517 519 
 531 532 533 564 592 612 614
 40
 5 32 42 50 55 71 102 105 123 138 154 182 
204 234 244 272 274 293 298 303 314 345 369 414 446 
506 522 530 535 539 540 545 554 592 596 603 618 621 
 646 648
 37
 17 23 65 67 72 79 158 162 178 204 206 212 
236 238 257 261 280 287 298 307 351 364 370 378 405 
 416 471 493 498 530 532 537 554 561 579 619 648
 33
 48 65 68 149 174 183 226 233 244 255 258 270 
276 278 300 318 370 431 460 478 480 489 495 498 499 
 540 556 590 612 613 614 616 618
 38
 3 5 27 36 61 107 113 188 209 267 284 301 
308 319 321 331 373 379 402 433 438 450 461 484 492 
521 537 543 544 545 548 558 571 573 582 591 633 650 
 45
 45 88 107 109 122 164 171 189 204 209 218 226 
238 242 281 282 286 293 298 334 336 339 346 349 353 
354 357 370 380 446 481 498 507 550 557 560 568 588 
 594 601 602 608 620 639 650
 34
 6 16 57 59 66 82 99 103 116 140 155 166 
181 247 248 275 276 363 371 380 384 403 421 475 484 
 509 521 527 560 572 586 617 625 643
 42
 23 36 43 58 59 71 88 95 122 139 158 189 
227 238 262 264 269 270 318 320 330 333 340 348 382 
402 409 423 435 437 473 485 486 496 536 548 560 563 
 584 621 625 649
 35
 7 38 60 67 90 108 116 178 185 186 203 217 
234 246 258 275 277 285 301 338 352 354 381 432 442 
 449 455 508 517 518 580 585 601 605 629
 26
 22 24 50 121 130 180 259 331 343 344 381 384 
465 476 496 503 511 538 544 562 574 590 592 618 626 
 649
 32
 3 32 43 46 51 57 64 106 177 178 181 199 
212 268 300 309 315 329 387 395 401 405 433 463 465 
 473 498 567 577 578 581 616
 30
 2 4 55 63 67 93 173 180 194 203 212 245 
267 289 300 330 332 358 376 379 382 428 458 480 546 
 563 614 627 633 639
 44
 7 12 27 36 42 43 61 158 161 162 178 190 
193 196 201 205 231 241 257 263 277 302 326 338 341 
342 344 390 392 403 412 414 425 436 442 451 472 486 
 505 537 561 633 644 652
 36
 49 60 64 83 109 113 124 135 144 151 157 206 
232 236 243 255 269 276 302 310 355 374 375 393 424 
 469 491 502 503 542 584 588 597 612 636 637
 37
 13 105 122 165 174 176 200 228 233 276 306 333 
337 340 352 378 379 381 385 387 400 418 440 489 498 
 499 501 516 524 533 554 597 611 613 617 639 640
 35
 25 29 53 81 93 102 111 127 215 233 246 257 
285 305 313 341 378 383 406 407 422 426 458 487 496 
 497 502 514 515 517 561 568 579 588 643
 36
 1 21 40 55 56 75 99 105 110 122 124 166 
174 176 185 248 302 303 311 313 369 379 423 429 446 
 470 486 509 519 530 579 590 593 609 631 640
 37
 2 25 26 46 97 98 135 159 161 203 215 231 
238 242 244 279 285 306 313 365 366 377 407 428 450 
 467 476 504 521 529 533 538 556 561 564 629 646
 28
 1 81 95 115 132 150 272 284 288 290 295 336 
346 364 376 388 400 403 474 487 489 526 550 571 574 
 587 593 646
 35
 36 47 64 98 114 125 135 148 175 177 215 230 
242 314 315 320 340 371 374 385 407 412 434 436 461 
 465 469 472 513 515 521 534 536 610 621
 24
 27 38 51 64 88 108 119 181 208 220 235 301 
 387 467 469 479 490 545 554 557 614 627 633 636
 31
 6 8 43 76 85 99 106 138 197 206 244 269 
300 310 329 344 364 376 378 424 444 457 467 522 524 
 533 542 574 583 595 648
 37
 1 12 31 47 50 56 89 106 117 172 175 196 
219 224 241 253 262 265 332 341 367 376 380 386 404 
 413 423 507 557 568 585 599 601 602 618 619 645
 23
 2 4 5 25 67 83 105 176 228 229 246 271 
 275 290 322 332 378 406 422 447 493 599 625
 39
 24 47 89 90 97 99 144 157 160 183 229 258 
259 299 308 337 361 371 372 395 396 397 400 432 458 
473 476 486 502 505 532 542 548 578 590 592 601 646 
 648
 36
 16 77 89 92 95 109 111 127 135 145 152 174 
226 262 264 268 270 272 282 291 320 333 361 407 426 
 485 515 551 555 580 606 609 611 640 642 650
 37
 8 28 39 91 105 112 145 159 173 191 199 203 
223 235 237 263 264 290 350 357 373 418 427 429 493 
 509 510 519 534 538 580 583 596 598 600 617 631
 28
 6 58 65 83 175 226 272 277 315 318 346 350 
387 444 482 484 515 536 566 568 581 601 611 616 621 
 636 645 649
 27
 13 43 70 107 134 152 163 179 197 245 259 264 
381 386 422 424 461 469 487 488 490 502 521 537 569 
 610 651
 27
 54 118 164 185 189 201 220 340 345 351 387 392 
393 394 406 422 455 468 477 491 493 568 617 633 642 
 644 649
 39
 11 24 34 40 51 76 98 131 133 134 142 175 
234 245 253 262 280 295 308 332 391 401 404 435 443 
467 495 500 510 511 525 531 534 536 548 591 606 624 
 638
 29
 23 45 68 136 152 154 227 237 277 304 343 344 
346 357 421 440 447 465 478 496 536 538 554 587 601 
 612 630 637 645
 34
 1 25 34 50 80 93 131 138 187 241 251 256 
304 340 346 351 360 381 388 397 405 425 426 454 462 
 482 488 510 559 588 617 635 642 652
 48
 15 17 60 90 114 116 128 131 155 170 173 189 
209 241 249 258 260 263 270 279 292 311 316 318 323 
331 355 367 373 393 396 424 430 457 462 468 485 516 
 523 540 541 545 564 592 602 604 628 634
 41
 4 25 33 36 58 73 88 107 138 148 169 209 
217 231 273 294 302 303 307 316 342 343 349 365 376 
381 389 408 440 441 484 521 528 540 543 544 554 573 
 584 609 620
 27
 1 41 87 90 107 130 135 182 211 220 226 229 
255 284 306 321 339 352 411 421 439 447 470 523 529 
 544 622
 40
 47 54 98 126 146 176 193 201 214 250 258 286 
303 304 317 327 329 330 338 340 350 380 438 446 449 
482 488 509 519 556 557 561 563 570 588 597 605 626 
 648 649
 34
 12 22 35 57 102 108 111 116 150 156 201 203 
208 210 292 337 365 372 375 424 435 446 492 507 514 
 519 533 541 556 594 629 630 647 651
 34
 4 37 41 65 73 81 103 128 143 151 170 177 
180 224 228 246 263 285 298 309 315 344 382 422 445 
 483 504 512 525 551 552 596 604 611
 34
 3 9 40 49 53 99 120 131 183 219 224 226 
229 231 236 238 289 296 303 355 397 400 424 433 434 
 479 501 506 507 517 530 562 596 633
 36
 3 20 91 105 134 138 143 205 207 215 226 237 
257 325 330 341 363 365 406 433 435 457 463 486 490 
 495 499 501 547 558 563 578 611 639 640 650
 32
 22 36 44 45 50 57 66 72 74 95 103 122 
128 146 154 184 204 208 233 244 279 288 344 347 370 
 431 441 457 466 523 529 636
 34
 3 19 78 84 87 88 108 109 116 150 200 232 
268 275 279 286 314 315 322 341 374 388 410 450 497 
 509 540 556 559 613 617 623 640 649
 33
 2 6 10 16 55 57 60 91 136 149 173 175 
176 213 235 237 264 271 325 332 346 356 358 371 392 
 395 421 439 466 562 591 621 635
 36
 9 11 41 86 88 89 118 150 152 155 156 158 
164 228 261 267 288 327 363 369 371 376 409 411 422 
 477 501 525 531 539 560 607 628 642 647 648
 38
 5 7 20 51 55 57 59 75 87 91 132 143 
155 160 162 181 190 236 238 308 310 320 396 405 420 
455 471 489 498 499 502 506 528 555 558 623 634 646 
 38
 6 20 31 80 82 105 108 127 141 154 186 195 
197 200 249 268 278 302 352 366 371 384 394 427 482 
486 497 534 542 564 566 581 600 615 620 622 627 633 
 42
 1 15 98 157 169 180 193 212 213 233 235 236 
245 281 286 294 297 303 304 322 346 347 353 354 368 
378 388 397 420 490 501 511 524 543 545 564 575 593 
 601 610 633 644
 29
 10 25 26 53 107 144 146 158 160 168 209 214 
261 292 294 310 340 366 393 424 470 486 523 554 555 
 563 610 640 652
 27
 1 135 137 161 188 204 235 240 257 277 299 308 
320 427 447 472 486 489 533 558 562 570 576 595 621 
 642 648
 43
 28 63 70 73 79 86 90 101 120 129 137 140 
174 177 178 183 193 250 273 275 311 346 377 384 385 
396 409 454 466 475 477 478 479 490 493 496 512 532 
 570 584 603 614 627
 33
 1 24 29 58 67 89 120 121 156 161 187 209 
216 247 249 258 322 340 344 352 375 385 411 456 540 
 547 576 592 595 605 612 628 640
 32
 42 55 61 73 123 152 159 197 213 234 287 291 
299 302 314 317 327 342 352 353 377 426 454 459 482 
 497 501 578 580 585 588 629
 24
 6 26 65 94 100 130 162 178 266 299 305 316 
 340 363 367 379 433 449 458 472 478 494 496 556
 23
 2 11 75 153 154 165 245 257 261 294 304 320 
 354 399 437 444 450 474 490 537 560 594 617
 31
 16 30 86 107 140 152 163 167 183 246 247 258 
264 270 314 315 343 369 375 391 463 485 498 549 573 
 590 593 596 628 632 637
 34
 13 23 27 90 101 110 124 141 243 256 341 350 
354 356 372 393 396 409 441 472 485 494 498 517 547 
 581 584 601 609 614 619 630 642 646
 30
 5 30 39 101 115 130 189 246 248 270 286 287 
307 335 358 394 423 437 458 462 468 505 512 517 522 
 561 602 619 631 649
 39
 9 60 72 112 126 156 159 176 182 183 212 288 
349 352 391 400 430 458 460 461 462 463 471 507 518 
532 534 536 539 544 588 591 592 594 603 617 636 644 
 650
 35
 6 10 48 56 59 83 88 173 184 189 220 224 
230 232 245 247 277 283 284 305 331 356 358 438 462 
 468 470 483 524 591 592 619 620 636 648
 32
 23 70 88 95 108 119 150 205 213 218 281 287 
302 321 329 372 388 411 417 445 458 464 477 478 491 
 527 558 571 592 606 635 651
 35
 4 5 44 50 84 88 121 138 139 142 251 258 
298 301 319 374 390 417 462 464 488 489 502 522 532 
 546 556 563 566 583 599 603 609 629 649
 38
 20 66 75 79 80 87 97 107 121 142 149 166 
173 174 176 218 246 249 254 259 266 282 286 313 322 
398 407 408 460 477 537 554 574 576 589 609 612 640 
 27
 26 53 85 96 100 109 117 183 184 223 264 278 
303 312 350 408 425 524 543 549 558 573 588 591 620 
 626 651
 28
 4 6 35 51 68 137 159 169 189 251 303 307 
316 321 332 347 414 441 448 460 462 463 480 512 541 
 617 623 644
 36
 7 59 66 82 84 98 188 196 205 215 251 258 
268 271 319 352 353 356 383 405 413 447 457 463 471 
 480 492 523 570 575 580 592 598 609 615 642
 33
 67 70 153 185 261 273 281 292 295 302 338 368 
382 394 398 399 408 458 465 476 503 508 514 523 538 
 559 574 613 622 624 642 645 649
 29
 22 23 70 147 154 159 194 246 249 253 305 348 
349 353 354 371 375 387 436 479 490 503 535 542 555 
 623 631 642 646
 37
 1 8 20 38 54 80 92 123 148 156 162 196 
214 226 234 251 261 265 291 315 340 361 364 385 394 
 403 408 443 457 492 532 550 565 594 608 633 652
 29
 14 38 57 94 103 129 160 163 219 293 300 316 
323 352 354 362 399 400 401 423 458 459 465 486 494 
 506 572 577 641
 27
 31 41 58 70 71 79 89 116 154 202 206 226 
236 238 309 319 330 334 341 343 393 440 488 580 585 
 632 643
 30
 8 12 29 58 78 81 82 93 94 103 122 173 
175 187 329 361 409 423 431 441 475 488 489 541 545 
 560 601 606 623 643
 27
 30 39 64 158 180 183 195 218 256 260 301 315 
316 339 377 391 421 474 481 492 522 523 544 572 594 
 625 646
 27
 1 62 68 86 90 101 152 153 166 178 181 191 
193 221 255 287 355 384 399 411 421 496 561 572 620 
 628 649
 38
 34 37 56 96 110 121 124 166 169 171 175 211 
231 240 274 346 379 392 397 422 443 448 455 486 488 
502 535 541 542 546 554 569 587 589 619 626 636 641 
 40
 5 22 24 26 38 51 95 99 100 106 167 183 
187 193 197 203 207 211 219 228 257 265 359 376 422 
466 476 477 503 526 535 542 543 561 566 575 593 597 
 601 607
 28
 19 46 57 62 128 182 245 282 309 319 341 369 
381 400 422 444 459 470 504 522 534 548 573 589 598 
 632 642 643
 35
 8 13 54 91 96 101 123 127 144 153 158 161 
174 211 214 257 370 375 389 454 479 487 506 515 527 
 545 546 557 572 601 604 622 633 646 648
 40
 3 5 38 84 107 131 154 156 160 175 181 207 
212 235 243 250 259 267 278 305 322 352 402 414 422 
430 435 436 440 456 467 468 491 495 526 554 571 572 
 580 604
 33
 4 10 32 69 86 102 111 127 131 148 165 179 
198 222 246 248 272 276 297 327 374 406 409 427 434 
 493 505 509 562 574 582 583 612
 25
 2 10 101 110 115 118 139 218 259 293 299 321 
324 332 334 354 378 418 451 499 525 570 574 601 603 
 31
 1 8 13 76 91 98 110 149 173 194 206 211 
214 220 246 265 266 296 357 401 428 524 525 571 604 
 611 616 625 638 640 651
 24
 4 7 23 91 135 139 216 232 239 249 250 251 
 259 366 427 437 459 461 580 608 613 615 623 642
 40
 14 60 74 87 108 143 155 201 236 243 244 250 
255 298 314 315 344 411 422 426 427 442 455 461 470 
475 490 494 501 511 531 533 580 587 592 600 625 626 
 631 649
 36
 34 73 80 96 129 148 153 168 170 175 176 186 
195 228 251 274 284 287 326 339 352 356 360 361 362 
 365 376 405 415 439 492 524 570 615 626 639
 34
 51 55 61 68 78 79 91 108 115 186 216 316 
345 348 380 383 386 396 420 437 496 499 505 509 516 
 521 531 551 557 559 587 595 639 643
 39
 30 42 50 59 62 69 80 92 103 114 139 160 
175 220 253 289 308 344 357 374 391 397 402 423 440 
445 450 471 503 504 513 514 524 525 526 538 548 586 
 650
 29
 67 68 93 115 134 201 205 221 231 272 283 313 
321 334 344 357 401 419 425 430 434 464 485 519 566 
 573 589 635 646
 21
 11 16 59 185 198 205 230 251 272 340 394 398 
 418 434 447 492 521 576 580 600 641
 26
 35 38 127 136 150 174 180 181 184 202 204 217 
241 263 282 305 316 323 330 342 370 412 467 471 509 
 569
 39
 4 5 13 31 34 37 53 79 107 112 122 133 
137 138 143 157 172 189 195 242 247 249 272 348 370 
376 406 424 427 438 463 464 520 525 537 549 559 638 
 652
 23
 47 63 92 94 118 142 181 183 216 269 305 315 
 422 435 450 463 536 541 556 560 604 620 647
 32
 2 29 36 54 59 90 96 101 112 204 209 221 
248 272 288 321 340 364 373 386 403 426 457 497 530 
 556 566 569 609 615 619 650
 33
 16 47 112 168 184 193 200 225 228 232 242 250 
345 354 360 371 373 388 390 413 428 435 441 465 499 
 518 523 555 564 568 609 612 631
 36
 7 14 71 80 86 94 103 105 116 127 152 153 
159 174 186 197 237 253 259 262 272 286 296 334 341 
 347 360 362 376 421 442 499 516 521 525 558
 35
 12 13 21 33 45 48 68 72 83 87 90 130 
143 150 163 239 244 289 301 321 339 341 350 367 462 
 470 477 516 525 539 561 577 616 624 649
 36
 32 63 66 72 136 160 177 221 226 227 290 291 
307 336 365 382 387 410 423 430 445 448 453 466 478 
 487 493 503 553 555 584 586 595 608 614 642
 37
 9 55 57 68 69 117 119 143 211 222 231 263 
319 322 355 399 404 421 425 452 478 479 485 510 527 
 536 547 550 554 594 598 606 610 621 633 646 650
 43
 24 33 39 41 51 53 103 117 118 202 217 234 
259 265 273 276 296 301 352 354 364 371 381 390 423 
436 441 452 457 473 494 508 529 532 552 556 585 586 
 595 598 604 619 629
 33
 7 10 25 27 43 66 89 90 95 97 116 140 
159 172 191 211 222 241 331 364 375 412 445 458 465 
 469 481 513 580 590 593 600 602
 34
 7 17 21 52 63 77 93 102 132 135 136 147 
154 161 231 260 372 398 413 438 439 455 457 464 500 
 545 549 552 563 587 620 629 636 651
 37
 5 20 21 24 35 75 77 80 87 138 165 169 
212 247 307 326 327 332 339 356 367 379 380 389 394 
 460 486 496 523 528 538 575 586 587 601 636 643
 30
 1 3 15 41 90 91 93 105 106 126 163 164 
166 184 195 235 242 252 280 306 340 359 404 421 496 
 504 506 602 614 640
 40
 5 15 23 33 55 90 126 148 198 202 236 248 
257 278 292 297 303 308 328 340 348 360 375 438 456 
479 500 529 547 552 556 569 576 577 578 615 633 642 
 650 651
 30
 5 11 22 27 50 90 117 130 182 201 235 286 
288 329 339 347 376 404 409 444 456 477 494 495 534 
 541 555 557 584 587
 43
 35 58 68 75 101 107 113 122 142 149 167 168 
174 190 217 219 223 227 232 253 254 267 299 339 353 
358 408 443 448 451 458 493 500 533 547 565 575 579 
 598 610 624 633 640
 41
 11 75 85 89 93 116 124 127 137 142 146 149 
151 158 212 226 250 304 315 373 376 384 398 407 436 
450 457 458 473 491 498 541 579 580 602 604 605 608 
 632 640 644
 24
 20 69 77 131 209 213 249 303 304 335 342 385 
 390 430 457 513 520 526 529 539 551 555 587 647
 38
 13 22 63 82 85 105 122 152 156 193 200 205 
235 236 261 274 297 301 353 381 382 389 395 408 412 
417 493 510 512 516 544 566 587 599 607 613 617 645 
 41
 9 15 18 56 74 80 86 128 149 158 162 206 
215 220 226 257 266 280 319 355 363 364 396 429 460 
467 500 501 502 511 533 546 576 579 598 603 609 615 
 616 622 649
 29
 30 37 90 91 115 151 160 171 177 199 205 239 
325 341 344 408 432 442 469 523 531 534 539 559 561 
 589 601 604 644
 32
 12 33 52 55 68 103 156 178 179 186 187 232 
299 358 364 371 375 382 416 435 447 452 470 521 522 
 533 553 573 578 580 582 618
 27
 2 4 64 72 92 96 97 118 144 199 242 325 
344 355 369 373 393 430 467 483 499 504 544 555 619 
 623 650
 37
 6 18 50 60 75 86 87 97 129 139 145 148 
245 249 275 276 302 336 348 350 386 397 459 495 532 
 542 555 557 571 576 580 593 599 632 634 646 647
 48
 5 12 19 22 50 59 64 73 79 93 124 132 
176 188 192 201 218 251 253 268 276 279 301 316 324 
325 335 363 398 405 421 428 429 446 456 464 471 508 
 518 519 528 541 550 559 604 617 629 634
 41
 8 34 36 37 47 52 64 86 145 155 176 179 
185 212 220 242 275 300 320 333 348 349 373 393 412 
415 424 428 443 449 467 521 540 570 574 578 603 606 
 617 633 647
 35
 17 26 33 56 63 84 100 152 184 186 207 224 
228 229 232 292 315 317 326 337 358 372 392 468 479 
 486 494 514 537 568 582 615 625 644 645
 36
 19 40 44 49 68 85 88 112 120 146 231 263 
273 281 298 308 349 387 419 421 422 444 455 456 459 
 473 489 491 493 507 535 539 540 566 593 637
 31
 3 40 43 61 66 77 106 121 139 172 198 217 
227 237 254 274 288 300 320 324 336 349 361 386 404 
 419 508 567 573 614 629
 37
 14 40 76 78 122 128 151 162 207 226 230 247 
258 263 266 291 295 305 328 342 343 361 402 424 436 
 466 496 527 538 563 580 585 603 621 630 637 642
 31
 7 15 25 46 63 72 124 131 137 154 155 180 
230 300 318 320 324 328 340 347 424 438 446 462 567 
 578 590 599 608 618 652
 32
 77 89 93 136 147 163 166 208 247 261 264 269 
290 310 362 375 390 404 411 429 432 546 547 554 555 
 557 558 562 602 620 623 652
 29
 10 14 25 88 94 129 137 148 236 243 252 260 
272 284 308 311 341 383 389 438 452 465 488 528 535 
 555 642 646 647
 31
 18 20 63 112 133 157 180 188 189 190 229 291 
299 312 318 339 425 428 431 471 532 541 553 556 566 
 591 602 605 639 648 652
 38
 30 31 38 61 77 82 119 148 218 225 228 262 
264 300 308 324 344 345 347 348 375 390 424 439 446 
451 456 483 496 497 531 560 563 580 587 624 640 649 
 32
 15 18 50 56 65 76 97 100 102 118 126 141 
152 157 192 207 213 258 299 301 313 315 342 516 554 
 559 562 578 586 599 621 629
 31
 7 35 50 51 58 86 87 95 139 144 145 153 
157 231 235 298 301 311 314 361 377 402 449 486 503 
 510 525 534 569 577 647
 30
 66 91 92 114 125 140 142 165 204 259 260 261 
374 399 434 445 487 524 550 558 564 571 591 603 607 
 615 625 629 647 651
 29
 6 19 43 87 94 111 117 119 129 162 182 267 
307 369 392 395 465 473 497 507 522 523 583 585 589 
 590 601 619 641
 31
 25 54 58 91 103 200 221 237 273 283 304 315 
331 345 384 486 494 540 566 581 582 583 585 595 615 
 624 636 642 643 644 651
 27
 4 59 114 177 226 234 261 269 286 303 330 342 
362 378 412 466 524 541 544 545 547 560 569 574 600 
 615 651
 38
 89 118 128 175 183 191 195 229 230 244 245 279 
306 315 345 346 351 372 386 414 436 438 451 468 474 
484 520 524 530 549 603 612 622 634 640 641 651 652 
 30
 39 101 111 112 221 230 236 255 259 294 309 314 
324 355 405 425 457 459 485 492 508 528 542 561 571 
 593 605 618 622 645
 32
 3 62 67 77 90 104 136 151 196 235 311 353 
369 370 427 431 435 448 450 453 459 486 492 503 504 
 535 542 574 583 635 649 650
 39
 22 42 50 57 91 92 102 193 197 202 241 259 
317 356 361 374 375 376 377 436 452 468 486 517 534 
539 543 573 576 577 581 601 603 613 615 616 621 624 
 626
 29
 15 21 103 117 143 144 151 175 176 181 198 229 
271 292 302 310 317 318 327 357 371 395 459 466 504 
 528 554 581 603
 32
 2 6 25 28 29 32 45 56 61 69 115 132 
162 197 200 224 233 252 259 301 307 317 343 372 397 
 413 416 447 462 472 490 604
 46
 1 12 14 25 52 55 101 105 111 134 143 150 
161 176 190 194 210 226 238 248 250 259 276 280 311 
312 313 317 318 336 367 370 377 430 433 451 453 455 
 508 514 527 528 582 607 623 648
 36
 2 11 53 61 62 70 74 104 126 135 172 230 
236 266 277 279 297 317 380 392 397 431 440 459 461 
 464 467 475 504 529 551 571 594 607 614 647
 31
 14 42 54 107 112 114 118 136 227 244 250 261 
291 296 326 335 354 366 419 426 484 486 504 546 559 
 565 583 591 598 607 639
 44
 37 59 60 82 94 97 125 141 146 153 187 199 
203 224 237 239 242 254 273 274 278 324 351 382 395 
403 410 415 435 460 463 464 468 477 478 495 521 528 
 547 576 602 604 624 641
 24
 1 14 47 50 56 71 99 178 183 217 234 336 
 347 351 381 435 470 489 505 536 615 627 641 642
 34
 42 69 98 132 137 138 146 154 186 200 202 215 
241 242 248 254 298 311 342 359 419 453 462 490 493 
 500 522 544 557 558 571 578 602 616
 37
 15 37 51 100 176 184 185 207 228 243 256 270 
280 281 282 298 310 311 342 371 385 401 422 423 432 
 436 444 455 474 502 517 529 577 579 607 624 649
 34
 15 19 65 72 104 109 123 150 168 180 184 189 
194 228 234 236 282 332 339 358 361 391 392 421 434 
 469 497 504 535 599 603 620 637 646
 29
 25 64 91 96 140 186 195 211 263 264 281 290 
325 335 371 383 395 464 481 491 501 583 591 599 616 
 628 646 647 650
 18
 11 33 98 99 118 174 199 210 292 293 325 433 
 461 515 537 586 590 640
 40
 22 32 50 52 54 65 93 102 112 137 139 148 
151 164 211 213 226 246 278 303 305 314 319 323 346 
359 371 373 384 455 474 491 567 584 607 610 615 624 
 643 645
 29
 68 78 114 133 188 227 230 233 356 362 379 385 
396 418 421 439 456 464 520 529 554 560 562 563 589 
 613 625 627 646
 26
 7 41 50 52 69 78 106 112 199 207 238 307 
331 349 390 392 421 448 455 462 466 498 530 584 617 
 651
 39
 10 28 32 47 102 105 117 129 146 165 173 183 
188 257 264 267 270 327 339 389 401 407 458 459 465 
479 482 495 497 527 529 544 579 588 591 611 614 621 
 644
 39
 61 84 110 119 156 167 179 198 263 280 284 300 
303 317 357 375 390 420 428 437 439 440 460 533 543 
550 564 578 587 589 596 600 629 632 644 646 648 651 
 652
 34
 3 14 33 54 62 101 110 147 181 185 210 215 
276 285 336 370 404 409 412 440 463 470 476 496 497 
 512 524 559 568 581 592 619 638 640
 26
 2 12 13 89 92 112 135 141 145 166 193 218 
251 342 353 384 446 461 498 529 576 581 604 607 618 
 622
 38
 1 5 40 84 85 86 94 96 102 116 150 155 
157 175 196 205 227 254 262 271 301 313 386 402 428 
433 436 457 475 486 504 540 548 549 565 579 602 604 
 36
 7 30 44 50 55 60 69 79 97 160 232 240 
246 255 268 288 292 302 360 363 392 404 421 429 451 
 462 465 497 509 539 555 567 575 586 598 599
 29
 3 29 33 84 87 93 138 140 150 156 158 161 
185 190 210 233 257 259 267 283 309 358 391 459 476 
 608 620 624 643
 32
 5 41 71 93 100 135 149 152 172 237 289 311 
327 328 369 371 391 393 421 437 442 497 503 515 533 
 541 542 571 577 587 631 634
 33
 7 14 25 28 54 73 155 163 170 178 183 185 
214 216 234 312 317 363 392 432 449 456 470 520 538 
 540 545 548 575 618 625 631 645
 26
 9 49 57 73 75 147 233 243 267 276 301 320 
326 347 367 371 375 385 415 490 508 532 543 589 600 
 647
 50
 17 21 26 33 53 59 64 69 94 104 115 117 
145 149 168 184 221 222 227 230 232 252 290 309 312 
325 339 340 349 350 395 402 425 476 483 488 495 497 
 498 527 539 546 547 548 565 568 579 611 614 632
 37
 10 21 83 91 92 127 139 160 196 199 210 240 
256 274 285 295 297 325 339 346 347 397 420 421 422 
 428 441 443 529 543 556 560 564 567 586 632 633
 23
 27 53 81 128 150 161 313 318 336 338 367 417 
 425 470 505 530 548 582 590 620 621 628 651
 41
 6 7 34 41 65 72 73 92 117 130 139 148 
158 159 171 173 180 206 216 229 243 265 282 310 339 
369 372 375 386 397 412 461 483 508 532 554 571 590 
 591 629 638
 30
 1 8 20 35 49 54 104 105 208 248 258 373 
380 389 397 417 421 445 454 483 503 572 588 590 593 
 594 596 640 646 648
 43
 30 61 94 114 151 157 182 192 198 210 225 243 
327 345 346 350 353 362 367 382 385 388 431 450 454 
484 485 487 491 493 499 507 544 567 572 579 584 590 
 607 612 626 644 649
 22
 2 65 147 167 210 227 231 240 279 290 293 300 
 308 327 360 390 399 474 524 579 640 647
 26
 1 14 22 52 65 101 105 183 200 232 266 268 
301 309 404 407 433 440 486 498 503 530 531 536 550 
 552
 35
 11 39 51 56 147 155 173 177 184 223 247 255 
298 302 312 344 372 373 386 390 415 470 484 510 514 
 521 546 551 575 579 585 594 630 631 639
 33
 4 27 31 32 58 64 149 153 174 181 184 188 
190 191 196 228 238 244 265 300 328 355 414 429 505 
 523 532 556 587 592 636 650 652
 34
 54 78 79 111 154 181 191 220 223 251 269 280 
299 341 346 347 359 377 433 437 441 470 474 478 498 
 508 509 540 559 578 593 619 647 648
 40
 3 8 32 36 37 38 90 91 130 144 162 178 
179 191 195 228 239 269 342 360 372 375 389 402 447 
460 472 487 511 513 536 548 555 565 607 608 623 625 
 634 639
 33
 1 12 128 132 135 148 153 170 185 187 199 226 
242 244 275 282 306 308 345 380 395 407 412 414 438 
 453 514 559 564 586 589 605 634
 36
 11 58 62 76 82 87 101 124 142 214 262 268 
314 340 363 393 403 426 445 464 488 495 528 559 562 
 577 582 588 589 594 600 606 617 623 636 648
 27
 14 42 48 97 114 115 125 147 230 249 286 295 
310 331 343 351 363 376 418 448 463 508 516 554 568 
 627 637
 36
 5 29 41 61 84 106 121 125 137 146 150 175 
189 192 209 230 265 302 313 316 321 383 422 434 476 
 481 486 506 553 568 575 579 598 601 639 645
 43
 5 18 40 52 53 74 88 110 149 176 209 218 
252 258 272 274 299 304 306 310 338 341 352 358 362 
377 380 410 438 506 516 523 530 535 545 557 559 560 
 602 610 613 620 636
 27
 9 53 61 73 75 80 115 116 175 179 265 290 
296 300 302 349 409 421 422 445 487 488 490 539 552 
 595 651
 30
 15 17 48 49 57 79 94 108 137 235 256 320 
337 365 386 405 406 458 459 461 466 508 526 547 551 
 556 562 576 583 634
 36
 5 23 38 51 55 85 88 92 109 128 147 157 
164 173 193 211 233 235 257 262 268 274 298 300 308 
 339 349 372 416 441 448 491 586 595 610 615
 43
 20 30 50 53 55 58 67 68 81 86 90 94 
108 137 143 144 145 159 186 209 226 231 236 280 302 
303 306 307 311 322 337 341 344 423 425 485 519 523 
 553 592 594 602 617
 28
 19 21 39 42 90 213 231 245 252 264 331 340 
348 376 412 420 426 459 460 473 480 484 497 500 516 
 532 595 601
 33
 33 70 73 101 141 161 211 257 262 266 269 311 
312 348 360 366 382 394 398 400 427 451 463 494 498 
 570 574 575 609 632 634 640 646
 31
 3 4 61 62 71 119 149 180 227 228 325 338 
359 407 411 425 451 505 512 521 566 567 580 583 594 
 605 622 623 624 625 627
 35
 6 20 47 64 76 114 117 120 123 147 181 211 
227 228 244 271 290 305 308 335 341 359 368 370 468 
 505 549 556 565 580 581 616 617 626 643
 28
 5 11 29 53 93 103 118 208 211 260 273 274 
285 301 385 389 404 439 475 506 512 522 526 537 567 
 571 574 597
 33
 24 36 46 57 59 68 98 110 113 119 182 205 
267 349 357 379 383 398 424 469 512 523 530 537 581 
 591 596 599 601 602 638 646 652
 36
 66 100 152 153 161 176 179 186 194 233 239 255 
296 312 347 362 369 393 430 447 467 477 480 481 518 
 527 531 538 542 552 575 579 582 636 637 645
 29
 3 22 27 65 109 141 146 239 252 272 277 296 
298 301 312 350 361 363 373 422 423 442 444 467 491 
 514 596 622 646
 26
 20 70 72 95 103 113 141 162 174 185 201 219 
259 293 294 355 358 465 560 583 590 610 628 630 634 
 652
 23
 28 66 87 96 99 136 212 236 241 260 293 335 
 350 373 420 428 489 499 536 560 567 599 631
 38
 16 20 34 54 65 82 83 100 163 182 194 200 
215 224 233 262 273 276 288 326 335 356 357 360 369 
377 407 416 483 493 504 560 563 600 614 617 644 648 
 35
 42 54 104 130 206 241 246 248 261 271 273 277 
290 292 350 351 363 370 372 383 388 408 415 420 426 
 471 528 540 554 576 581 582 603 609 632
 36
 5 63 69 70 84 86 99 134 145 151 166 168 
170 178 204 228 230 242 280 398 421 428 454 481 503 
 518 521 526 544 557 561 564 584 603 637 638
 45
 32 90 113 154 160 174 210 232 233 234 257 270 
275 297 327 332 351 359 365 373 381 394 401 424 436 
443 456 472 477 481 494 496 501 507 522 542 546 565 
 577 579 587 597 602 603 647
 28
 15 16 29 39 51 73 89 99 143 198 226 239 
262 340 349 353 374 377 399 534 537 542 550 551 558 
 594 602 622
 25
 19 23 31 32 44 56 60 104 114 116 144 193 
222 261 369 377 380 452 513 523 569 584 587 588 639 
 39
 2 8 13 21 31 35 76 136 166 173 220 226 
232 238 243 269 270 283 285 310 345 350 361 365 377 
444 463 466 476 488 534 554 567 568 572 603 636 645 
 651
 39
 20 54 60 100 102 115 146 159 164 215 229 237 
238 249 253 278 287 310 331 337 342 385 406 421 427 
440 455 458 465 473 491 494 510 512 532 533 580 587 
 632
 46
 12 14 40 72 87 97 99 136 141 151 167 180 
198 228 275 285 286 292 299 303 316 318 339 349 353 
357 381 392 406 414 418 425 443 458 464 468 469 473 
 499 508 564 565 575 579 612 638
 36
 76 89 92 100 124 136 139 194 229 232 251 263 
277 284 306 321 357 423 455 490 510 512 514 516 520 
 552 553 572 574 588 596 600 610 613 628 642
 33
 41 46 62 133 136 146 159 179 191 206 221 222 
267 268 295 304 348 367 374 387 431 489 503 504 510 
 511 522 535 563 568 571 606 609
 29
 99 162 210 227 229 241 260 324 356 370 421 435 
440 450 485 500 555 570 579 583 606 608 612 622 626 
 627 633 638 649
 31
 6 24 72 82 97 98 133 138 147 216 226 240 
299 345 354 355 361 383 388 431 445 473 485 487 491 
 526 531 536 539 598 635
 45
 2 11 73 78 81 88 131 137 138 139 154 173 
177 190 197 207 219 253 297 298 304 312 326 341 372 
391 435 448 457 475 476 479 482 496 500 540 543 560 
 578 579 625 626 634 647 648
 36
 44 53 87 95 113 132 136 153 175 191 216 250 
260 261 284 342 353 365 374 379 382 383 397 436 440 
 446 461 469 477 481 484 540 561 581 585 639
 34
 15 50 64 67 92 94 126 133 188 205 219 272 
301 313 315 322 348 352 369 379 395 417 419 463 467 
 485 502 511 554 600 605 616 632 650
 37
 18 51 56 100 121 132 164 177 187 188 198 202 
243 258 271 303 304 320 332 345 352 356 361 377 379 
 398 399 441 449 455 461 486 499 531 570 581 595
 40
 4 37 71 86 91 101 115 119 137 143 150 163 
176 203 257 264 291 318 334 336 342 370 375 378 380 
393 396 403 411 429 439 486 495 511 527 528 529 615 
 625 643
 30
 15 20 62 65 87 90 100 115 123 142 155 179 
183 218 237 269 274 282 286 300 322 401 441 454 473 
 487 496 553 554 626
 35
 16 36 75 94 102 111 120 124 247 250 273 335 
350 366 368 404 431 441 461 480 488 489 492 518 532 
 541 558 564 566 568 594 605 628 646 647
 32
 17 18 74 117 121 161 168 170 182 243 298 305 
343 352 357 368 424 437 455 474 505 535 572 579 608 
 615 616 622 634 635 643 647
 30
 11 23 40 45 51 94 111 112 116 122 124 279 
303 349 369 385 390 428 453 470 475 482 513 522 539 
 555 588 598 603 619
 37
 4 9 23 39 56 61 70 71 72 79 174 224 
232 245 263 269 270 278 307 316 339 362 365 391 419 
 429 442 451 468 479 490 521 523 558 577 631 635
 19
 19 36 110 140 316 353 373 451 468 506 518 528 
 538 563 574 585 617 623 627
 31
 14 33 102 108 117 131 145 173 192 197 230 257 
294 298 334 342 346 348 353 359 398 461 495 524 539 
 540 541 550 586 591 641
 33
 3 53 54 104 182 184 226 227 248 259 260 264 
279 294 304 341 359 387 402 437 456 489 509 521 526 
 536 553 602 605 618 632 644 648
 27
 51 112 142 166 177 179 228 274 403 405 462 467 
490 503 558 572 582 597 601 606 607 610 619 620 622 
 623 645
 26
 9 29 36 89 129 163 171 182 190 197 200 223 
248 278 298 345 357 426 456 465 474 475 516 529 602 
 639
 42
 21 61 62 123 142 144 173 183 196 206 215 231 
240 258 262 275 286 298 299 302 306 307 316 343 344 
354 355 366 455 467 478 491 494 495 507 527 533 590 
 595 609 611 613
 29
 15 23 86 90 146 153 189 199 210 259 266 303 
311 346 379 387 406 433 434 456 468 494 546 547 552 
 557 559 591 624
 31
 10 52 83 111 157 225 277 281 283 321 322 328 
340 373 381 429 467 481 532 553 561 565 572 587 596 
 625 628 632 635 639 642
 26
 6 19 31 45 53 57 104 122 148 188 208 250 
298 310 324 326 339 358 370 382 383 394 455 525 647 
 652
 40
 8 9 27 36 50 77 80 93 96 144 154 208 
267 274 291 306 326 329 334 339 344 380 386 414 428 
458 471 482 490 501 513 521 535 552 560 567 570 580 
 615 626
 31
 9 74 81 93 133 138 141 190 246 281 294 339 
374 379 380 392 430 442 455 456 468 484 504 549 555 
 575 611 621 624 633 645
 37
 26 27 47 67 99 100 108 109 142 147 198 250 
260 265 280 308 320 333 341 346 437 460 463 488 492 
 509 514 532 547 552 555 558 578 597 614 648 652
 23
 8 13 17 47 48 98 109 130 131 178 180 220 
 245 256 281 339 372 460 490 541 560 595 630
 25
 6 23 58 74 99 106 114 235 257 284 289 328 
347 354 392 421 424 432 454 458 477 500 553 585 610 
 30
 46 64 73 125 140 145 215 228 235 239 288 293 
330 391 425 430 431 433 434 459 461 474 487 489 541 
 557 599 627 641 643
 42
 2 6 7 9 11 19 31 51 52 73 92 102 
118 146 162 163 178 232 239 300 322 370 381 407 411 
423 442 462 479 483 514 520 530 573 577 590 598 609 
 612 621 626 647
 28
 9 24 26 81 117 186 191 192 206 228 273 292 
324 330 345 394 403 474 485 510 515 516 528 574 585 
 615 620 637
 44
 9 28 30 61 74 92 100 103 127 163 171 179 
203 274 289 291 301 302 310 326 332 334 340 354 358 
369 375 394 401 455 464 465 497 565 566 574 579 624 
 625 626 629 634 638 644
 35
 8 12 72 83 90 92 110 111 129 135 146 158 
179 180 198 225 227 253 262 276 341 377 384 432 460 
 495 505 507 508 556 558 584 600 608 614
 35
 65 86 95 122 143 164 236 239 257 258 273 299 
305 319 354 369 405 423 426 431 432 434 456 469 500 
 502 519 545 552 556 615 618 632 650 652
 37
 24 26 31 103 188 196 204 220 229 233 250 306 
317 336 339 367 371 377 378 396 400 405 413 416 421 
 430 453 454 466 469 482 531 543 562 568 614 652
 28
 8 32 120 148 213 225 254 258 282 284 298 300 
385 396 404 418 432 434 494 539 547 567 569 581 584 
 613 621 637
 30
 54 94 103 111 146 157 168 193 229 248 279 329 
347 355 387 431 435 456 458 460 480 509 547 561 563 
 569 628 635 647 650
 36
 4 23 24 67 93 95 147 165 173 187 205 211 
219 255 256 268 318 323 348 366 368 380 399 442 461 
 469 499 508 525 561 596 601 603 614 630 635
 32
 1 17 26 62 77 110 143 151 158 161 163 261 
270 294 302 312 340 349 364 373 413 437 486 497 521 
 526 546 560 565 569 629 639
 29
 20 24 43 68 81 99 186 195 199 204 245 294 
300 326 339 351 356 363 374 394 440 454 456 464 535 
 549 584 588 622
 27
 15 18 21 22 34 64 88 113 140 147 154 192 
222 226 257 287 358 380 419 463 482 488 492 499 503 
 592 613
 33
 1 2 26 40 45 57 69 113 122 136 149 155 
209 234 235 239 241 356 372 403 409 410 473 485 487 
 492 522 547 551 579 606 627 645
 43
 41 98 114 123 124 168 173 177 196 210 217 236 
242 257 282 286 299 318 359 370 372 413 420 434 451 
456 460 466 471 491 507 511 544 546 552 555 568 569 
 589 602 625 628 630
 34
 13 63 84 96 106 109 110 113 158 173 201 202 
283 287 309 318 323 342 373 386 402 409 416 425 431 
 499 522 527 557 570 574 594 618 621
 32
 16 58 74 76 130 135 137 147 179 184 194 210 
233 242 243 280 289 314 316 377 384 390 416 446 481 
 493 519 532 535 589 597 618
 29
 35 39 54 75 102 120 125 149 177 190 219 260 
328 342 348 376 396 459 494 499 505 512 520 526 531 
 554 557 562 639
 34
 36 50 111 115 151 174 188 193 198 201 226 229 
230 241 266 274 277 281 290 300 304 342 352 362 372 
 385 416 464 480 485 583 586 603 620
 19
 18 44 64 92 104 109 120 134 173 199 397 445 
 501 566 577 591 601 603 650
 42
 3 11 29 39 48 56 104 106 122 137 174 175 
180 185 195 206 214 236 241 253 258 264 270 271 300 
312 328 343 351 370 414 437 487 514 516 518 538 545 
 557 593 611 615
 36
 24 27 34 55 125 178 188 192 193 194 195 251 
269 295 325 351 362 366 373 418 435 462 466 493 525 
 538 545 554 567 576 581 604 614 622 629 632
 42
 2 6 9 29 57 108 109 143 151 171 176 189 
202 217 251 254 261 264 266 289 291 295 306 340 362 
400 422 433 443 450 456 462 466 485 499 536 585 599 
 601 602 614 618
 29
 31 59 92 95 108 168 176 213 219 221 233 242 
302 303 311 350 386 408 410 443 471 472 502 519 548 
 560 582 590 649
 26
 11 52 121 160 226 243 267 323 330 331 345 374 
428 442 446 455 522 526 532 536 539 542 579 599 607 
 622
 39
 3 16 31 33 34 107 109 152 173 179 212 214 
216 243 254 265 336 342 361 391 398 403 421 432 475 
483 492 501 519 530 533 550 560 589 600 602 603 619 
 652
 33
 21 55 62 101 103 106 115 135 177 201 204 238 
239 241 287 309 329 360 386 413 429 459 525 529 531 
 544 569 571 575 580 599 627 647
 40
 53 54 82 86 96 108 112 126 135 178 196 200 
209 269 284 327 338 339 370 371 384 386 387 391 396 
402 436 453 501 502 515 525 528 537 554 598 630 637 
 640 650
 42
 29 55 74 92 153 157 191 196 197 199 223 232 
233 239 258 260 271 278 304 305 314 319 321 334 371 
372 388 393 408 426 458 498 499 502 534 584 608 614 
 616 618 635 636
 32
 6 10 35 37 80 117 120 123 125 137 149 158 
182 195 218 228 276 305 343 370 393 439 443 502 557 
 558 559 597 598 606 610 634
 30
 28 33 69 70 104 134 136 169 212 245 269 302 
321 330 353 370 421 422 430 472 484 493 494 529 570 
 594 604 606 634 647
 30
 30 54 70 77 80 88 91 116 137 156 174 181 
202 222 244 259 264 279 315 371 462 470 497 541 573 
 580 582 586 642 652
 29
 3 13 26 32 34 57 62 101 112 150 203 268 
273 289 298 349 351 366 369 373 381 409 425 472 487 
 533 572 627 634
 37
 9 17 20 28 65 70 90 91 100 102 113 120 
121 123 139 277 326 339 360 375 394 447 453 455 463 
 468 473 475 493 515 556 580 585 587 616 623 650
 27
 7 10 14 19 33 51 88 108 189 216 229 252 
266 283 307 339 377 379 405 417 421 536 543 581 582 
 620 652
 31
 7 37 43 50 55 89 113 145 146 191 198 205 
243 250 286 309 344 456 465 484 491 523 527 528 555 
 564 618 619 621 622 625
 42
 28 44 68 88 89 93 109 138 141 156 171 182 
195 209 223 230 257 280 281 283 290 318 341 365 368 
380 386 419 429 433 435 441 459 469 488 500 566 597 
 600 602 606 618
 38
 14 94 115 122 123 144 157 162 175 183 184 206 
214 240 242 246 261 262 292 299 300 309 316 340 341 
387 433 441 485 510 525 546 565 576 580 595 606 618 
 36
 4 12 47 60 75 89 91 95 123 148 166 173 
178 184 244 253 271 295 356 379 406 410 412 417 458 
 463 534 559 560 564 566 567 585 596 633 650
 36
 2 13 15 22 102 114 124 142 186 206 228 245 
249 258 260 264 266 271 301 350 351 369 378 396 406 
 429 430 432 455 489 507 520 524 554 592 610
 30
 13 30 77 114 122 125 150 155 173 185 298 309 
337 354 361 420 482 510 525 527 536 575 589 597 606 
 607 611 639 643 651
 35
 20 34 52 89 97 136 137 138 191 234 254 260 
268 272 311 328 333 348 390 395 417 458 459 464 476 
 487 491 530 534 539 565 586 592 622 624
 22
 10 17 89 127 179 210 216 246 260 274 363 370 
 393 451 487 497 520 528 564 608 612 637
 34
 30 50 61 96 106 109 128 134 140 142 145 177 
187 198 202 213 273 304 305 321 329 343 357 385 423 
 425 432 444 467 489 529 591 594 650
 28
 52 56 81 89 141 180 200 215 266 270 294 299 
323 370 410 434 443 462 490 491 505 558 565 584 586 
 623 633 646
 36
 39 48 105 145 164 175 179 182 206 210 218 231 
252 256 289 304 343 345 370 374 381 389 393 407 487 
 513 525 544 579 606 616 624 643 646 647 650
 37
 11 26 50 68 72 102 104 105 125 135 157 171 
196 199 222 237 261 275 319 324 328 335 369 372 378 
 385 421 425 450 459 470 521 526 527 602 607 625
 40
 9 14 17 60 63 71 78 79 121 142 148 153 
161 166 203 207 242 306 307 309 323 341 345 389 391 
423 429 455 465 468 488 554 556 561 570 584 596 607 
 623 635
 39
 12 14 20 84 86 88 93 121 140 150 179 194 
201 207 208 239 265 268 269 312 315 370 372 376 379 
429 466 532 536 538 564 587 591 600 609 613 616 631 
 650
 45
 8 17 27 46 52 54 86 94 107 125 126 130 
132 139 148 149 194 199 234 239 242 257 263 267 283 
299 318 324 342 376 378 389 415 432 458 468 550 558 
 561 598 607 617 619 623 634
 40
 32 37 58 71 74 75 107 126 145 173 175 230 
233 252 259 278 286 312 325 333 343 347 352 362 388 
437 463 485 487 495 501 535 550 572 584 593 598 604 
 626 637
 34
 46 62 82 107 123 229 230 253 259 288 303 306 
320 331 359 360 365 383 426 439 458 466 482 494 511 
 522 526 555 556 562 581 582 597 644
 35
 18 48 66 78 86 105 112 114 137 158 161 183 
232 254 279 283 298 341 366 378 391 410 430 463 472 
 488 500 546 559 566 573 576 595 608 649
 28
 16 71 78 96 98 131 139 222 281 326 340 362 
381 398 454 488 491 492 524 531 538 555 556 586 608 
 618 631 650
 36
 45 95 127 130 146 147 160 188 189 192 212 237 
270 281 285 288 290 301 307 328 389 397 402 403 413 
 428 429 437 444 448 505 529 548 634 643 647
 36
 9 19 140 144 145 153 154 172 184 190 195 197 
252 257 267 275 278 280 310 313 317 361 371 383 428 
 485 488 515 562 563 592 610 617 618 624 649
 29
 12 118 179 180 186 191 210 227 231 271 293 305 
311 332 364 369 421 431 506 528 534 540 542 593 597 
 601 602 603 619
 26
 2 35 36 51 54 57 92 104 138 175 199 203 
249 300 339 349 359 371 388 399 444 493 506 517 538 
 652
 27
 13 16 28 59 69 76 106 151 187 231 250 258 
335 336 350 393 419 422 446 468 478 504 529 556 580 
 596 610
 24
 11 55 67 188 207 230 295 313 344 387 392 396 
 436 444 505 543 564 569 570 605 617 619 640 645
 28
 24 50 105 153 165 180 202 208 213 221 234 259 
260 277 295 371 383 389 422 423 469 480 522 524 563 
 603 609 635
 27
 34 60 105 137 142 227 230 231 241 253 256 290 
300 305 379 425 442 461 556 562 568 583 588 620 621 
 633 644
 28
 21 38 51 55 59 73 97 135 154 181 241 332 
333 360 371 382 383 385 397 429 496 522 543 582 584 
 615 638 641
 36
 27 32 51 60 72 96 120 127 146 152 223 247 
268 270 317 328 342 358 379 387 389 394 418 431 479 
 496 498 503 517 521 526 537 543 566 622 637
 29
 7 9 16 46 53 110 141 146 155 181 243 254 
263 272 307 323 348 356 397 409 416 476 562 563 590 
 600 610 614 631
 32
 3 42 74 93 100 119 136 140 169 170 177 209 
233 254 313 328 332 360 371 395 415 446 458 481 497 
 498 543 559 573 613 617 632
 27
 18 38 43 69 87 159 192 194 221 229 238 255 
266 358 370 399 442 507 533 549 561 585 592 597 599 
 607 635
 31
 4 6 10 27 79 95 110 131 178 262 275 279 
339 349 370 376 387 405 415 421 443 455 468 485 555 
 566 570 584 589 638 649
 30
 8 17 24 43 48 52 57 77 102 138 225 227 
336 341 343 369 382 460 474 485 530 535 540 563 569 
 585 616 627 630 632
 29
 5 11 31 40 94 115 146 174 188 255 280 313 
322 330 381 399 418 438 439 443 445 448 519 524 585 
 594 634 643 649
 27
 1 8 52 87 89 176 187 226 265 282 341 345 
346 410 419 440 458 464 496 528 553 556 561 583 589 
 639 641
 37
 19 28 29 42 55 71 83 110 119 120 147 183 
184 208 251 269 347 373 375 393 401 403 404 490 500 
 514 530 531 547 551 561 574 581 583 600 605 607
 23
 10 18 89 93 143 151 178 181 185 192 207 276 
 299 304 307 495 499 530 615 616 624 630 634
 35
 1 13 27 46 50 51 53 91 108 109 138 167 
192 239 260 275 289 324 346 368 369 378 379 385 425 
 461 494 507 529 533 546 567 583 622 633
 23
 12 52 86 87 135 136 146 167 181 182 337 340 
 380 397 430 438 458 528 552 574 579 582 618
 32
 30 40 44 50 55 62 72 87 96 126 136 151 
185 194 238 240 266 300 330 339 349 374 378 449 474 
 485 555 591 614 629 630 640
 35
 1 7 42 63 88 100 102 136 141 145 155 156 
178 249 258 271 291 314 324 331 354 368 372 384 391 
 392 429 466 471 498 569 619 627 644 649
 24
 16 53 67 98 123 139 229 240 263 336 351 369 
 394 424 447 456 463 495 510 515 531 591 606 612
 38
 3 44 57 58 74 75 118 129 142 159 181 184 
201 240 268 277 281 315 345 362 379 405 407 422 427 
437 456 460 468 489 492 508 513 526 591 608 620 626 
 33
 2 6 17 62 79 90 103 197 253 261 284 287 
318 319 334 356 363 373 378 383 387 388 411 421 427 
 447 452 495 527 528 535 590 628
 28
 1 9 23 38 53 63 86 113 128 129 140 144 
237 248 317 405 429 432 453 470 484 486 490 491 504 
 535 597 611
 39
 28 52 63 106 205 214 262 293 296 307 308 317 
348 364 366 393 395 400 413 415 424 430 445 457 468 
469 488 504 551 569 582 583 614 620 633 635 637 642 
 652
 36
 1 2 43 52 53 81 98 100 104 143 149 187 
236 237 258 265 287 291 304 312 317 342 343 355 374 
 401 424 430 452 467 505 525 531 558 625 648
 44
 4 11 12 24 56 83 85 98 107 179 183 202 
209 214 238 247 248 270 274 304 307 319 329 348 359 
364 388 403 422 439 441 444 452 494 495 511 526 537 
 582 587 619 620 621 630
 43
 34 37 61 62 71 97 107 124 127 135 155 175 
189 200 208 216 265 277 280 288 314 328 339 351 378 
389 390 488 491 511 522 539 540 565 570 581 582 586 
 621 642 645 650 652
 31
 8 25 48 69 81 91 92 136 149 154 167 173 
226 240 256 342 374 383 388 404 421 423 425 434 439 
 444 473 476 493 494 556
 38
 43 44 62 66 78 114 138 147 166 169 190 197 
204 207 227 231 241 243 259 261 265 288 325 335 347 
383 384 475 487 507 518 522 561 568 604 620 646 647 
 35
 3 19 22 44 126 131 143 158 174 185 226 227 
229 260 263 296 297 322 343 369 424 429 524 525 527 
 542 555 557 573 577 587 610 616 626 640
 44
 17 26 30 45 66 77 88 100 106 121 139 170 
198 226 233 257 261 269 305 308 316 324 335 349 382 
384 426 442 455 491 509 522 527 545 557 566 581 589 
 621 629 630 635 639 641
 30
 1 3 9 10 13 29 32 78 96 118 147 151 
182 204 205 227 271 307 310 323 337 377 455 492 501 
 530 532 533 556 616
 32
 18 59 76 79 85 116 121 124 127 141 176 187 
191 194 288 293 298 299 301 313 376 392 411 413 438 
 461 513 524 588 589 598 613
 42
 4 70 97 109 128 131 143 150 159 165 178 208 
223 232 248 252 258 282 299 308 311 355 365 377 378 
381 384 408 416 422 444 448 460 466 487 497 517 542 
 565 601 603 640
 38
 2 33 35 37 48 56 81 86 138 158 169 192 
217 219 233 238 260 263 310 320 329 341 343 394 433 
455 486 526 527 549 562 565 598 602 609 628 641 649 
 43
 8 13 25 65 66 67 100 103 121 136 152 157 
203 210 243 244 251 259 262 274 285 301 305 309 330 
334 340 375 386 390 412 423 462 498 566 583 590 595 
 601 606 614 619 649
 34
 7 69 75 82 95 101 117 141 144 161 165 177 
193 195 225 234 257 269 271 272 284 289 299 325 345 
 382 416 473 478 503 517 558 581 643
 25
 66 68 87 124 127 163 177 189 190 196 205 248 
263 302 330 345 353 510 541 558 594 609 611 623 631 
 28
 52 82 95 99 104 137 226 260 395 403 424 438 
456 481 500 508 533 534 577 605 610 611 618 626 628 
 635 646 648
 27
 16 21 44 86 129 152 169 189 192 197 206 212 
309 335 378 400 406 478 488 492 504 515 557 582 597 
 630 636
 29
 8 11 61 77 84 139 150 167 208 224 234 255 
287 322 347 386 413 431 457 502 523 525 531 555 561 
 611 627 637 638
 35
 9 19 31 39 90 93 108 128 133 139 180 190 
225 234 237 260 265 326 349 355 409 419 435 436 449 
 476 481 510 521 523 526 537 553 561 606
 33
 2 3 22 50 54 70 144 164 172 176 193 217 
260 316 324 334 373 374 391 407 418 421 425 451 452 
 460 464 471 472 475 480 525 591
 39
 18 33 49 52 75 76 79 118 120 125 129 141 
167 175 220 239 241 304 314 319 326 337 351 360 385 
389 396 401 448 464 466 534 538 562 579 588 590 602 
 639
 33
 35 60 63 91 94 104 118 152 187 202 233 268 
312 313 322 332 340 355 358 401 411 415 426 427 433 
 463 467 524 567 569 573 593 611
 25
 37 46 134 142 173 174 182 223 278 344 439 472 
485 488 489 493 501 506 510 513 544 545 568 644 648 
 33
 3 40 58 62 88 107 110 114 119 174 190 217 
221 227 230 254 255 265 273 308 314 330 347 354 364 
 401 416 477 493 505 529 580 604
 22
 6 52 74 97 106 113 140 163 182 187 302 305 
 323 373 401 427 506 528 630 631 642 651
 38
 20 23 35 47 56 108 149 171 200 204 228 229 
268 270 278 279 282 297 350 360 369 376 390 427 434 
436 440 483 493 503 564 582 586 588 597 614 623 641 
 37
 51 66 87 101 106 126 140 178 204 252 267 270 
276 307 316 318 344 389 459 480 489 498 501 511 534 
 535 544 552 597 599 608 614 634 635 636 641 651
 27
 18 45 89 144 188 192 249 263 276 293 298 300 
301 338 343 348 377 403 409 424 440 463 489 490 523 
 629 646
 36
 24 64 76 97 103 146 219 226 232 234 236 244 
247 250 273 279 302 316 317 320 323 343 427 428 455 
 512 514 543 557 583 586 588 595 616 634 637
 32
 28 35 51 71 85 108 109 123 141 145 152 153 
160 177 178 209 213 283 289 389 400 406 434 462 479 
 524 541 563 616 629 637 650
 23
 1 26 45 60 77 139 174 186 189 217 238 259 
 283 303 308 327 472 492 493 523 531 622 625
 26
 1 5 16 17 28 66 80 129 138 166 177 192 
236 259 311 335 369 374 471 479 492 497 543 553 588 
 633
 35
 10 23 45 70 106 107 113 122 140 154 216 231 
244 262 265 266 271 333 339 355 378 408 410 456 466 
 495 538 540 584 601 607 615 638 639 651
 34
 8 29 78 94 105 111 138 139 140 162 187 190 
198 215 252 260 269 301 310 380 416 419 442 457 469 
 499 505 512 521 535 568 582 596 602
 30
 2 4 19 71 95 99 116 128 173 186 249 293 
301 355 357 370 376 389 395 433 438 448 469 473 480 
 486 576 629 645 651
 34
 12 21 55 65 67 83 113 132 135 189 194 199 
213 232 267 296 298 309 392 399 423 424 427 428 431 
 465 500 548 567 585 592 623 646 652
 33
 15 29 59 66 71 78 104 138 162 176 184 187 
222 227 254 277 299 303 314 379 415 455 509 513 530 
 548 554 557 562 592 611 624 645
 27
 8 26 44 102 125 152 176 206 230 280 310 319 
322 324 333 342 371 386 388 392 469 472 522 544 599 
 605 626
 33
 16 38 58 66 76 144 170 172 179 191 221 240 
243 249 265 275 321 359 375 429 449 456 457 470 487 
 498 560 570 577 581 586 632 634
 44
 3 4 18 21 28 30 48 58 83 129 142 147 
150 164 237 256 258 293 312 319 346 367 374 398 422 
432 449 470 474 488 495 500 525 557 559 564 573 598 
 601 614 620 648 649 652
 32
 2 4 11 14 75 196 202 235 240 245 247 283 
311 329 338 355 427 439 442 464 474 477 482 498 502 
 513 559 577 593 619 624 637
 24
 4 22 83 96 99 101 126 193 201 207 232 273 
 282 348 384 489 501 566 581 615 616 627 636 643
 30
 2 10 12 15 58 63 140 141 163 168 182 207 
208 239 285 319 344 353 395 426 437 465 477 490 511 
 513 537 546 604 651
 37
 18 39 46 118 119 137 155 202 223 231 232 240 
246 260 264 283 304 382 388 410 427 436 457 461 465 
 492 511 529 536 549 551 576 596 604 641 643 646
 29
 16 74 144 145 148 155 156 196 198 201 202 248 
263 282 340 381 383 396 399 423 457 460 507 508 563 
 564 573 630 648
 38
 52 56 87 95 104 125 139 144 165 167 220 229 
257 272 307 327 334 348 351 353 356 360 372 396 399 
428 443 467 485 506 517 562 564 565 572 588 630 645 
 30
 19 38 51 58 69 98 101 110 111 141 180 197 
230 237 257 270 273 278 331 333 343 350 359 410 411 
 449 570 620 630 638
 38
 39 49 60 95 99 111 151 195 214 229 242 247 
259 262 264 306 312 331 346 382 401 406 460 472 494 
520 521 580 589 595 612 627 628 633 635 639 642 651 
 38
 13 29 43 60 74 97 98 165 176 192 214 225 
234 240 283 306 326 327 328 349 358 390 428 446 448 
485 495 511 513 516 522 542 546 576 582 597 615 630 
 31
 16 22 28 59 115 134 137 156 167 225 228 235 
251 252 280 309 327 351 408 432 462 475 481 559 573 
 586 595 616 617 620 641
 35
 10 17 18 32 56 89 169 216 227 235 242 258 
264 274 299 312 328 356 359 364 380 404 438 444 450 
 506 513 533 562 582 616 619 627 644 648
 35
 19 37 41 85 86 98 133 195 199 235 237 268 
284 304 305 306 337 371 376 425 426 431 459 465 469 
 475 491 496 525 571 578 583 621 625 643
 41
 7 10 45 53 58 63 99 100 104 111 133 168 
176 181 182 211 222 258 284 298 306 320 382 423 426 
430 443 461 472 484 494 500 506 527 533 567 571 593 
 605 626 648
 35
 7 51 52 67 88 97 111 142 153 164 204 217 
226 231 259 266 285 368 372 382 399 423 434 435 445 
 449 454 466 478 515 599 612 628 635 641
 31
 2 21 34 57 69 71 98 101 103 110 161 198 
238 241 266 296 305 306 313 329 362 456 457 459 460 
 478 531 554 583 584 587
 28
 8 17 36 97 156 167 188 190 231 234 345 350 
358 374 377 398 400 427 456 463 471 515 518 530 558 
 567 584 608
 40
 4 5 16 32 44 59 60 106 119 130 138 140 
165 177 186 188 191 228 327 347 365 370 373 398 414 
425 426 439 472 474 487 506 534 535 576 581 584 604 
 608 622
 33
 6 14 22 87 96 116 140 143 150 160 187 188 
192 194 285 298 312 354 361 363 367 407 457 467 473 
 487 501 537 545 551 567 624 651
 38
 1 10 14 93 99 105 120 156 178 189 200 224 
229 231 236 244 257 268 270 297 300 306 313 339 365 
380 390 414 420 430 503 527 562 572 602 614 615 621 
 50
 5 42 88 90 93 96 120 139 153 159 164 179 
211 258 263 272 286 292 299 306 309 345 367 378 382 
392 413 417 426 434 460 478 480 483 492 499 502 524 
 541 555 570 585 595 596 613 623 626 637 641 647
 34
 97 99 104 132 192 208 227 261 262 266 321 333 
350 359 369 378 380 414 417 446 482 511 543 548 575 
 586 589 616 627 632 639 641 644 651
 38
 21 41 49 53 59 70 92 113 121 128 135 140 
145 155 164 196 233 239 320 323 344 357 366 378 402 
404 429 445 447 489 496 550 565 588 601 604 605 650 
 32
 50 56 136 147 151 157 180 193 194 195 240 299 
340 402 405 408 426 428 462 483 491 507 510 527 536 
 537 549 563 587 594 624 639
 36
 12 13 26 64 77 78 89 95 110 133 152 163 
177 201 226 292 295 331 340 364 373 384 387 391 410 
 423 432 446 453 472 501 568 601 605 636 644
 32
 27 30 46 87 174 187 231 240 263 265 275 278 
308 310 352 363 374 388 400 410 425 431 478 485 490 
 495 526 554 563 617 618 619
 37
 4 42 50 55 147 148 149 170 179 200 203 238 
244 258 260 262 310 317 334 342 343 348 353 406 424 
 442 469 480 524 534 575 579 591 592 593 634 650
 33
 24 28 38 56 90 134 171 269 272 279 291 340 
347 353 370 394 399 411 427 432 445 474 483 489 508 
 521 523 537 558 568 579 605 617
 38
 11 23 25 88 94 97 98 116 135 145 169 175 
185 186 187 194 195 212 245 255 261 266 267 325 497 
502 512 523 527 558 559 560 570 571 588 589 605 643 
 28
 9 17 64 102 143 185 188 230 267 294 305 337 
347 357 368 369 417 425 427 433 447 483 506 522 530 
 565 595 638
 34
 10 27 30 41 54 59 142 145 180 183 234 239 
262 279 297 309 339 344 366 409 437 457 462 492 526 
 531 539 608 612 615 623 633 635 651
