 300 383
 1 1 1 1 1 1 1 1 1 1 1 1 
 1 1 1 1 1 1 1 1 1 1 1 1 
 1 1 1 1 1 1 2 2 2 2 2 2 
 2 2 2 2 2 2 2 2 2 2 2 2 
 2 2 2 2 2 2 2 2 2 2 2 2 
 3 3 3 3 3 3 3 3 3 3 3 3 
 3 3 3 3 3 3 3 3 3 4 4 4 
 4 4 4 4 4 4 4 4 4 4 4 4 
 4 4 4 4 4 4 4 5 5 5 5 5 
 5 5 5 5 5 5 5 5 5 5 5 5 
 5 5 5 5 5 6 6 6 6 6 6 6 
 6 6 6 6 6 6 6 6 6 6 6 7 
 7 7 7 7 7 7 7 7 7 7 7 7 
 7 7 7 7 7 7 7 7 7 7 7 7 
 7 7 8 8 8 8 8 8 8 8 8 8 
 8 8 8 8 8 8 8 8 9 9 9 9 
 9 9 9 9 9 9 9 9 9 9 9 9 
 9 9 9 9 10 10 10 10 10 10 10 10 
 10 10 10 10 10 10 10 10 10 11 11 11 
 11 11 11 11 11 11 11 11 11 11 11 11 
 11 11 11 11 11 11 11 12 12 12 12 12 
 12 12 12 12 12 12 12 12 12 12 12 12 
 12 12 13 13 13 13 13 13 13 13 13 13 
 13 13 13 13 13 13 13 13 14 14 14 14 
 14 14 14 14 14 14 14 14 15 15 15 15 
 15 15 15 15 15 15 15 15 15 15 15 16 
 16 16 16 16 16 16 16 16 16 17 17 17 
 17 17 17 17 17 17 17 17 18 18 18 18 
 18 19 19 19 19 19 20 20 20 20 20 20 
 20 21 21 21 21 21 21 22 22 22 22 22 
 22 24 24 24 24 25 25 25 25 26 26 26 
 26 26 27 27 27 28 28 29 29 30 33 
 6
 3 148 175 257 343 345
 11
 110 134 229 255 272 305 327 329 343 367 378
 8
 11 59 119 127 229 238 311 374
 5
 67 198 230 267 383
 7
 104 121 213 256 262 300 336
 5
 6 117 242 327 359
 8
 67 126 148 298 301 351 358 379
 8
 67 131 219 258 270 340 364 380
 15
 38 39 88 90 111 144 153 189 218 329 335 339 
 344 352 353
 7
 27 67 126 206 272 283 358
 4
 18 104 208 324
 9
 63 147 161 174 243 269 274 314 321
 9
 174 200 238 249 279 354 362 366 377
 7
 11 50 71 123 150 270 363
 11
 29 81 99 101 174 199 255 269 317 357 368
 8
 5 14 61 198 215 217 326 338
 11
 2 4 8 99 101 254 273 318 323 348 380
 10
 8 10 55 61 62 71 128 209 255 313
 10
 174 199 230 245 309 319 344 350 356 358
 8
 12 116 132 136 190 229 254 291
 8
 120 150 172 231 295 322 372 380
 11
 22 103 148 187 197 212 229 275 280 307 351
 6
 21 96 145 253 360 368
 7
 52 97 166 189 315 342 343
 13
 5 31 100 129 253 267 273 276 296 332 338 345 
 362
 8
 66 228 245 261 262 313 343 356
 16
 3 96 101 107 122 160 193 252 253 256 301 302 
 305 332 372 382
 6
 3 54 151 233 327 373
 6
 85 145 193 236 254 268
 11
 95 117 239 246 264 273 306 318 319 331 371
 5
 127 168 317 342 370
 10
 70 89 157 188 237 241 297 307 327 380
 6
 20 138 210 226 256 317
 11
 34 69 134 146 171 178 278 324 334 338 370
 10
 15 17 20 73 91 144 168 174 340 345
 10
 34 70 73 141 189 213 244 287 288 319
 10
 32 127 143 147 155 240 270 274 282 343
 5
 1 23 67 69 80
 8
 23 90 123 134 147 268 324 363
 8
 138 211 226 260 311 350 361 372
 11
 210 219 227 232 263 281 284 301 362 373 381
 10
 3 55 73 76 142 205 215 269 291 350
 9
 41 75 126 233 234 241 251 283 359
 6
 40 61 63 93 217 382
 8
 16 46 85 243 248 299 340 356
 12
 51 62 82 104 115 169 219 223 263 334 353 358 
 12
 88 107 170 258 293 297 310 317 333 348 373 382 
 8
 41 61 86 105 106 235 248 348
 9
 197 247 265 310 347 352 363 374 382
 4
 6 117 338 370
 6
 38 94 103 151 313 339
 9
 132 156 212 229 243 287 299 333 382
 7
 1 12 19 36 223 298 352
 12
 110 175 200 210 252 268 293 294 324 335 356 358 
 13
 4 20 51 102 236 241 244 322 326 347 366 371 
 374
 10
 108 128 148 186 189 264 275 303 332 365
 14
 15 39 53 90 111 115 152 200 228 274 299 301 
 314 351
 8
 63 75 162 206 228 232 251 298
 7
 86 92 297 311 316 339 374
 9
 2 27 40 172 201 231 250 300 375
 9
 9 38 70 149 178 251 253 279 363
 9
 30 65 84 176 227 298 304 356 373
 12
 9 37 66 85 124 152 156 200 276 302 328 380 
 11
 5 28 37 112 128 202 215 239 279 318 344
 8
 16 38 72 116 137 183 350 381
 5
 21 35 53 89 91
 6
 4 7 40 60 271 304
 10
 55 71 189 221 300 302 317 361 377 380
 8
 50 96 147 198 289 297 305 359
 10
 14 76 99 102 105 207 228 246 281 305
 10
 33 87 98 114 149 189 227 341 362 383
 8
 16 37 68 89 211 240 326 367
 8
 69 70 82 88 257 277 315 325
 9
 67 80 171 181 216 275 287 331 344
 14
 1 65 87 100 139 192 209 217 247 276 312 313 
 338 383
 16
 13 33 48 114 127 136 144 194 219 220 250 263 
 291 327 328 341
 10
 102 176 217 236 242 255 268 363 365 383
 7
 13 15 47 133 144 356 357
 7
 88 110 114 151 297 303 364
 10
 17 94 140 181 189 274 282 288 318 362
 13
 84 109 115 191 231 239 253 282 285 300 323 335 
 377
 9
 22 32 83 95 177 209 226 323 339
 10
 44 69 106 138 144 179 236 261 292 309
 12
 127 147 179 191 192 210 211 295 318 319 361 372 
 8
 47 106 128 167 288 305 325 378
 8
 13 32 36 39 184 228 292 320
 7
 11 37 39 79 171 356 379
 11
 32 35 58 173 209 234 277 322 349 361 383
 12
 59 66 131 205 207 227 288 297 298 313 315 362 
 7
 3 33 117 160 210 278 303
 7
 10 129 138 173 229 251 299
 7
 8 15 24 147 191 218 276
 5
 14 89 93 264 278
 11
 82 84 126 137 170 172 192 206 306 336 378
 11
 5 45 106 136 143 150 179 277 325 366 383
 8
 12 74 142 163 199 332 346 352
 11
 38 212 213 231 234 262 287 290 325 330 371
 11
 52 72 98 169 172 235 294 345 354 369 380
 13
 41 68 84 85 97 106 107 116 128 135 225 286 
 355
 4
 44 69 339 367
 10
 8 49 68 73 97 145 176 268 306 377
 6
 65 196 268 300 350 357
 13
 46 54 61 148 182 192 214 227 253 304 334 341 
 343
 10
 34 70 87 154 192 226 277 298 320 365
 7
 1 35 49 84 221 287 290
 5
 7 138 169 204 299
 10
 25 84 153 233 237 283 319 333 342 379
 8
 35 41 54 58 66 108 115 286
 3
 172 302 349
 8
 67 163 185 187 267 270 339 342
 9
 63 141 196 230 245 251 256 329 366
 8
 107 113 167 197 259 292 318 336
 16
 13 34 42 86 92 126 130 158 168 176 207 220 
 228 272 276 366
 11
 65 162 172 191 218 243 273 321 332 368 369
 13
 7 9 64 93 131 154 177 237 282 294 298 313 
 329
 7
 89 120 147 225 245 314 319
 7
 51 68 77 165 174 190 215
 13
 31 37 62 112 113 120 219 260 289 293 300 367 
 378
 7
 54 113 154 195 202 223 357
 8
 60 132 213 249 255 307 334 351
 9
 21 25 122 126 275 278 351 357 361
 9
 19 135 174 185 193 256 308 312 330
 4
 3 4 58 248
 7
 46 78 151 221 234 297 340
 5
 6 8 43 262 297
 12
 74 117 121 158 180 189 233 235 273 275 285 383 
 7
 34 132 140 230 290 372 376
 10
 8 36 71 89 110 144 194 240 275 360
 13
 4 32 34 106 129 135 149 175 176 181 216 264 
 315
 10
 11 64 82 151 299 309 312 343 354 364
 8
 17 148 183 194 220 292 347 368
 11
 21 99 175 177 216 221 239 249 277 286 346
 9
 9 13 82 88 144 153 306 321 326
 10
 52 64 125 279 281 286 340 344 361 365
 5
 6 10 144 146 288
 10
 36 83 134 148 210 257 302 340 343 372
 14
 8 106 124 146 165 201 284 313 315 327 345 352 
 360 373
 8
 68 76 127 162 184 270 289 315
 13
 4 9 24 69 115 146 158 167 218 232 233 238 
 341
 10
 62 86 153 155 187 192 196 299 312 370
 8
 8 78 82 127 145 180 268 361
 13
 39 42 82 85 118 128 188 224 263 285 286 330 
 364
 9
 16 44 89 145 146 209 211 265 302
 10
 44 50 68 84 287 317 326 343 344 352
 12
 90 96 161 205 231 248 261 282 327 342 363 367 
 13
 45 62 70 91 97 172 226 232 259 296 303 326 
 333
 5
 33 42 49 250 381
 12
 14 57 82 217 244 293 297 314 337 341 366 383 
 11
 6 32 163 173 179 213 285 315 316 337 371
 8
 83 203 241 297 317 355 357 370
 8
 40 57 150 210 246 272 339 375
 7
 48 58 178 194 230 280 353
 12
 73 112 118 119 120 156 190 210 211 347 362 380 
 8
 13 85 98 172 213 220 258 356
 8
 109 127 148 196 238 251 320 362
 14
 177 181 222 224 270 280 304 308 315 316 321 346 
 353 379
 14
 76 81 138 139 149 169 227 257 266 270 272 308 
 323 355
 9
 12 14 56 57 122 158 192 299 368
 4
 1 2 129 339
 8
 75 87 104 159 258 312 323 334
 5
 23 31 214 242 289
 9
 3 133 210 220 280 297 338 350 370
 12
 19 83 90 119 129 130 209 217 248 260 261 265 
 10
 69 155 197 225 248 278 308 322 330 365
 10
 65 125 185 209 215 226 249 281 369 377
 12
 111 137 171 215 235 248 324 337 338 341 344 368 
 9
 1 12 22 155 203 298 312 356 362
 10
 21 34 46 61 129 226 232 261 268 382
 9
 66 83 101 114 166 242 305 361 379
 6
 5 68 72 158 353 366
 11
 50 97 161 196 212 219 249 324 339 341 346
 15
 150 211 247 257 289 303 313 316 325 328 338 364 
 371 378 381
 9
 31 93 144 178 209 245 253 286 329
 4
 28 111 157 267
 10
 22 47 144 148 160 203 210 236 322 339
 6
 4 35 126 129 198 310
 8
 34 83 99 209 226 252 311 346
 9
 31 46 189 239 241 252 280 320 360
 5
 17 41 173 175 238
 12
 63 105 121 123 159 233 251 267 271 359 363 371 
 9
 87 154 178 220 321 329 340 345 368
 10
 43 64 94 160 177 231 260 272 308 375
 10
 182 270 331 360 365 375 376 377 381 383
 7
 26 37 79 83 212 359 373
 8
 77 100 157 235 255 267 268 305
 9
 15 98 152 222 240 312 350 357 367
 5
 6 86 229 269 301
 14
 32 77 93 104 109 191 198 202 214 257 289 309 
 360 377
 7
 3 180 190 212 216 218 347
 8
 1 7 25 130 231 232 234 269
 6
 66 145 191 199 231 351
 11
 33 122 142 155 222 255 307 309 318 356 362
 11
 4 102 104 105 130 136 223 248 271 277 314
 9
 127 211 252 262 291 296 344 355 360
 9
 2 34 73 139 267 292 312 324 368
 6
 40 48 146 153 173 338
 7
 48 161 164 235 292 325 353
 5
 33 62 222 285 306
 9
 38 42 85 105 116 196 204 350 367
 15
 2 4 36 53 114 120 126 131 140 154 162 194 
 250 265 267
 12
 56 108 112 195 217 248 294 313 353 370 372 373 
 5
 20 155 228 260 286
 10
 34 53 95 180 272 284 298 306 331 363
 2
 19 279
 6
 10 63 211 212 338 374
 14
 23 27 65 109 122 125 126 149 209 271 274 285 
 297 317
 6
 16 74 124 214 236 275
 10
 2 70 141 145 147 209 293 322 335 362
 11
 72 74 82 84 112 137 166 171 326 335 345
 8
 47 87 129 133 179 191 271 312
 6
 16 64 157 230 246 299
 8
 20 98 108 150 162 254 309 353
 7
 14 90 151 200 333 369 378
 11
 6 41 61 113 177 184 235 259 312 322 333
 8
 48 117 184 190 194 249 328 382
 9
 9 45 135 152 159 216 218 237 250
 16
 31 33 55 64 105 114 119 132 149 228 264 307 
 323 329 335 370
 9
 12 39 82 144 250 268 269 297 338
 9
 5 61 118 128 154 299 357 370 378
 8
 35 131 156 212 333 342 348 354
 10
 112 143 188 234 246 249 266 271 323 325
 14
 62 95 104 108 149 192 220 237 253 310 316 320 
 331 381
 9
 10 14 36 83 109 126 298 325 376
 7
 17 26 113 303 336 375 378
 8
 190 201 228 276 286 369 379 383
 7
 18 37 43 50 172 306 363
 11
 160 175 218 233 240 275 298 314 337 345 373
 15
 111 121 136 193 212 283 301 307 316 325 333 339 
 347 358 375
 8
 65 85 158 291 324 341 374 376
 10
 108 126 129 193 195 223 273 286 330 362
 13
 35 91 92 146 157 163 211 216 241 276 307 347 
 366
 8
 74 82 130 213 267 300 312 316
 9
 5 66 92 118 144 291 312 322 370
 9
 95 121 165 209 226 303 320 326 334
 5
 24 236 260 262 344
 11
 1 7 11 221 239 250 256 304 318 329 352
 6
 45 56 91 92 229 254
 13
 2 32 72 156 193 200 211 213 243 258 340 360 
 367
 14
 26 31 42 61 71 116 156 166 182 190 195 266 
 328 371
 6
 43 72 182 254 280 380
 9
 33 71 123 146 258 295 308 321 370
 10
 112 123 159 221 233 242 282 333 343 349
 13
 78 140 151 154 166 194 269 292 314 351 354 366 
 376
 12
 18 134 139 140 193 214 252 288 316 346 372 381 
 11
 33 42 107 141 214 227 291 300 308 351 358
 11
 103 105 115 137 157 159 252 313 328 348 369
 10
 31 82 189 190 209 259 288 311 338 371
 7
 1 44 191 198 242 302 338
 6
 24 131 164 199 269 290
 15
 33 45 63 110 124 136 145 197 254 324 347 349 
 363 364 379
 10
 5 35 116 129 146 212 225 230 258 302
 7
 113 183 203 210 224 251 379
 7
 118 210 254 263 330 333 368
 13
 11 23 32 88 128 130 163 216 222 249 271 272 
 334
 3
 39 104 378
 10
 63 65 66 133 153 276 285 287 323 349
 9
 3 6 62 109 176 195 201 227 373
 8
 10 32 170 186 191 216 295 365
 6
 38 49 171 229 248 288
 11
 31 79 133 214 243 249 273 304 327 328 334
 11
 32 63 147 161 224 259 269 281 297 304 369
 7
 104 248 261 339 346 359 367
 9
 22 34 94 111 130 180 269 271 350
 10
 59 64 111 127 142 173 247 314 336 370
 5
 43 86 132 374 376
 10
 171 208 272 283 296 345 351 357 359 375
 11
 83 133 173 213 240 271 288 309 340 369 373
 9
 87 164 195 198 201 257 267 364 372
 12
 3 15 100 153 238 251 259 313 314 350 358 372 
 17
 31 33 56 82 91 180 186 211 222 228 237 244 
 250 255 310 322 331
 9
 1 106 109 110 134 150 237 274 290
 5
 19 181 183 204 316
 5
 84 227 234 379 382
 8
 152 250 298 337 348 352 355 366
 15
 119 202 207 209 217 219 244 250 274 281 294 351 
 353 354 366
 10
 18 51 67 131 133 150 226 299 356 372
 5
 92 128 238 277 354
 7
 40 75 76 165 196 197 383
 7
 110 145 152 182 205 346 380
 10
 47 52 105 128 137 189 252 287 360 364
 10
 12 168 175 201 256 287 301 312 315 365
 14
 49 161 175 179 190 232 234 278 285 322 335 341 
 350 359
 7
 7 44 57 77 108 248 344
 7
 18 96 126 171 184 279 319
 10
 62 94 149 202 266 323 333 346 357 378
 10
 86 152 155 195 227 253 274 358 367 368
 5
 10 164 187 197 214
 11
 132 178 226 244 248 252 270 328 332 357 375
 2
 2 151
 6
 11 61 107 164 171 375
 5
 43 157 190 326 348
 9
 1 9 64 86 128 249 254 273 375
 9
 7 17 24 36 40 135 139 173 249
 14
 199 204 227 230 278 289 290 293 301 334 352 374 
 376 382
 6
 88 130 156 290 342 359
 11
 35 85 127 167 215 229 232 354 358 371 380
 9
 2 7 145 159 165 185 206 310 371
 8
 51 105 215 294 323 324 336 371
 9
 2 13 31 35 107 135 174 285 289
 6
 1 75 160 183 186 334
