 200 262
 1 1 1 1 1 1 1 1 1 1 1 1 
 1 1 1 1 2 2 2 2 2 2 2 2 
 2 2 2 2 2 2 2 2 3 3 3 3 
 3 3 3 3 3 3 3 3 3 3 3 3 
 3 3 3 3 4 4 4 4 4 4 4 4 
 4 4 4 4 5 5 5 5 5 5 5 5 
 5 5 5 5 5 5 5 5 5 5 5 6 
 6 6 6 6 6 6 6 6 6 6 6 6 
 6 6 6 6 6 6 6 7 7 7 7 7 
 7 7 7 7 7 7 7 7 7 7 7 7 
 7 7 7 7 8 8 8 8 8 8 8 8 
 8 8 8 8 8 8 9 9 9 9 9 9 
 9 9 9 9 9 9 9 9 9 9 9 10 
 10 10 10 10 10 10 11 11 11 11 11 11 
 11 11 11 11 11 11 11 12 12 12 12 12 
 12 12 12 12 13 13 13 13 13 13 13 13 
 13 14 14 14 14 14 14 14 14 14 14 14 
 15 15 15 15 15 15 15 15 16 16 16 16 
 16 17 17 17 17 17 18 18 18 18 18 18 
 18 19 19 19 19 19 20 20 20 20 21 21 
 21 21 21 21 22 22 22 23 23 23 24 25 
 25 25 26 26 27 27 30 31 32 32 
 6
 7 87 110 127 222 230
 5
 37 43 50 89 194
 4
 131 149 232 251
 6
 95 121 160 189 246 260
 8
 29 32 72 87 118 146 168 216
 7
 71 96 195 215 218 220 257
 3
 24 56 252
 7
 4 11 44 89 140 205 223
 6
 62 100 137 140 141 172
 11
 39 84 94 120 159 167 188 195 216 223 233
 8
 55 86 98 147 158 239 245 246
 8
 49 73 99 148 167 207 253 257
 8
 5 12 21 70 92 207 217 247
 5
 22 46 56 106 219
 11
 26 38 79 109 121 131 181 188 191 219 260
 5
 23 88 139 229 237
 7
 10 20 41 166 185 221 226
 5
 10 147 202 205 259
 9
 130 132 174 178 181 182 192 242 256
 6
 85 88 129 165 173 243
 4
 1 43 163 257
 6
 7 65 91 157 186 195
 7
 37 47 126 135 149 200 239
 4
 17 195 212 245
 8
 78 95 141 166 169 176 178 201
 4
 142 211 214 250
 6
 66 80 129 139 174 258
 3
 17 49 240
 5
 38 55 94 206 234
 5
 20 59 65 141 214
 3
 53 125 156
 9
 83 146 151 164 185 194 202 215 235
 2
 28 204
 13
 54 58 81 117 139 158 169 171 213 214 220 224 
 246
 7
 31 152 161 240 245 247 251
 8
 2 35 64 76 100 165 216 261
 5
 3 33 34 104 118
 7
 7 63 88 91 156 223 255
 5
 5 13 36 177 178
 1
 9
 5
 4 126 134 180 182
 8
 45 52 60 113 203 205 209 254
 7
 24 93 136 156 202 213 247
 10
 185 193 204 212 223 234 236 249 252 262
 6
 54 65 90 115 128 150
 11
 51 70 76 85 110 163 171 190 213 222 261
 9
 85 140 153 166 218 228 236 237 262
 7
 8 68 75 111 198 216 237
 4
 18 34 253 257
 5
 12 78 105 241 260
 8
 35 79 182 189 213 220 236 248
 6
 110 221 225 230 232 238
 8
 6 34 104 146 157 230 231 259
 9
 36 68 91 127 131 196 234 239 256
 7
 16 105 139 148 154 205 242
 4
 156 159 186 247
 8
 133 148 155 162 175 191 208 250
 7
 50 69 131 142 177 236 255
 9
 3 42 45 67 122 158 162 216 258
 5
 35 47 77 84 176
 3
 99 206 213
 7
 28 106 109 159 164 215 257
 7
 57 123 170 202 206 221 232
 6
 19 34 105 119 167 196
 5
 44 55 96 210 236
 5
 34 58 86 186 248
 3
 1 163 252
 7
 47 70 90 160 227 251 258
 3
 43 85 141
 11
 3 33 54 86 96 141 165 176 183 214 220
 5
 14 25 107 169 215
 6
 48 85 175 232 253 262
 6
 53 71 77 117 209 255
 3
 15 73 170
 9
 24 87 106 114 131 185 197 218 261
 5
 46 54 154 156 252
 12
 66 103 107 114 189 194 201 214 219 224 232 245 
 7
 40 48 112 158 170 194 247
 2
 30 207
 6
 108 161 194 199 209 261
 4
 68 74 206 213
 8
 63 113 135 171 179 197 207 246
 3
 19 72 112
 4
 38 133 136 218
 5
 60 118 119 198 255
 5
 1 56 61 84 239
 5
 70 135 146 189 249
 6
 159 178 183 197 244 254
 10
 21 67 93 105 134 168 184 196 231 242
 3
 97 139 179
 7
 107 116 143 166 170 247 260
 7
 123 132 142 185 220 248 260
 8
 1 26 33 66 69 104 200 223
 9
 48 56 68 101 177 187 200 235 242
 8
 137 140 153 225 229 240 249 257
 6
 25 34 126 142 213 259
 5
 25 27 36 187 224
 4
 37 51 144 252
 5
 1 60 113 145 199
 5
 53 121 143 205 220
 9
 57 77 159 190 192 196 233 239 249
 6
 44 66 137 149 162 168
 7
 35 53 61 106 109 161 228
 5
 20 75 132 145 257
 6
 13 39 69 78 81 108
 5
 52 73 122 157 251
 5
 23 35 102 186 221
 4
 22 72 142 173
 7
 35 41 53 85 169 195 202
 12
 38 57 86 134 151 155 188 195 210 218 219 230 
 6
 76 109 177 180 205 256
 7
 86 109 130 158 231 249 256
 5
 46 72 130 164 206
 9
 115 146 183 187 200 222 244 253 259
 6
 67 95 129 218 225 231
 6
 89 157 165 208 258 259
 1
 16
 4
 2 112 217 227
 7
 46 68 105 128 160 162 241
 3
 53 84 225
 6
 128 150 210 214 216 248
 4
 1 9 69 167
 8
 12 53 126 153 160 226 261 262
 4
 22 27 41 82
 7
 94 111 117 206 208 255 261
 7
 33 42 115 128 166 179 191
 9
 8 98 105 201 207 218 219 224 225
 5
 112 209 240 259 260
 6
 140 143 164 185 226 239
 5
 37 67 145 150 190
 7
 20 74 88 132 185 219 258
 6
 18 42 58 66 181 192
 7
 6 43 69 90 144 176 215
 6
 6 65 125 145 164 230
 8
 91 107 108 148 149 211 240 250
 5
 11 22 66 123 163
 6
 104 141 172 184 227 242
 6
 2 39 40 88 92 165
 7
 70 120 143 156 193 254 259
 5
 101 114 147 237 241
 7
 54 75 166 207 210 214 246
 7
 17 19 119 133 204 223 235
 6
 92 101 136 138 163 231
 7
 3 18 68 73 125 164 215
 5
 23 97 130 198 225
 11
 127 145 173 201 203 213 233 236 238 251 257
 11
 1 10 28 65 93 116 140 147 221 243 259
 6
 2 18 54 151 231 241
 8
 33 65 107 108 114 124 126 237
 4
 17 42 143 223
 5
 135 138 243 245 255
 5
 8 125 182 185 197
 8
 51 127 156 178 180 203 219 224
 4
 40 99 130 172
 6
 26 134 176 180 205 255
 9
 3 27 33 47 111 128 142 189 240
 6
 4 38 110 171 199 257
 4
 11 50 66 177
 5
 124 154 168 194 258
 4
 33 125 215 227
 8
 97 122 184 233 241 243 253 258
 8
 30 36 45 59 110 132 188 245
 10
 55 61 80 102 107 156 179 186 214 244
 5
 65 84 106 125 180
 2
 74 140
 5
 4 151 176 196 226
 7
 176 205 224 228 241 261 262
 6
 84 92 144 186 246 254
 9
 17 18 55 67 69 71 152 187 200
 7
 8 84 94 194 244 252 255
 4
 17 196 217 238
 9
 24 36 40 167 181 190 194 248 250
 8
 45 116 187 188 228 235 243 260
 5
 31 104 199 245 257
 3
 67 71 259
 7
 120 144 179 226 230 248 253
 9
 2 15 19 87 104 108 186 187 230
 5
 86 105 128 197 222
 8
 5 79 87 125 139 141 161 190
 6
 3 106 115 176 212 262
 5
 199 217 227 229 252
 6
 18 125 152 157 160 211
 7
 9 129 144 163 169 196 229
 7
 41 49 85 116 129 143 203
 2
 2 54
 5
 6 19 29 108 262
 5
 82 126 194 201 222
 7
 21 133 156 185 208 222 252
 10
 89 100 109 111 126 127 139 208 224 228
 8
 20 33 71 86 103 174 226 237
 4
 168 178 198 215
 5
 17 72 111 194 218
 7
 57 152 198 217 223 235 254
 6
 44 64 93 235 239 251
 7
 5 39 98 150 157 195 259
 5
 62 84 104 256 257
 7
 7 90 117 165 167 230 259
 4
 14 34 89 113
 10
 37 59 84 104 106 127 177 188 221 238
 4
 21 23 87 235
