 400 588
 1 1 1 1 1 1 1 1 1 1 1 1 
 1 1 1 1 1 1 1 1 1 1 1 1 
 1 1 1 1 2 2 2 2 2 2 2 2 
 2 2 2 2 2 2 2 2 2 2 2 2 
 2 2 2 2 2 2 2 2 2 2 2 2 
 2 2 2 2 2 2 2 2 2 2 2 2 
 3 3 3 3 3 3 3 3 3 3 3 3 
 3 3 3 3 3 3 3 3 3 3 3 3 
 3 3 3 3 3 3 3 3 3 3 3 3 
 4 4 4 4 4 4 4 4 4 4 4 4 
 4 4 4 4 4 4 4 4 4 4 4 4 
 4 4 4 4 4 4 4 4 4 4 4 4 
 4 4 4 4 4 4 4 5 5 5 5 5 
 5 5 5 5 5 5 5 5 5 5 5 5 
 5 5 5 5 5 5 5 5 5 5 5 5 
 5 5 5 5 5 5 5 5 5 5 6 6 
 6 6 6 6 6 6 6 6 6 6 6 6 
 6 6 6 6 6 6 6 6 6 6 6 6 
 6 6 7 7 7 7 7 7 7 7 7 7 
 7 7 7 7 7 7 7 7 7 7 7 7 
 7 7 7 7 7 7 7 7 7 7 7 7 
 8 8 8 8 8 8 8 8 8 8 8 8 
 8 8 8 8 8 8 8 8 8 8 8 8 
 8 8 8 8 8 9 9 9 9 9 9 9 
 9 9 9 9 9 9 9 9 9 9 9 9 
 9 9 9 9 9 9 9 9 9 9 9 9 
 9 9 9 9 9 9 9 9 9 10 10 10 
 10 10 10 10 10 10 10 10 10 10 10 10 
 10 10 10 10 10 10 10 10 10 10 10 10 
 10 10 10 10 10 10 10 10 11 11 11 11 
 11 11 11 11 11 11 11 11 11 11 11 11 
 11 11 11 11 11 11 11 11 11 11 11 11 
 11 11 11 11 11 12 12 12 12 12 12 12 
 12 12 12 12 12 12 12 12 12 12 12 12 
 12 12 12 12 12 12 12 12 13 13 13 13 
 13 13 13 13 13 13 13 13 13 13 13 13 
 13 13 13 13 13 13 13 13 13 14 14 14 
 14 14 14 14 14 14 14 14 14 14 14 14 
 15 15 15 15 15 15 15 15 15 15 15 15 
 15 15 15 15 15 15 15 15 15 15 15 15 
 15 15 15 15 16 16 16 16 16 16 16 16 
 16 16 16 16 16 16 16 16 16 16 16 16 
 16 16 17 17 17 17 17 17 17 17 17 17 
 18 18 18 18 18 18 18 18 18 18 18 18 
 18 18 18 18 19 19 19 19 19 19 19 19 
 19 20 20 20 20 20 21 21 21 21 21 21 
 21 21 22 22 22 22 22 23 23 24 24 24 
 24 24 24 24 24 24 25 25 26 26 26 26 
 27 27 27 27 28 29 30 30 32 33 34 39 
 16
 82 150 156 158 173 222 235 248 291 293 298 309 
 356 432 564 569
 13
 37 145 205 219 227 303 307 362 432 445 455 498 
 524
 15
 32 36 85 101 123 155 156 182 264 516 524 546 
 565 575 579
 15
 4 91 122 129 159 196 220 323 334 340 426 462 
 506 572 580
 10
 9 20 117 236 238 358 402 489 490 546
 9
 99 183 320 433 434 528 534 542 585
 16
 52 106 117 146 153 190 264 337 348 378 482 500 
 504 547 577 583
 10
 43 161 178 222 233 245 376 389 424 458
 21
 113 119 129 139 163 193 231 233 253 275 282 312 
 364 368 393 458 481 512 535 565 588
 8
 6 66 82 84 110 168 207 562
 14
 86 101 197 284 300 324 354 457 478 512 515 562 
 581 588
 18
 143 155 160 161 322 340 362 368 452 461 475 477 
 498 504 510 523 546 583
 13
 7 39 42 118 186 194 294 345 365 402 469 544 
 553
 12
 40 74 116 171 197 225 284 351 415 416 437 530 
 15
 8 115 178 196 221 257 262 288 325 445 461 467 
 516 565 574
 12
 67 84 140 186 187 201 358 374 390 444 558 583 
 11
 130 173 265 376 386 469 489 490 508 520 586
 16
 75 87 114 174 181 260 264 281 299 341 429 434 
 486 494 504 574
 14
 11 73 93 180 198 268 285 362 368 394 430 442 
 461 495
 16
 48 51 74 99 119 171 201 249 285 289 307 328 
 360 407 478 506
 10
 39 104 110 126 202 222 245 253 283 441
 9
 20 162 313 334 345 366 444 488 583
 13
 14 41 84 117 157 166 236 282 415 488 489 508 
 513
 9
 15 56 78 107 143 376 494 555 586
 16
 6 10 130 131 146 204 221 254 281 291 347 394 
 414 501 502 585
 14
 30 41 83 86 91 111 193 237 284 372 404 426 
 467 562
 14
 187 320 322 361 369 376 446 538 554 572 574 576 
 579 582
 14
 23 67 68 112 133 152 325 331 345 439 493 504 
 565 571
 11
 182 310 327 346 401 414 439 453 508 541 542
 10
 32 243 294 310 359 380 394 435 485 536
 16
 60 226 229 293 305 319 323 324 362 456 469 524 
 531 557 563 577
 9
 10 48 53 80 129 203 229 282 457
 9
 46 118 361 378 411 457 503 521 572
 14
 38 54 81 112 161 234 286 296 326 380 428 432 
 459 525
 16
 3 41 71 112 120 136 158 304 336 352 377 477 
 506 517 529 577
 11
 28 152 155 166 179 204 351 357 404 507 555
 12
 49 234 242 245 322 338 343 360 466 484 548 579 
 23
 1 3 30 37 82 97 137 148 161 192 206 219 
 242 255 279 293 333 340 379 401 428 467 573
 10
 2 168 171 313 371 376 417 457 466 544
 3
 44 379 461
 13
 42 47 97 274 296 308 327 409 475 486 558 567 
 571
 14
 17 27 29 88 115 261 273 290 369 426 474 478 
 571 584
 15
 74 87 89 102 120 184 220 270 286 362 374 438 
 507 522 578
 10
 1 57 78 120 191 292 300 407 433 500
 12
 75 165 231 298 328 330 333 396 404 490 533 543 
 19
 5 76 152 222 246 254 258 361 363 368 384 417 
 425 429 479 527 535 571 583
 11
 2 118 125 134 163 278 288 346 385 465 588
 19
 19 27 55 80 91 230 240 254 274 279 336 443 
 444 445 459 470 481 574 582
 13
 38 57 115 246 259 275 316 343 347 359 430 507 
 520
 8
 7 101 121 159 183 199 426 545
 12
 7 34 36 100 134 148 167 170 259 344 359 449 
 19
 109 128 153 194 212 265 287 323 402 414 436 445 
 467 481 492 530 534 543 582
 10
 40 51 121 206 236 253 278 279 396 555
 13
 16 24 62 112 231 236 314 329 348 374 376 511 
 518
 14
 80 90 120 235 328 364 368 392 395 417 428 436 
 462 550
 19
 158 234 240 333 363 385 389 415 422 437 440 455 
 486 493 525 532 563 572 583
 12
 61 93 199 342 344 349 371 405 455 468 494 546 
 15
 139 218 223 285 305 342 372 398 442 446 515 529 
 530 582 588
 7
 69 116 167 265 400 495 499
 13
 2 4 43 46 50 63 196 235 288 346 406 408 
 576
 19
 162 292 357 364 394 410 411 417 421 446 466 480 
 483 498 519 573 581 582 588
 13
 19 113 120 219 225 240 281 339 353 406 510 575 
 578
 20
 25 34 64 87 93 104 114 118 125 138 147 229 
 282 323 344 378 395 441 548 557
 15
 83 170 189 198 223 269 334 360 420 451 470 525 
 539 550 563
 10
 22 58 121 364 379 413 418 454 468 513
 14
 7 152 180 193 311 402 448 460 463 489 503 509 
 558 576
 18
 31 51 78 135 143 160 247 255 292 300 327 328 
 336 443 497 577 580 585
 13
 69 154 170 195 331 332 362 363 399 419 466 479 
 534
 11
 16 39 56 84 388 401 403 447 515 517 569
 8
 20 117 166 221 397 534 568 572
 11
 14 30 57 205 254 335 375 442 456 572 578
 14
 14 25 81 195 197 231 251 259 360 380 395 492 
 508 578
 16
 1 110 121 152 187 191 228 303 354 378 404 443 
 447 483 493 519
 12
 94 225 245 258 287 309 372 397 421 491 503 550 
 19
 31 33 51 123 125 153 176 206 239 291 325 418 
 423 427 443 445 482 503 509
 8
 4 171 205 263 271 393 442 585
 12
 15 30 90 95 204 219 231 300 436 472 495 505 
 12
 5 78 98 109 156 162 195 224 243 267 408 466 
 13
 34 52 57 174 327 359 382 407 464 496 529 559 
 566
 13
 43 221 273 276 343 352 355 397 403 463 508 534 
 544
 9
 13 138 259 264 295 343 427 468 573
 17
 44 91 124 130 161 266 291 322 325 336 355 423 
 430 461 463 486 513
 22
 117 123 136 165 219 233 246 328 331 339 389 393 
 417 441 466 473 478 504 516 529 574 586
 12
 154 199 260 283 286 296 365 412 465 513 561 577 
 16
 169 177 253 278 313 334 368 400 425 429 447 464 
 470 554 560 562
 16
 87 89 166 175 198 224 257 263 306 338 355 367 
 406 433 452 557
 12
 29 89 157 169 196 220 323 360 372 435 487 559 
 14
 36 56 77 93 157 164 171 242 312 326 348 399 
 562 583
 10
 127 131 251 286 310 324 366 465 522 566
 10
 2 5 53 66 166 182 258 277 361 503
 7
 13 255 289 394 402 464 465
 14
 34 50 54 68 127 137 152 186 253 305 387 436 
 536 575
 17
 7 18 174 224 289 295 296 327 386 417 423 440 
 450 473 533 582 583
 13
 44 78 119 172 258 286 288 332 375 380 416 543 
 554
 10
 3 160 177 215 247 297 424 471 536 562
 11
 2 32 36 92 293 333 348 368 380 462 567
 15
 36 39 59 167 208 222 232 255 321 377 390 406 
 551 579 585
 15
 8 79 111 135 160 175 251 295 337 380 442 506 
 520 539 551
 12
 82 160 164 208 216 255 391 481 497 519 523 584 
 16
 34 61 77 90 128 273 286 297 308 392 410 469 
 536 566 582 583
 17
 90 152 173 238 316 360 371 391 401 439 444 514 
 520 536 544 573 584
 11
 12 94 104 195 203 222 262 312 376 425 457
 13
 50 63 156 232 250 272 291 357 358 400 563 565 
 588
 10
 33 80 138 158 169 253 268 299 444 498
 14
 117 176 216 223 226 239 270 312 369 379 448 488 
 551 552
 10
 86 183 222 359 415 428 442 462 566 586
 13
 16 261 287 294 323 344 363 417 430 445 471 502 
 542
 11
 11 47 56 132 133 142 197 254 283 326 519
 10
 49 93 102 110 130 189 369 425 447 509
 12
 13 68 75 146 327 336 339 440 453 460 464 483 
 15
 12 21 50 86 129 137 158 195 200 214 239 365 
 400 411 489
 15
 79 80 88 179 288 290 362 390 419 425 447 492 
 511 515 525
 20
 35 37 38 83 96 159 253 277 282 325 391 405 
 417 441 449 471 491 539 573 579
 8
 173 303 332 448 465 484 515 573
 11
 191 220 353 434 473 506 531 548 577 582 587
 11
 74 152 238 282 358 393 442 479 495 524 583
 12
 6 10 100 165 178 184 295 338 420 492 512 522 
 17
 44 76 95 112 127 166 299 406 418 486 516 534 
 540 545 565 576 582
 11
 49 79 194 223 261 341 349 393 440 447 580
 16
 8 39 140 152 181 194 224 288 367 379 432 470 
 474 480 529 567
 17
 30 37 47 76 89 155 178 223 273 371 385 397 
 446 464 500 514 585
 13
 3 10 13 114 253 260 317 393 397 424 546 554 
 575
 15
 11 71 103 111 116 180 204 224 267 333 345 346 
 363 464 533
 10
 1 47 195 208 262 392 476 531 545 577
 15
 119 123 233 282 283 358 363 432 451 477 490 493 
 509 529 552
 8
 66 70 97 175 194 256 486 561
 16
 30 32 61 64 106 156 180 258 283 365 420 527 
 532 535 540 584
 18
 4 81 124 158 222 285 287 293 306 308 382 387 
 406 410 507 518 560 564
 10
 110 156 315 408 456 458 497 501 532 560
 7
 109 199 244 304 345 383 403
 11
 11 73 75 189 217 355 373 384 409 496 568
 10
 38 53 243 318 403 428 435 468 523 562
 13
 6 54 110 170 220 330 361 370 421 427 450 512 
 555
 15
 96 111 148 156 180 182 194 232 302 333 367 436 
 475 583 585
 18
 35 151 174 228 231 279 284 301 315 329 386 396 
 412 533 552 562 569 587
 10
 48 59 131 136 169 268 500 519 520 559
 12
 3 73 111 127 155 244 302 427 442 485 533 553 
 13
 60 151 152 263 331 375 396 454 468 505 522 561 
 571
 15
 126 152 155 162 181 189 223 363 384 390 488 522 
 540 545 555
 22
 109 132 193 221 225 232 258 339 344 352 354 355 
 375 429 459 487 501 511 525 531 539 543
 12
 7 56 121 168 201 202 212 375 444 474 490 535 
 21
 2 39 52 113 132 177 199 246 273 279 287 335 
 345 361 390 422 461 515 518 526 534
 11
 18 161 206 292 313 324 343 359 377 424 540
 9
 74 100 286 420 444 522 538 564 587
 10
 8 38 64 182 263 327 340 405 416 417
 15
 88 130 154 190 287 300 368 383 450 465 472 518 
 540 565 585
 16
 42 94 165 200 225 227 258 296 363 386 397 423 
 452 471 539 567
 11
 31 34 68 76 194 209 355 480 528 535 560
 13
 5 9 45 137 226 249 290 309 324 349 381 403 
 586
 16
 9 58 108 119 162 203 219 221 237 346 392 400 
 421 443 455 580
 16
 29 44 89 95 136 161 163 226 237 265 287 328 
 378 409 433 438
 10
 98 162 205 282 304 401 408 412 419 574
 13
 84 98 155 159 173 175 192 195 243 304 421 533 
 566
 15
 17 29 31 39 100 114 115 165 195 211 295 324 
 371 514 517
 15
 24 51 100 116 188 211 265 269 301 316 357 379 
 421 462 569
 7
 137 283 358 481 483 558 577
 12
 2 9 20 115 165 191 222 274 367 381 453 550 
 12
 4 6 19 44 122 164 240 421 431 470 559 581 
 10
 2 5 55 194 293 318 360 411 523 583
 19
 3 30 40 84 90 93 164 193 204 239 282 329 
 333 344 423 438 452 461 464
 16
 88 171 255 345 348 354 435 453 458 463 481 537 
 556 562 572 588
 14
 73 74 80 81 101 175 181 232 390 407 413 542 
 572 578
 13
 34 52 74 83 157 164 171 200 224 325 349 485 
 586
 16
 3 42 45 135 197 249 325 346 385 404 433 480 
 519 535 548 578
 15
 18 70 79 130 153 160 191 329 381 384 394 437 
 454 478 561
 16
 30 33 40 48 57 113 150 157 193 241 451 454 
 502 531 571 578
 9
 19 43 45 113 485 521 526 560 563
 17
 2 159 192 201 219 242 254 264 299 308 399 443 
 476 517 521 564 585
 8
 172 309 401 410 434 469 494 572
 17
 60 121 149 160 175 230 294 295 339 343 363 419 
 482 526 537 543 556
 10
 39 126 199 227 301 322 335 398 413 553
 15
 93 128 187 208 211 220 221 247 424 428 488 524 
 538 545 567
 14
 54 77 88 95 123 213 277 366 368 378 461 528 
 532 586
 13
 35 155 204 237 270 387 419 422 428 442 486 487 
 563
 14
 13 61 255 258 285 290 307 330 338 427 457 533 
 563 573
 9
 11 59 60 62 94 124 125 399 528
 17
 452 460 470 473 476 487 503 512 526 531 545 549 
 570 575 576 587 588
 12
 5 35 52 198 207 326 357 374 401 446 538 560 
 15
 10 32 97 143 147 178 255 284 300 338 392 444 
 524 549 556
 9
 7 81 110 169 192 246 292 423 448
 18
 1 2 15 16 24 62 98 234 237 310 358 447 
 460 471 485 498 542 560
 4
 26 33 172 318
 12
 46 47 82 107 324 417 454 460 467 474 519 581 
 12
 26 46 83 112 165 228 302 335 389 397 398 491 
 16
 67 86 200 219 332 351 436 518 536 539 542 547 
 548 549 555 586
 9
 38 101 270 286 328 357 537 538 547
 12
 21 101 120 152 159 178 181 197 210 276 278 430 
 13
 1 32 80 168 191 209 231 261 327 365 375 447 
 544
 8
 53 74 239 339 365 370 450 577
 7
 96 106 262 396 443 516 557
 10
 64 116 194 219 230 435 444 485 541 565
 13
 34 141 144 254 265 283 360 395 500 517 564 575 
 576
 20
 118 135 225 237 280 284 297 367 391 395 414 420 
 484 509 544 545 547 568 578 580
 12
 1 52 62 131 164 329 350 395 436 439 460 492 
 7
 8 95 204 235 280 525 555
 7
 28 163 177 288 487 507 556
 6
 45 230 413 517 557 582
 13
 30 48 131 147 166 168 234 285 315 374 450 463 
 521
 11
 30 96 103 114 116 177 227 232 504 522 552
 17
 5 46 78 91 193 214 221 322 398 424 429 433 
 462 498 526 553 557
 12
 9 126 127 151 207 257 340 436 442 452 460 485 
 7
 14 18 22 23 79 240 358
 13
 4 124 127 185 285 366 402 467 470 488 491 532 
 587
 9
 14 17 90 100 243 337 395 445 463
 12
 57 78 80 85 254 259 275 443 449 462 512 517 
 10
 133 191 193 224 241 326 380 462 567 586
 13
 72 78 86 219 241 296 341 361 422 508 556 566 
 581
 15
 113 140 167 171 219 289 305 354 405 453 502 544 
 557 564 571
 14
 23 142 167 186 220 262 308 328 359 392 393 476 
 488 556
 14
 125 134 141 229 230 253 255 301 327 413 420 502 
 542 559
 16
 5 15 30 55 110 179 195 207 298 323 364 366 
 406 439 508 520
 19
 78 79 87 183 193 198 200 286 318 398 435 463 
 484 496 521 546 550 561 571
 14
 86 158 183 200 244 267 302 349 358 391 426 461 
 526 567
 13
 85 92 120 138 196 202 317 384 424 431 477 515 
 574
 15
 162 196 263 272 331 352 420 461 495 505 511 533 
 541 545 579
 10
 75 102 177 191 244 330 408 412 469 530
 15
 6 9 45 64 163 220 231 306 346 352 475 494 
 499 552 562
 10
 41 131 139 192 214 318 444 449 487 555
 15
 48 168 205 225 294 322 342 382 449 475 476 493 
 542 554 566
 10
 12 44 60 291 323 337 373 471 504 586
 14
 7 88 90 120 197 226 237 347 381 477 487 512 
 524 578
 17
 8 37 63 117 138 230 235 350 392 436 440 458 
 468 479 507 549 564
 13
 26 157 178 196 262 284 285 302 311 400 431 434 
 540
 11
 70 84 122 152 154 326 390 490 555 562 568
 11
 115 223 224 256 283 335 420 430 440 495 540
 16
 25 47 158 176 198 236 253 257 268 323 373 394 
 528 533 556 568
 7
 81 133 157 170 428 431 584
 14
 37 82 126 184 185 264 267 349 404 409 415 443 
 530 563
 16
 29 35 65 112 204 295 296 312 320 350 366 370 
 372 396 502 585
 13
 23 57 174 186 219 224 266 298 461 476 562 567 
 584
 9
 35 159 228 250 257 322 366 398 399
 23
 17 30 69 81 97 154 219 256 257 266 295 317 
 328 359 386 427 458 460 489 491 495 551 553
 13
 8 35 38 55 113 114 159 211 330 469 472 566 
 579
 20
 81 86 112 118 132 158 160 184 205 233 336 359 
 377 422 456 462 492 499 568 579
 13
 26 36 73 91 119 253 314 364 370 380 393 455 
 558
 11
 11 115 116 222 239 260 293 317 332 343 517
 6
 5 190 424 451 475 524
 12
 43 85 109 270 294 301 358 390 431 459 462 531 
 6
 31 55 91 330 433 575
 17
 83 85 94 121 162 163 192 197 257 303 329 353 
 358 374 425 500 535
 8
 99 202 221 260 341 383 481 579
 14
 15 92 115 128 146 166 178 289 472 486 491 550 
 556 577
 11
 41 179 219 227 241 425 456 469 522 559 587
 15
 5 40 145 160 173 233 253 284 285 304 335 399 
 448 519 547
 18
 42 49 73 79 163 226 286 300 323 329 347 357 
 372 407 508 517 519 520
 11
 31 41 79 149 294 299 335 432 520 543 571
 14
 32 40 66 181 269 299 314 322 350 377 437 448 
 486 488
 18
 38 85 89 185 261 293 332 338 351 465 489 525 
 534 544 556 563 564 585
 21
 1 43 51 70 79 102 114 123 127 226 241 268 
 306 325 330 362 370 381 394 485 544
 17
 46 155 187 278 325 361 365 374 411 446 450 491 
 496 499 535 537 566
 15
 29 53 91 96 111 202 213 215 244 256 280 325 
 326 486 522
 16
 16 42 46 65 105 216 236 263 285 305 359 455 
 457 474 476 515
 18
 33 109 174 265 266 276 277 297 310 357 367 377 
 454 456 470 489 492 533
 12
 84 122 179 186 274 277 396 460 474 482 521 536 
 14
 144 153 213 238 272 273 341 411 435 454 485 513 
 568 588
 12
 41 62 65 119 155 234 275 328 341 472 512 513 
 16
 6 40 59 95 140 154 164 188 191 247 297 303 
 352 381 426 568
 11
 2 111 165 174 288 302 314 465 466 473 487
 13
 2 16 41 142 146 199 272 285 291 376 388 453 
 480
 16
 73 92 163 229 256 304 323 425 443 451 508 529 
 554 558 574 577
 18
 36 43 45 49 104 141 170 180 228 238 288 292 
 342 350 383 463 501 564
 16
 86 153 157 159 270 306 353 369 391 479 510 525 
 534 539 573 584
 24
 111 126 164 176 212 267 275 277 281 291 307 319 
 352 410 427 438 451 474 507 521 530 546 571 580
 15
 105 139 228 329 330 339 356 379 397 448 450 458 
 519 537 545
 10
 109 121 191 218 347 367 554 566 573 586
 18
 64 110 120 161 167 183 234 245 330 380 385 392 
 459 472 532 549 550 555
 12
 35 48 199 203 315 349 402 450 465 526 530 571 
 15
 32 177 208 216 256 276 280 335 377 409 422 485 
 517 520 529
 11
 1 29 51 53 58 72 194 254 430 431 496
 12
 11 22 29 48 114 185 190 227 319 384 446 510 
 15
 1 58 94 231 261 337 345 364 370 389 430 437 
 489 523 535
 10
 17 29 174 283 298 344 351 492 543 548
 16
 131 133 168 193 223 230 262 411 486 509 511 533 
 559 577 578 585
 21
 14 42 52 53 110 228 265 269 287 307 319 361 
 382 398 421 431 499 507 531 574 586
 14
 65 109 113 114 150 203 232 254 266 296 361 391 
 408 510
 12
 5 12 37 113 117 140 259 366 446 465 493 541 
 19
 4 32 37 66 87 191 192 230 271 322 383 388 
 394 419 420 471 473 492 567
 7
 24 125 135 153 172 261 332
 7
 1 85 229 494 507 552 572
 12
 75 88 93 211 226 236 259 304 350 381 465 520 
 16
 87 154 184 191 215 226 268 311 334 387 398 457 
 525 548 567 583
 13
 3 13 79 243 284 287 313 361 419 472 489 513 
 579
 11
 1 36 73 130 212 268 426 458 464 530 541
 22
 112 141 193 256 269 274 324 327 340 360 373 430 
 461 466 467 479 484 499 510 527 538 581
 8
 49 109 235 443 447 459 561 569
 18
 45 46 75 77 128 142 182 222 290 322 341 366 
 403 434 442 449 533 547
 11
 11 35 110 118 200 339 382 438 519 555 559
 17
 31 50 136 156 176 196 198 254 262 287 444 486 
 518 553 555 573 575
 8
 36 169 221 223 449 460 556 586
 13
 4 95 115 176 290 319 383 384 418 435 457 458 
 514
 20
 17 47 75 99 113 128 132 143 145 157 283 289 
 293 320 405 485 509 510 566 572
 12
 87 137 139 188 326 368 410 443 451 516 527 547 
 12
 76 78 203 256 270 360 363 401 457 520 541 563 
 11
 13 46 74 170 224 252 266 283 363 407 513
 10
 4 32 109 128 154 251 322 420 540 575
 13
 42 76 83 95 107 246 302 359 373 381 429 528 
 571
 14
 111 120 162 195 236 302 350 356 414 424 447 480 
 560 584
 8
 41 47 96 99 222 239 372 409
 10
 18 29 66 77 83 234 299 371 398 542
 14
 6 116 118 156 184 188 264 275 364 370 405 439 
 448 528
 15
 75 249 271 284 285 342 347 399 425 527 533 536 
 537 552 564
 19
 159 192 225 268 272 307 312 327 357 372 381 387 
 407 428 463 506 511 549 584
 14
 15 17 30 65 80 144 229 308 357 487 520 522 
 526 534
 13
 157 205 240 331 357 360 431 434 541 543 569 582 
 584
 15
 103 164 298 303 326 333 350 378 390 404 429 500 
 514 533 564
 12
 33 51 75 97 173 180 225 294 399 408 543 580 
 13
 29 34 73 90 116 248 382 422 439 457 545 548 
 563
 14
 12 73 85 108 110 160 209 271 334 388 446 482 
 522 577
 15
 12 19 32 35 103 169 203 219 273 339 357 390 
 414 418 494
 13
 31 70 175 279 296 301 308 367 395 417 443 502 
 586
 11
 4 14 80 125 197 423 449 452 511 516 558
 14
 1 67 77 111 155 165 168 306 311 422 442 468 
 487 514
 15
 81 102 115 122 132 179 245 327 348 471 473 483 
 521 535 571
 13
 1 9 84 88 188 232 328 359 412 440 491 570 
 581
 14
 233 252 325 388 420 459 491 492 496 528 553 557 
 568 586
 11
 77 108 129 207 220 239 241 311 472 487 517
 11
 55 59 158 196 342 397 479 512 523 533 546
 14
 27 71 162 198 223 298 329 334 369 484 493 523 
 537 587
 10
 3 41 297 337 342 349 423 457 495 580
 6
 17 103 159 229 393 445
 15
 154 172 286 291 330 331 333 374 421 423 433 445 
 458 505 559
 10
 8 21 33 115 160 192 269 353 374 379
 11
 58 156 227 253 408 473 497 523 555 570 573
 12
 33 76 110 132 201 324 392 405 422 472 493 569 
 9
 16 22 179 289 423 467 469 548 562
 14
 4 7 12 15 244 267 403 404 409 418 449 487 
 521 551
 15
 6 59 77 83 196 198 227 265 267 357 369 412 
 425 529 581
 14
 12 55 117 118 124 141 153 169 311 316 418 427 
 466 483
 14
 134 189 208 253 266 314 321 330 338 457 532 550 
 556 586
 13
 14 56 78 109 114 202 214 221 232 292 324 353 
 365
 20
 30 58 85 92 109 127 192 248 255 337 371 391 
 393 460 464 487 490 508 517 522
 7
 10 168 203 212 428 521 542
 11
 80 81 88 119 126 221 228 344 485 490 556
 14
 4 18 134 153 191 227 260 274 282 459 463 510 
 514 566
 15
 68 274 307 325 334 419 463 470 474 488 498 518 
 539 541 588
 12
 50 58 85 111 185 219 316 418 432 503 534 549 
 11
 3 25 157 215 233 238 383 447 507 564 580
 18
 11 14 39 75 117 142 153 220 278 287 338 360 
 426 464 537 538 547 583
 10
 7 56 116 129 142 229 370 417 498 507
 9
 1 48 135 141 192 202 209 213 242
 16
 128 167 175 210 220 240 248 255 331 438 455 501 
 547 560 565 587
 17
 33 39 61 105 202 210 219 233 280 313 335 400 
 419 495 499 523 565
 13
 37 89 154 205 241 272 358 377 434 444 454 539 
 573
 12
 44 161 166 217 260 326 346 369 427 475 547 548 
 10
 18 129 148 172 225 266 365 535 549 576
 12
 52 111 167 220 266 445 448 467 477 538 585 587 
 12
 9 63 73 87 106 224 305 458 480 486 527 575 
 10
 8 121 156 262 264 269 369 507 511 527
 17
 38 54 76 173 201 257 288 340 376 410 417 453 
 462 476 486 527 585
 15
 21 153 197 219 272 395 400 419 422 467 496 497 
 515 542 576
 10
 281 282 310 317 416 483 518 546 569 580
 15
 9 31 63 71 126 172 213 284 337 341 402 424 
 446 507 577
 10
 1 130 149 257 301 333 390 418 437 501
 16
 13 109 112 237 247 295 342 354 366 419 495 501 
 509 536 540 549
 15
 15 76 149 171 210 258 347 371 373 375 386 478 
 488 510 574
 16
 43 109 112 192 228 243 259 332 370 391 396 449 
 521 537 560 575
 10
 4 134 234 336 385 412 485 508 517 518
 14
 12 40 45 82 105 220 221 226 263 334 391 429 
 434 446
 15
 91 122 126 134 185 228 238 322 367 373 431 458 
 518 536 584
 14
 3 15 23 77 144 200 230 256 264 375 379 505 
 526 551
 12
 61 125 223 270 309 322 358 386 402 423 482 514 
 13
 20 50 82 96 123 124 263 343 356 429 448 493 
 547
 13
 10 18 32 62 97 124 242 331 438 526 535 555 
 571
 9
 10 96 106 111 122 145 459 497 511
 4
 29 516 524 563
 13
 6 44 69 74 172 210 298 386 427 517 518 527 
 565
 15
 19 76 94 129 334 335 337 420 441 442 466 488 
 549 571 578
 17
 3 29 53 82 109 122 133 191 201 206 290 326 
 356 369 508 560 587
 18
 76 77 92 119 324 329 365 373 400 426 471 473 
 475 476 478 544 555 561
 10
 8 24 74 83 124 170 214 297 496 518
 12
 31 164 212 289 336 382 407 418 429 518 579 587 
 14
 163 200 290 370 397 432 480 482 500 514 534 567 
 580 585
 19
 77 89 99 133 256 322 337 351 359 364 378 401 
 417 418 459 491 497 502 578
 16
 13 31 73 75 119 199 242 259 332 340 344 439 
 474 477 534 580
 13
 45 49 104 113 131 183 201 211 261 282 289 471 
 555
 13
 10 33 47 169 263 336 342 358 398 433 468 523 
 536
 12
 74 163 209 227 235 258 297 341 367 396 490 561 
 17
 37 107 153 154 210 300 348 371 403 405 418 426 
 437 438 457 557 579
 10
 35 98 114 176 364 391 421 451 494 497
 10
 2 28 33 105 150 161 203 271 275 499
 16
 1 21 33 36 40 90 92 94 170 181 192 201 
 351 375 399 521
 12
 9 63 65 235 250 260 362 387 399 452 501 524 
 12
 21 31 49 67 132 147 194 261 301 466 477 577 
 18
 11 34 43 54 82 152 182 225 230 260 269 338 
 340 394 400 459 460 557
 7
 123 145 229 321 442 459 519
 14
 60 74 257 271 283 315 332 336 347 373 422 468 
 479 583
 14
 3 6 79 139 179 198 202 223 303 305 348 494 
 533 565
 9
 42 124 144 290 292 385 517 525 573
 14
 29 112 177 309 378 382 385 437 453 489 505 510 
 518 538
 14
 294 377 464 467 468 478 493 551 552 553 558 570 
 578 581
 10
 34 73 113 176 343 413 417 418 470 561
 15
 10 20 118 138 165 217 282 326 329 395 403 435 
 450 511 537
 10
 89 125 209 220 323 362 392 441 508 551
 12
 19 22 29 38 98 172 324 331 382 445 507 509 
 17
 69 114 122 206 217 238 306 383 384 475 481 505 
 509 517 561 568 581
 15
 40 123 167 276 284 289 345 357 361 364 432 469 
 490 494 563
 12
 12 158 267 299 392 396 419 451 472 519 558 562 
 9
 20 54 92 195 256 292 322 485 555
 12
 16 27 50 72 136 140 271 362 365 513 543 550 
 11
 30 84 207 250 276 372 406 421 444 528 574
