 300 387
 1 1 1 1 1 1 1 1 1 1 1 1 
 1 1 1 1 1 1 1 1 1 1 2 2 
 2 2 2 2 2 2 2 2 2 2 2 2 
 2 2 2 2 2 2 2 2 2 2 2 2 
 2 2 2 2 2 2 2 2 3 3 3 3 
 3 3 3 3 3 3 3 3 3 3 3 3 
 3 3 3 3 3 3 3 3 3 3 3 3 
 3 3 4 4 4 4 4 4 4 4 4 4 
 4 4 4 4 4 4 4 4 4 4 4 4 
 4 4 4 5 5 5 5 5 5 5 5 5 
 5 5 5 5 5 5 5 5 5 5 5 5 
 5 5 6 6 6 6 6 6 6 6 6 6 
 6 6 6 6 6 6 6 6 6 6 6 6 
 6 6 6 6 7 7 7 7 7 7 7 7 
 7 7 7 7 7 7 7 7 7 7 7 7 
 7 7 7 7 7 7 7 7 7 7 7 8 
 8 8 8 8 8 8 8 8 8 8 8 8 
 8 8 8 8 8 8 9 9 9 9 9 9 
 9 9 9 9 9 9 9 9 9 9 9 9 
 9 9 9 9 9 9 9 9 9 9 10 10 
 10 10 10 10 10 10 10 10 10 10 10 10 
 10 10 10 10 10 10 10 10 11 11 11 11 
 11 11 11 11 11 11 11 11 11 11 11 11 
 11 11 11 12 12 12 12 12 12 12 12 13 
 13 13 13 13 13 13 13 13 13 13 13 13 
 13 13 13 13 13 13 13 13 13 13 14 14 
 14 14 14 14 14 14 14 15 15 15 15 15 
 15 15 15 15 16 16 16 16 16 16 16 16 
 16 16 16 17 17 17 17 17 17 17 17 17 
 17 17 17 17 17 18 18 18 18 18 18 18 
 18 19 19 19 19 19 21 21 21 21 22 22 
 22 22 22 23 24 24 24 26 27 27 28 28 
 28 29 31 
 8
 62 75 101 194 196 229 256 371
 7
 2 95 162 238 261 265 380
 10
 4 34 71 75 93 133 213 281 313 375
 14
 24 26 148 150 179 216 229 272 297 334 341 342 
 369 370
 8
 18 36 65 103 314 357 372 382
 2
 5 10
 8
 217 248 259 265 310 319 343 377
 9
 142 151 268 281 309 328 338 359 370
 9
 11 64 154 226 239 262 285 360 365
 8
 17 20 25 141 167 186 296 380
 7
 12 29 62 142 162 216 330
 5
 5 137 184 237 332
 8
 1 6 198 219 280 292 371 377
 12
 90 100 146 155 231 250 252 298 299 333 342 351 
 13
 50 81 135 138 166 183 213 288 290 322 338 348 
 384
 14
 29 30 40 57 113 149 152 193 201 255 306 313 
 330 384
 8
 17 95 166 172 176 223 227 272
 9
 57 59 111 266 319 358 363 368 374
 8
 6 29 35 66 262 264 355 387
 11
 70 100 142 170 216 230 243 253 297 351 376
 12
 2 9 44 112 169 179 196 241 253 268 312 327 
 9
 15 81 87 135 161 295 303 312 321
 6
 7 57 82 96 172 246
 11
 30 64 96 112 137 138 140 297 359 370 383
 6
 7 24 79 243 292 341
 10
 121 167 203 205 246 276 286 355 375 381
 6
 90 244 259 338 345 371
 9
 88 135 171 219 311 352 359 367 384
 13
 32 131 141 160 162 218 243 248 261 262 280 290 
 328
 11
 46 77 123 140 190 232 235 264 366 377 378
 10
 23 82 88 130 182 194 263 326 331 341
 12
 64 75 112 143 213 240 256 260 303 348 349 365 
 5
 5 181 195 232 351
 10
 1 2 58 65 86 116 138 153 270 295
 9
 7 40 55 76 96 219 292 301 354
 9
 63 69 129 156 163 336 340 346 347
 15
 145 165 169 171 203 208 222 226 245 250 289 292 
 331 365 384
 9
 12 84 116 180 249 335 355 367 373
 13
 2 4 7 13 19 24 36 39 159 242 254 272 
 379
 3
 104 318 321
 7
 19 89 95 223 270 304 383
 9
 108 114 170 223 268 278 357 363 381
 13
 99 102 119 138 139 156 162 196 254 265 315 330 
 379
 12
 61 85 138 161 219 261 284 286 296 307 341 371 
 9
 2 41 151 163 189 203 215 245 250
 9
 18 81 82 84 124 240 263 332 368
 9
 2 74 174 177 234 323 337 355 378
 6
 14 44 130 242 252 269
 4
 116 281 352 387
 9
 63 107 120 212 224 321 329 337 349
 10
 48 114 168 178 194 202 258 301 317 383
 8
 13 28 79 147 197 246 297 375
 16
 3 16 18 27 58 72 83 95 141 149 167 213 
 240 247 303 345
 9
 73 112 116 143 188 228 254 373 376
 11
 32 61 87 155 174 249 253 261 290 317 338
 8
 5 51 64 159 178 282 341 355
 7
 78 106 136 150 295 334 365
 10
 26 28 51 117 152 206 236 239 268 347
 6
 28 61 115 148 304 363
 13
 49 54 145 211 215 216 227 233 267 315 332 350 
 354
 10
 31 58 231 232 334 350 358 359 363 368
 9
 39 53 106 107 122 202 283 288 289
 6
 192 266 328 366 369 386
 11
 66 151 156 171 207 244 262 324 356 366 377
 8
 117 222 262 333 339 354 367 380
 15
 45 46 72 92 110 119 142 177 180 228 231 241 
 354 356 369
 5
 49 70 168 245 252
 13
 5 35 57 113 181 184 231 266 331 334 364 376 
 387
 11
 7 23 39 62 95 97 100 146 280 343 383
 4
 1 66 263 288
 7
 52 99 103 113 149 246 368
 13
 20 87 97 146 151 179 191 211 219 242 285 329 
 340
 7
 1 6 57 74 207 270 293
 9
 22 229 242 324 331 342 344 354 359
 6
 57 60 243 257 307 329
 8
 38 99 140 198 251 281 324 372
 11
 7 34 60 78 118 280 290 306 335 346 364
 12
 30 73 121 218 224 239 258 279 280 365 380 383 
 12
 44 60 72 79 143 173 175 177 181 314 330 371 
 9
 3 67 74 114 120 138 263 288 329
 6
 1 30 89 92 223 359
 10
 1 4 8 24 158 201 241 242 289 295
 15
 5 52 53 60 89 135 137 144 185 209 218 236 
 281 374 377
 8
 2 144 250 309 318 336 342 346
 10
 11 98 131 169 192 253 302 306 337 377
 12
 10 19 116 119 161 173 197 237 264 323 365 367 
 5
 193 237 320 356 382
 7
 1 125 166 258 262 282 330
 12
 63 88 96 125 145 241 258 276 280 291 305 361 
 6
 127 187 262 309 348 363
 9
 76 111 140 144 186 247 248 321 376
 6
 101 113 168 220 274 329
 11
 8 26 43 51 93 136 137 140 269 302 365
 7
 4 12 116 145 149 170 225
 8
 9 30 99 114 175 194 286 362
 14
 87 100 158 164 220 224 260 265 280 283 291 325 
 331 340
 15
 50 62 82 84 162 181 198 204 210 224 247 283 
 312 344 367
 10
 31 72 130 138 160 216 256 260 263 387
 3
 23 240 321
 7
 33 68 225 288 312 315 348
 4
 139 176 239 353
 9
 59 140 149 220 262 300 320 322 357
 9
 23 27 43 123 135 166 192 206 209
 11
 67 109 147 159 191 192 232 283 287 289 311
 10
 22 107 135 150 161 211 218 293 372 373
 11
 47 65 90 150 180 192 310 316 322 330 342
 9
 53 67 105 127 261 288 303 341 387
 7
 23 117 161 173 223 344 374
 6
 21 29 91 176 356 359
 4
 72 105 128 191
 12
 19 98 114 152 165 211 316 321 330 334 340 341 
 13
 76 137 183 198 239 264 290 291 292 296 313 322 
 382
 10
 57 101 135 178 196 218 233 242 317 377
 5
 47 94 170 212 320
 10
 57 77 99 127 140 160 172 237 311 321
 6
 23 58 154 157 226 368
 10
 20 117 135 161 199 273 275 314 325 340
 17
 142 157 179 185 187 199 220 266 286 294 300 343 
 364 372 374 378 387
 4
 88 97 175 387
 10
 25 37 45 68 177 194 212 217 298 360
 8
 61 101 149 189 317 324 335 367
 10
 77 87 104 169 206 247 283 332 371 383
 7
 102 224 299 362 364 366 382
 5
 165 248 347 360 385
 7
 94 180 212 223 227 257 279
 8
 12 71 164 184 285 288 357 363
 7
 3 182 214 256 277 329 376
 11
 9 33 42 112 139 148 154 198 239 356 364
 7
 92 136 143 146 165 353 381
 7
 27 108 169 171 173 214 248
 7
 85 89 112 129 169 302 350
 11
 31 67 69 164 185 227 257 267 297 298 326
 12
 17 25 27 33 40 192 217 219 282 331 348 384 
 7
 30 137 199 222 255 342 364
 11
 50 144 212 246 288 293 301 316 329 365 380
 6
 60 74 88 240 322 345
 10
 41 80 98 180 246 260 276 292 294 351
 6
 105 164 241 258 270 374
 7
 4 25 36 114 124 333 357
 17
 29 32 51 58 61 70 73 113 193 209 212 215 
 278 318 345 377 380
 10
 14 26 109 115 166 192 205 249 290 367
 6
 67 167 206 242 308 329
 10
 15 75 92 247 261 270 299 347 362 385
 8
 229 236 244 304 307 355 371 386
 9
 110 137 165 215 285 296 322 326 378
 15
 9 22 31 58 62 135 217 230 240 241 251 262 
 294 303 309
 7
 34 139 172 195 200 216 231
 10
 48 64 89 135 235 301 311 326 349 384
 7
 1 2 26 65 90 91 335
 8
 23 59 96 112 217 244 271 288
 7
 42 94 144 168 186 263 314
 8
 12 14 41 73 76 221 320 332
 5
 66 133 323 373 375
 11
 28 87 121 163 180 191 197 288 311 323 384
 8
 46 113 121 136 200 211 313 329
 12
 39 68 71 125 143 146 174 193 208 272 374 381 
 15
 25 29 43 49 62 157 167 244 259 267 269 312 
 317 347 362
 8
 1 57 193 214 223 262 274 322
 7
 8 24 61 123 263 363 372
 10
 32 93 155 165 298 323 334 337 355 385
 12
 26 55 171 186 204 211 217 278 292 312 332 378 
 15
 14 15 33 62 138 149 174 196 273 286 291 293 
 299 382 385
 6
 9 58 261 284 292 356
 2
 28 264
 7
 118 136 167 213 242 343 373
 7
 116 226 233 238 270 303 362
 9
 77 97 143 177 184 231 261 282 335
 14
 40 45 47 122 165 234 267 273 277 284 291 292 
 321 323
 9
 4 72 157 195 255 273 316 330 355
 10
 14 23 58 115 122 228 242 289 294 385
 10
 10 16 60 63 94 137 146 187 213 267
 8
 1 27 145 212 268 288 291 358
 9
 8 16 57 155 255 271 288 307 311
 10
 15 45 78 135 161 264 286 308 315 320
 7
 128 172 206 222 327 342 370
 11
 151 179 193 202 235 265 297 308 317 327 346
 6
 10 16 182 221 377 381
 11
 93 122 133 137 145 188 225 324 355 364 372
 12
 36 91 93 102 115 136 204 240 271 313 345 356 
 10
 102 220 221 240 251 287 300 329 356 372
 6
 37 60 225 283 314 361
 9
 26 37 68 151 176 177 253 323 352
 13
 61 66 70 91 113 214 240 246 282 285 333 350 
 354
 12
 38 50 70 122 139 199 243 291 310 325 340 382 
 9
 13 48 139 162 255 268 283 333 350
 10
 25 44 65 68 94 132 199 290 313 373
 13
 1 135 136 142 197 243 275 298 301 322 354 376 
 385
 12
 112 154 176 181 266 273 274 281 314 322 338 369 
 7
 32 80 129 214 245 269 327
 10
 34 35 40 89 147 221 266 285 316 352
 14
 23 36 60 159 165 168 225 281 284 305 314 325 
 348 386
 6
 28 103 127 140 158 194
 7
 8 140 201 221 284 289 323
 14
 6 24 27 63 146 156 164 211 217 235 247 276 
 315 341
 6
 33 251 296 343 383 386
 11
 56 59 74 213 241 250 298 312 349 352 379
 8
 9 95 115 118 162 216 293 362
 7
 86 112 126 146 279 343 374
 5
 90 182 192 243 376
 11
 59 139 188 211 218 228 265 306 313 315 327
 12
 64 98 158 170 197 214 262 265 271 336 358 373 
 6
 33 192 321 340 360 372
 10
 27 41 47 92 200 214 217 244 357 387
 7
 30 47 69 88 183 282 298
 4
 3 49 368 385
 10
 90 234 247 326 335 350 353 360 363 381
 13
 59 88 145 184 217 243 251 257 278 324 347 373 
 385
 13
 80 115 118 154 195 198 212 252 343 349 361 383 
 387
 10
 74 175 194 197 207 282 290 331 336 357
 14
 1 10 92 126 137 163 164 167 174 193 227 272 
 299 311
 10
 7 9 35 38 76 174 230 245 254 320
 10
 100 103 124 132 195 256 291 327 344 385
 4
 2 123 162 171
 5
 71 190 193 261 346
 12
 43 135 141 148 152 166 193 230 249 350 366 380 
 7
 32 59 76 161 240 263 380
 4
 16 24 175 219
 11
 78 114 147 205 216 314 325 341 345 361 371
 10
 35 71 89 102 131 215 279 295 340 374
 11
 24 25 52 65 108 142 199 250 344 354 364
 12
 83 97 117 118 202 250 277 280 288 295 332 387 
 16
 96 97 98 136 171 173 203 232 241 276 311 330 
 347 357 360 378
 5
 14 192 266 342 378
 6
 11 58 90 121 226 229
 12
 62 148 204 205 269 312 323 340 358 363 385 387 
 8
 3 67 71 115 162 196 230 305
 8
 80 120 139 147 296 336 344 387
 8
 49 101 161 192 199 224 313 363
 4
 52 66 123 384
 3
 13 80 90
 6
 94 136 185 200 329 358
 5
 3 24 211 221 228
 7
 39 50 88 211 259 269 358
 14
 124 129 162 168 232 239 245 277 305 315 346 368 
 370 381
 7
 6 27 93 245 337 338 360
 10
 4 30 79 150 173 182 252 320 329 371
 5
 68 78 89 107 153
 9
 25 150 207 249 266 295 312 316 384
 8
 13 39 106 218 239 241 271 380
 6
 77 103 126 233 315 329
 9
 91 92 119 209 215 239 271 340 375
 11
 34 37 163 222 265 289 302 313 326 340 386
 9
 35 38 163 187 263 302 335 336 377
 5
 65 148 183 196 376
 11
 42 44 152 201 211 261 270 316 319 322 367
 7
 24 31 239 289 315 318 364
 10
 69 91 93 215 274 275 318 362 371 380
 7
 40 144 214 280 305 331 381
 10
 3 46 60 75 141 155 313 324 345 351
 4
 69 147 175 362
 5
 42 115 204 330 335
 11
 63 78 87 124 161 212 220 254 273 291 379
 6
 87 114 187 221 228 368
 7
 26 61 200 214 344 348 367
 13
 5 11 87 128 220 222 248 251 280 294 296 333 
 346
 6
 143 148 189 299 320 361
 5
 5 11 271 344 355
 6
 32 48 145 222 288 300
 10
 87 128 183 190 281 284 345 354 360 362
 9
 23 41 45 138 163 229 249 367 384
 5
 25 61 120 168 379
 14
 91 118 126 136 163 164 175 219 234 272 277 316 
 329 370
 5
 2 104 117 195 355
 10
 18 89 141 153 218 282 325 331 340 342
 7
 27 186 195 235 246 320 368
 10
 117 178 190 211 226 300 332 336 340 377
 17
 2 8 11 36 68 112 113 134 193 195 201 265 
 275 293 342 343 383
 9
 64 125 188 215 268 289 308 369 377
 5
 6 104 112 169 213
 7
 31 167 185 203 269 281 295
 6
 38 73 131 294 312 381
 11
 12 90 105 113 170 173 264 272 289 321 356
 7
 28 59 88 135 176 201 294
 8
 37 83 94 106 216 256 320 349
 9
 15 73 75 87 139 243 307 369 375
 10
 53 141 152 200 281 304 325 346 372 384
 10
 28 38 54 63 66 174 212 214 253 340
 6
 297 301 306 339 379 382
 7
 26 37 63 213 333 364 367
 6
 59 156 176 198 263 354
 10
 135 144 171 172 208 230 252 275 349 368
 12
 81 88 143 162 196 220 249 347 354 356 361 379 
 6
 69 170 177 188 210 333
 6
 134 189 334 378 383 384
 7
 6 161 202 254 257 267 334
 12
 17 29 42 77 144 166 208 293 362 377 380 385 
 11
 3 8 67 153 244 264 287 294 356 366 383
 7
 20 21 43 179 200 202 373
 10
 136 181 197 287 337 351 359 375 383 385
 4
 31 320 343 375
 7
 64 113 205 300 324 329 353
 11
 41 161 163 164 225 267 314 341 342 352 383
 12
 153 166 227 255 274 293 304 343 351 376 382 386 
 14
 34 92 114 135 192 193 194 213 244 245 337 362 
 367 387
 7
 4 119 169 170 299 311 358
 8
 13 48 91 132 141 203 215 234
 14
 29 46 70 114 142 162 178 212 233 248 267 275 
 311 344
 8
 79 147 172 178 210 274 326 341
 7
 10 21 236 263 264 290 324
 12
 120 130 168 204 207 224 238 261 280 302 318 380 
