 300 460
 1 1 1 1 1 1 1 1 1 1 1 1 
 1 1 1 1 1 1 1 1 1 1 1 1 
 1 1 1 1 1 1 1 1 1 2 2 2 
 2 2 2 2 2 2 2 2 2 2 2 2 
 2 2 2 2 2 2 2 2 2 2 2 2 
 2 2 2 2 2 2 2 3 3 3 3 3 
 3 3 3 3 3 3 3 3 3 3 3 3 
 3 3 3 3 3 3 3 3 3 3 3 3 
 4 4 4 4 4 4 4 4 4 4 4 4 
 4 4 4 4 4 4 4 4 5 5 5 5 
 5 5 5 5 5 5 5 5 5 5 5 5 
 5 5 5 5 5 5 5 5 5 5 5 6 
 6 6 6 6 6 6 6 6 6 6 6 6 
 6 6 6 6 6 6 6 6 6 6 6 6 
 6 6 6 6 6 6 6 6 6 7 7 7 
 7 7 7 7 7 7 7 7 7 7 7 7 
 7 7 7 7 7 7 7 7 7 7 7 7 
 7 7 7 7 7 7 8 8 8 8 8 8 
 8 8 8 8 8 8 8 8 8 8 8 8 
 8 8 8 8 8 9 9 9 9 9 9 9 
 9 9 9 9 9 9 9 9 9 9 9 9 
 9 9 9 9 9 9 9 9 9 9 9 10 
 10 10 10 10 10 10 10 10 10 10 10 10 
 10 10 10 10 10 10 10 10 10 10 10 10 
 10 10 10 11 11 11 11 11 11 11 11 11 
 11 11 11 11 11 11 11 11 11 11 11 11 
 11 11 11 11 11 11 11 11 11 11 12 12 
 12 12 12 12 12 12 12 12 12 12 12 12 
 12 12 12 12 12 12 12 12 12 12 12 12 
 12 12 12 13 13 13 13 13 13 13 13 13 
 13 13 13 13 13 13 13 13 13 13 13 13 
 13 14 14 14 14 14 14 14 14 14 14 14 
 14 14 14 14 14 14 14 14 14 14 14 14 
 14 15 15 15 15 15 15 15 15 15 15 16 
 16 16 16 16 16 16 16 16 16 16 17 17 
 17 17 17 17 17 17 17 17 17 17 17 17 
 18 18 18 18 18 19 19 19 20 20 20 20 
 20 20 21 22 22 22 22 22 22 23 23 23 
 24 25 25 27 
 14
 23 45 73 76 144 156 196 205 213 245 345 354 
 405 418
 29
 8 9 20 29 34 75 79 80 109 123 125 167 
193 197 227 266 271 287 307 326 356 379 383 395 400 
 410 422 441 443
 20
 6 11 24 86 92 93 99 121 150 156 160 181 
 243 259 331 339 362 397 399 458
 31
 34 42 47 54 60 71 150 153 157 168 171 181 
182 185 187 198 226 238 270 285 295 324 332 337 357 
 371 372 381 390 429 430
 29
 13 19 43 63 76 81 83 118 122 139 147 161 
164 201 213 242 264 279 302 315 325 336 343 380 409 
 418 419 442 443
 19
 6 28 37 41 59 179 186 196 293 294 295 296 
 342 344 395 403 412 413 457
 20
 7 22 47 55 68 99 131 190 200 219 248 258 
 278 291 392 397 407 408 413 417
 17
 1 67 91 99 105 127 144 156 183 207 215 250 
 271 356 358 383 430
 21
 3 9 21 102 108 138 145 169 208 223 231 241 
 266 285 290 295 313 357 401 408 417
 25
 9 39 45 52 60 108 127 138 144 157 158 169 
187 188 264 265 303 320 354 365 368 369 374 379 396 
 27
 24 35 40 51 97 124 146 173 194 211 234 243 
260 273 280 299 323 325 326 355 370 378 384 430 433 
 444 450
 19
 41 42 43 95 114 132 134 157 202 211 226 262 
 265 268 366 386 397 414 427
 28
 12 18 81 90 97 98 124 126 130 147 163 178 
204 205 211 215 220 222 228 235 236 269 273 307 354 
 418 441 451
 21
 35 87 94 142 148 153 179 212 218 239 267 270 
 278 292 305 357 368 398 426 455 458
 23
 2 17 40 69 100 147 149 165 183 198 224 248 
 257 262 269 284 295 316 322 376 400 402 425
 26
 7 21 59 62 81 109 117 122 144 159 189 190 
198 210 230 281 298 306 313 323 348 362 404 416 431 
 441
 25
 37 55 70 72 118 123 128 129 180 203 224 232 
247 256 260 325 328 376 377 390 407 413 415 420 454 
 35
 1 10 14 24 27 34 51 53 66 103 105 112 
152 178 215 216 237 240 247 256 261 263 294 309 312 
 326 331 332 371 375 386 427 444 454 458
 26
 34 35 55 73 76 94 109 115 122 149 151 160 
183 235 237 238 300 325 338 344 356 381 407 411 424 
 457
 22
 2 5 29 70 95 147 173 180 182 228 248 268 
 275 293 296 315 323 324 374 384 423 434
 27
 6 36 61 64 68 69 75 82 99 103 119 144 
150 153 162 174 188 239 264 278 293 331 350 377 399 
 404 460
 24
 22 34 40 58 72 125 126 149 163 169 180 191 
 199 256 324 353 375 379 388 395 396 413 435 438
 21
 52 56 70 72 85 112 126 141 145 160 185 223 
 246 259 351 400 426 432 433 447 459
 21
 2 6 57 76 121 132 168 200 201 214 225 237 
 272 285 324 350 390 420 444 445 448
 27
 55 77 84 147 177 178 221 254 271 273 282 300 
318 322 342 344 345 348 352 368 371 381 404 429 443 
 448 450
 24
 1 16 60 80 104 122 131 144 161 183 188 241 
 262 268 271 273 296 333 355 356 389 391 398 408
 20
 3 4 34 37 46 88 117 127 135 187 237 248 
 306 323 331 339 392 401 423 454
 15
 9 18 44 60 79 124 131 152 173 189 253 279 
 385 415 431
 18
 71 91 98 168 216 234 235 247 254 293 298 352 
 393 395 419 433 447 449
 17
 7 17 38 71 81 96 119 134 187 205 230 250 
 334 337 338 354 438
 21
 57 83 186 187 193 204 213 218 238 268 284 293 
 306 321 332 358 370 392 406 416 441
 24
 6 7 49 100 120 145 146 148 159 172 184 196 
 234 245 285 301 321 358 384 391 399 401 406 439
 27
 7 29 41 78 86 97 105 108 121 132 181 195 
201 210 278 326 327 354 368 391 404 409 411 419 427 
 428 456
 21
 12 41 122 148 149 179 187 201 242 245 270 302 
 314 333 334 356 390 395 415 420 421
 21
 16 57 68 120 136 167 178 192 194 213 222 224 
 237 273 275 290 305 352 399 421 426
 27
 19 44 60 68 69 97 114 124 126 165 166 175 
183 202 214 220 238 239 266 324 328 330 351 357 372 
 403 452
 30
 2 23 26 30 42 48 50 52 76 101 104 120 
141 142 143 145 191 193 219 234 239 272 318 337 348 
 395 398 400 427 436
 21
 15 19 35 39 45 47 78 131 145 173 197 265 
 276 277 313 314 385 413 419 427 456
 22
 28 32 46 51 131 201 228 257 264 266 278 298 
 299 329 339 342 352 402 416 427 428 449
 22
 35 37 41 48 74 109 124 288 297 299 303 324 
 335 351 366 376 407 413 429 434 445 450
 20
 21 25 47 70 83 100 114 120 123 136 189 219 
 220 273 311 323 339 434 455 457
 23
 42 50 78 98 101 108 214 245 247 266 290 292 
 298 308 328 334 349 374 390 422 438 453 459
 29
 9 20 36 50 60 81 93 111 112 156 171 174 
197 211 214 227 229 235 242 340 348 362 374 381 389 
 398 424 441 451
 29
 1 5 35 71 98 113 120 159 166 176 186 194 
198 201 204 213 229 245 269 271 323 346 369 374 404 
 407 410 412 459
 26
 43 46 48 71 75 81 83 111 113 144 154 188 
194 270 315 328 357 375 387 392 401 410 415 425 446 
 453
 24
 25 38 76 103 143 147 154 179 180 194 202 240 
 254 264 288 306 310 338 372 373 378 398 403 450
 27
 15 34 85 99 100 133 149 160 181 185 203 211 
229 238 260 314 353 374 385 398 405 410 415 416 417 
 442 453
 30
 4 38 62 98 110 111 114 155 175 181 185 200 
239 245 253 265 280 312 326 328 337 368 376 388 419 
 420 421 437 442 451
 20
 3 14 26 31 39 75 93 129 157 186 219 221 
 267 280 285 294 333 394 423 427
 23
 78 109 110 150 165 166 178 180 191 195 216 224 
 237 261 304 337 378 417 418 424 447 451 455
 23
 35 36 60 69 77 100 109 126 158 185 231 235 
 258 263 265 291 297 331 373 388 390 402 453
 25
 3 18 19 20 31 35 73 74 85 117 155 173 
239 249 272 277 283 310 320 343 375 391 411 425 440 
 22
 1 2 14 46 48 85 89 124 129 167 168 205 
 258 304 306 353 375 390 405 423 458 460
 29
 6 16 31 70 75 87 102 122 132 146 151 159 
170 186 212 226 248 249 278 296 323 342 350 402 408 
 409 419 421 436
 34
 39 44 52 55 57 69 83 84 88 95 105 148 
156 188 189 194 266 269 284 285 295 308 328 383 401 
 411 423 425 426 431 437 441 444 456
 24
 10 17 18 19 72 75 87 98 152 169 221 225 
 244 247 254 270 282 302 319 321 328 350 393 454
 19
 21 69 74 87 139 141 199 250 264 270 323 341 
 366 397 401 408 421 439 456
 25
 34 41 45 48 78 105 118 160 165 192 213 271 
274 275 312 344 354 359 366 368 389 405 422 450 460 
 22
 2 9 10 29 42 72 80 140 148 161 163 235 
 244 273 298 331 366 369 390 393 444 457
 18
 5 18 47 89 101 102 108 132 164 179 195 338 
 340 345 350 352 379 407
 26
 53 55 56 80 127 141 146 148 155 175 231 234 
242 243 264 265 294 301 304 355 387 396 414 420 426 
 439
 22
 3 27 78 126 131 150 199 214 218 239 251 268 
 275 287 364 378 387 397 403 413 434 439
 25
 4 9 31 86 92 96 98 190 194 198 220 255 
262 302 311 327 329 334 336 375 388 394 400 407 440 
 24
 7 16 34 36 44 53 64 97 104 107 170 179 
 188 228 234 276 280 292 296 344 376 408 415 424
 21
 2 18 59 78 102 132 196 202 218 274 282 304 
 331 337 353 364 376 380 396 398 452
 18
 35 53 64 111 117 154 161 188 189 330 336 401 
 403 420 439 442 456 459
 24
 8 56 65 68 110 113 118 119 120 139 144 148 
 165 172 214 219 221 313 325 340 343 353 368 397
 18
 37 45 66 69 119 121 123 145 151 160 163 172 
 183 222 233 268 298 416
 20
 4 32 40 47 71 106 120 128 160 171 174 181 
 234 276 282 292 324 340 347 446
 22
 3 10 17 31 76 81 97 142 162 177 220 240 
 251 273 358 363 394 425 428 441 456 458
 25
 13 35 74 76 110 124 135 179 195 204 222 248 
266 287 321 368 369 381 388 399 404 438 447 450 460 
 23
 6 8 80 117 138 142 156 205 211 234 242 265 
 273 275 277 303 326 327 346 352 363 372 435
 20
 22 43 49 55 130 164 184 195 235 274 318 319 
 331 347 368 400 416 418 419 422
 30
 36 75 83 86 126 136 138 149 152 162 169 219 
235 251 271 282 288 290 293 296 307 309 322 324 386 
 402 404 427 444 449
 23
 5 26 35 91 127 138 146 155 170 178 191 210 
 294 296 354 360 365 373 382 417 419 438 444
 20
 8 24 51 67 171 212 224 243 244 261 280 316 
 324 326 341 359 360 399 409 427
 23
 50 124 148 151 155 178 215 244 246 274 287 294 
 300 317 338 349 359 364 383 390 393 444 457
 19
 12 30 41 53 80 167 182 214 257 286 324 349 
 359 379 392 414 422 431 455
 25
 16 46 144 146 149 150 162 166 193 201 223 252 
253 264 265 267 279 283 307 324 359 364 365 380 460 
 24
 8 38 70 71 77 89 99 113 147 152 168 171 
 179 191 195 210 228 314 319 359 374 400 431 444
 13
 45 120 138 160 228 236 241 251 269 318 351 367 
 389
 26
 11 14 84 97 103 106 110 142 144 145 183 197 
202 214 232 249 259 272 283 315 323 335 355 408 425 
 437
 19
 8 36 42 158 170 178 182 226 229 256 270 303 
 345 357 384 403 410 442 457
 22
 63 72 94 150 160 167 178 225 243 264 282 291 
 305 337 343 408 412 426 448 451 453 458
 26
 2 3 4 37 58 70 118 119 128 145 152 184 
213 234 241 250 264 268 329 332 335 361 406 420 433 
 440
 27
 1 10 40 92 115 144 159 180 186 193 196 213 
218 223 235 300 303 305 306 332 345 347 379 398 405 
 420 427
 19
 11 28 41 52 70 72 73 74 87 108 117 122 
 145 239 269 278 336 447 456
 28
 4 7 11 18 38 48 62 109 139 150 187 219 
220 225 237 238 249 280 293 331 334 342 343 356 384 
 411 420 423
 24
 14 15 80 98 119 155 176 177 188 189 192 264 
 265 268 269 270 302 315 348 370 421 442 446 452
 20
 39 52 58 110 128 170 180 182 186 236 242 257 
 284 288 294 333 365 425 432 446
 13
 3 148 205 222 229 236 249 268 280 289 323 355 
 362
 26
 116 119 164 166 174 191 200 216 247 286 307 314 
316 317 336 337 347 354 361 362 398 400 424 433 444 
 459
 17
 1 3 42 79 167 178 179 203 208 216 227 246 
 247 305 359 443 455
 15
 5 48 112 129 136 149 163 205 220 250 291 313 
 363 409 423
 16
 4 71 119 137 147 198 205 224 235 264 304 317 
 325 360 417 452
 20
 2 35 69 97 109 114 117 122 128 160 193 299 
 323 330 335 344 367 390 394 399
 23
 34 41 44 46 84 85 173 179 200 221 222 243 
 256 281 293 307 322 344 371 383 384 446 452
 25
 5 12 17 48 98 105 187 193 211 243 250 258 
266 290 294 295 324 333 377 382 386 405 406 408 444 
 20
 9 19 28 85 98 118 146 165 180 185 214 236 
 258 263 273 276 312 367 377 387
 19
 49 57 121 130 163 206 250 276 289 303 311 342 
 345 359 363 367 380 440 459
 23
 4 22 29 41 42 51 57 58 103 180 197 209 
 226 228 287 289 301 338 373 389 403 406 412
 21
 8 48 50 85 87 89 97 131 150 185 213 289 
 326 347 369 377 380 386 398 419 441
 30
 36 42 49 50 57 63 74 117 126 129 157 173 
217 245 249 281 309 334 374 377 378 379 398 403 418 
 426 431 436 456 459
 20
 11 13 21 25 35 90 103 146 161 193 244 251 
 329 357 364 366 427 429 446 460
 25
 3 13 44 70 85 96 101 104 143 188 211 218 
219 253 274 321 332 352 357 377 396 398 422 431 442 
 29
 4 15 43 49 101 103 119 146 154 163 164 166 
209 236 255 256 282 309 329 356 360 376 421 424 425 
 431 432 437 442
 27
 21 29 62 63 80 97 109 136 155 170 178 204 
231 240 241 242 305 309 314 343 367 400 406 417 432 
 441 449
 19
 26 73 101 178 203 214 222 264 281 288 298 316 
 319 333 362 365 379 429 434
 23
 42 74 149 163 166 212 233 242 273 283 294 326 
 333 341 344 352 377 386 392 412 419 420 434
 27
 11 22 37 38 68 112 158 160 170 175 213 217 
257 264 277 309 313 322 376 377 380 383 407 421 422 
 430 459
 26
 6 25 87 101 115 116 117 146 154 180 183 185 
211 213 214 238 317 318 357 360 375 384 387 402 412 
 430
 17
 7 88 93 101 147 159 162 178 207 235 269 275 
 327 331 353 403 408
 23
 5 16 22 55 62 81 94 119 128 143 151 153 
 190 194 219 234 246 267 272 327 422 424 438
 17
 1 9 39 45 72 101 183 186 188 249 250 265 
 290 318 332 360 378
 19
 38 43 52 56 82 149 181 235 239 242 263 330 
 347 348 423 425 441 455 460
 26
 8 23 74 81 83 105 106 164 192 197 212 215 
234 243 285 297 314 372 382 391 394 411 414 419 447 
 456
 18
 12 21 95 106 129 130 168 193 196 215 220 259 
 305 310 323 383 395 438
 19
 21 77 82 85 103 129 146 147 159 185 235 241 
 248 300 325 353 357 405 408
 23
 17 41 60 112 114 137 139 145 186 215 257 293 
 300 305 308 323 329 351 369 383 410 430 441
 22
 23 40 42 51 63 73 97 137 138 147 234 239 
 259 264 268 286 295 306 341 443 444 452
 22
 20 37 46 54 58 137 138 139 176 190 224 288 
 293 312 328 330 340 398 415 422 426 451
 28
 2 14 46 58 64 69 85 90 91 97 151 157 
168 180 231 244 245 265 266 293 298 317 329 348 383 
 384 412 449
 22
 3 10 17 19 50 80 145 190 197 215 257 287 
 298 336 355 400 401 411 416 444 448 453
 22
 48 110 144 145 148 149 157 208 262 276 280 286 
 297 309 311 327 330 339 356 380 401 450
 13
 5 6 150 185 202 218 236 269 286 295 374 415 
 447
 24
 9 56 87 116 135 140 210 211 234 235 237 251 
 271 276 309 311 318 333 338 358 367 406 419 454
 26
 12 18 28 38 41 43 94 98 124 145 150 154 
208 237 241 255 292 302 326 342 349 360 381 424 454 
 458
 28
 27 36 49 51 54 68 72 75 79 82 127 128 
133 157 226 234 240 267 287 294 342 391 416 426 428 
 437 439 442
 21
 42 43 47 118 142 165 183 223 272 280 322 326 
 340 351 362 366 380 396 403 416 460
 26
 5 25 72 107 227 241 246 247 272 301 309 334 
340 344 351 362 376 380 412 415 421 423 429 438 442 
 448
 37
 32 44 45 102 123 124 133 139 141 156 178 180 
184 207 229 238 239 250 254 260 261 271 279 288 296 
 324 326 341 356 360 376 402 405 409 410 423 430
 20
 7 17 44 47 76 79 107 121 122 189 202 247 
 292 340 349 357 410 413 415 421
 16
 53 68 83 118 208 223 226 239 240 291 302 320 
 330 352 389 425
 21
 2 13 34 121 143 152 158 178 229 284 293 308 
 312 317 340 341 345 407 411 422 460
 15
 9 53 69 78 121 155 198 206 225 256 286 317 
 381 420 436
 26
 14 93 100 117 133 139 163 173 220 227 237 238 
299 303 304 340 352 361 377 385 408 421 433 439 450 
 458
 22
 1 12 16 17 37 43 95 152 179 222 265 272 
 275 284 310 311 330 341 378 408 417 442
 17
 10 20 74 84 99 114 151 154 184 217 224 271 
 313 355 379 419 423
 20
 1 32 43 50 54 56 104 109 131 190 198 199 
 215 265 280 327 361 363 388 413
 32
 84 100 101 102 104 118 132 176 207 216 261 267 
274 283 285 291 315 316 325 328 378 394 397 407 411 
 420 436 437 450 455 457 459
 28
 31 49 58 86 144 152 155 161 163 192 200 203 
215 218 231 296 353 355 364 372 373 398 407 417 418 
 428 442 446
 21
 14 56 61 65 67 99 101 108 118 148 184 191 
 222 223 226 274 394 395 429 442 447
 19
 11 27 34 65 88 119 147 154 192 347 350 352 
 355 397 401 406 419 423 458
 18
 75 92 100 145 179 221 258 268 274 292 302 310 
 341 346 393 400 449 453
 20
 15 22 83 100 207 212 265 269 281 299 300 312 
 323 353 363 365 402 443 449 457
 27
 13 24 36 38 44 74 90 103 104 117 158 209 
222 248 260 268 277 282 294 333 345 377 380 389 422 
 443 453
 24
 34 43 102 110 117 123 133 146 177 183 241 248 
 261 278 292 302 304 306 308 376 413 417 419 431
 26
 15 40 70 73 87 91 96 97 105 113 135 136 
139 156 182 186 260 286 311 334 368 401 429 441 445 
 449
 30
 11 24 37 54 59 65 70 95 102 118 126 138 
146 176 277 284 288 302 314 335 369 382 384 399 409 
 415 436 445 448 457
 27
 1 6 17 34 62 69 96 125 149 153 193 221 
225 232 268 269 279 297 300 336 349 364 378 411 413 
 428 435
 19
 49 118 128 141 181 186 253 287 323 327 332 346 
 358 372 385 407 428 433 456
 14
 34 97 132 140 145 162 191 221 267 294 297 325 
 335 408
 25
 16 39 43 61 77 86 137 231 235 237 240 256 
276 299 320 331 342 369 382 392 407 414 420 439 451 
 29
 1 2 24 30 37 38 44 55 68 97 114 137 
158 159 161 162 179 221 244 247 307 319 325 334 349 
 385 448 451 458
 25
 4 6 33 36 81 110 116 157 161 172 202 238 
258 264 283 315 327 328 337 361 398 412 415 438 459 
 31
 10 15 16 36 105 108 144 146 154 206 217 230 
271 275 309 314 325 328 343 360 378 391 399 411 415 
 417 421 425 428 429 443
 19
 15 48 53 61 64 88 172 191 271 279 287 308 
 337 375 379 388 401 417 419
 30
 5 8 22 45 63 89 103 128 129 136 146 169 
213 217 219 228 237 240 259 265 292 314 319 324 336 
 352 365 391 423 448
 25
 19 37 43 96 121 135 144 159 181 182 198 253 
271 277 302 304 316 333 374 427 443 447 452 455 460 
 20
 12 14 31 65 79 95 115 129 157 211 216 240 
 261 267 315 345 357 358 375 376
 32
 24 50 57 94 119 151 153 181 191 222 259 266 
281 291 294 298 301 304 313 330 353 355 372 383 384 
 399 402 409 414 425 427 450
 17
 28 39 69 102 105 138 154 183 196 206 249 299 
 301 308 324 375 450
 21
 33 65 129 132 136 147 162 184 258 331 339 363 
 385 387 395 400 418 421 436 438 442
 31
 10 13 30 45 51 58 73 107 116 132 168 188 
236 247 255 269 289 295 333 338 340 347 348 354 389 
 392 398 405 408 430 432
 27
 11 25 60 81 98 100 121 122 151 189 195 217 
243 253 255 275 278 279 308 313 326 363 389 392 394 
 398 459
 21
 7 62 65 77 90 98 107 120 125 131 136 180 
 212 300 375 377 381 398 436 443 448
 23
 15 25 36 71 91 107 110 118 161 181 187 189 
 206 230 242 259 292 366 378 384 391 409 434
 23
 23 36 42 55 67 143 157 172 189 218 226 268 
 276 293 307 335 354 374 378 388 398 422 446
 23
 52 59 68 77 81 111 126 127 145 153 200 229 
 297 325 349 376 387 403 426 437 439 440 453
 21
 4 27 31 41 57 66 87 104 106 116 117 131 
 194 216 262 272 291 306 428 430 444
 17
 10 14 35 37 38 73 95 130 135 145 225 272 
 316 373 381 382 399
 16
 28 85 90 127 135 267 289 357 377 388 392 400 
 409 432 445 449
 24
 77 118 124 192 232 234 264 284 293 301 349 376 
 381 383 385 389 393 396 404 405 433 441 452 454
 20
 40 103 121 137 147 152 162 218 227 269 271 301 
 317 325 330 363 376 399 428 440
 27
 65 69 82 123 125 128 134 156 171 176 184 195 
248 267 268 272 276 300 307 353 354 410 440 442 445 
 453 454
 29
 24 28 36 39 59 68 72 102 117 124 145 147 
164 201 207 220 248 273 274 296 352 359 398 406 419 
 426 428 435 445
 22
 99 100 104 117 125 128 140 188 222 234 239 332 
 365 396 411 416 420 440 441 450 451 452
 31
 2 4 14 20 35 54 97 101 108 124 162 217 
220 224 225 228 270 274 280 300 308 319 352 358 369 
 371 378 399 402 403 427
 30
 6 9 16 61 88 91 98 123 142 174 178 252 
260 266 278 286 312 320 322 328 346 354 364 366 370 
 401 410 412 445 447
 29
 2 28 49 72 82 119 134 148 155 171 190 222 
246 256 269 275 279 301 307 329 347 361 380 383 385 
 421 434 455 457
 18
 8 64 90 121 127 136 184 212 249 286 299 302 
 313 329 342 352 389 398
 23
 49 50 62 87 133 147 154 161 182 187 190 228 
 244 265 293 316 369 391 404 405 419 442 448
 29
 24 29 30 36 51 53 57 75 93 128 133 137 
146 170 171 185 192 202 261 272 303 325 333 385 404 
 422 442 449 458
 29
 54 80 99 102 108 110 154 182 204 207 219 225 
237 267 277 283 296 312 332 353 354 355 364 372 374 
 394 409 422 437
 32
 78 120 122 133 153 217 245 254 259 264 276 290 
293 295 326 346 354 358 364 370 374 376 386 392 409 
 420 421 441 447 456 457 458
 22
 56 71 77 86 102 107 112 130 134 143 156 178 
 213 223 246 266 269 275 310 423 438 445
 34
 1 70 79 89 99 106 140 145 154 156 179 185 
190 197 200 204 215 216 237 260 267 271 277 292 302 
 317 334 377 384 387 401 420 444 450
 24
 8 15 74 80 155 162 192 216 224 238 242 251 
 252 254 265 274 365 382 388 411 422 446 448 449
 25
 20 36 40 61 71 87 121 140 157 201 211 215 
227 235 245 249 325 352 376 394 413 418 420 431 447 
 39
 5 12 14 19 22 23 38 40 43 49 64 86 
94 117 127 144 175 218 238 248 250 270 294 297 301 
310 336 358 361 380 382 387 397 399 406 414 443 448 
 457
 31
 21 25 36 46 54 61 73 94 106 121 159 199 
223 224 243 259 282 320 327 329 349 371 373 377 384 
 421 436 445 446 447 448
 29
 12 20 51 53 58 66 67 72 86 92 104 116 
120 125 155 182 196 199 212 221 266 306 323 336 376 
 425 449 452 457
 32
 40 59 63 107 123 131 141 159 167 178 195 248 
260 300 311 338 339 346 375 382 383 385 394 396 399 
 411 412 416 425 436 451 460
 25
 14 38 44 52 72 82 135 158 173 180 239 245 
252 265 266 328 329 341 355 370 410 411 445 451 458 
 28
 2 5 16 17 19 48 68 121 148 158 165 172 
179 187 209 219 221 243 308 309 379 399 400 409 415 
 438 440 457
 23
 39 46 50 63 89 96 100 124 149 189 192 234 
 254 272 277 310 366 378 384 386 413 444 454
 24
 26 36 40 54 69 113 117 122 152 161 194 212 
 279 297 300 311 327 343 345 355 365 398 412 423
 28
 12 46 52 63 77 120 125 169 183 186 200 236 
249 252 270 272 278 292 305 306 315 320 323 395 397 
 413 422 434
 19
 26 42 60 93 106 115 140 148 185 216 240 279 
 329 341 354 390 414 420 451
 21
 48 49 75 79 109 178 180 208 209 210 212 217 
 257 273 327 383 395 411 417 443 450
 35
 14 39 45 60 70 81 101 102 114 206 238 270 
271 276 283 294 295 305 306 311 318 319 324 328 331 
 336 344 349 368 378 379 420 454 459 460
 20
 5 51 54 66 102 104 111 134 149 172 193 232 
 236 241 244 245 297 301 341 421
 29
 13 29 34 40 58 68 102 111 118 120 133 139 
140 141 145 147 157 167 197 216 252 290 294 300 389 
 398 438 454 457
 23
 10 13 37 48 89 92 99 103 117 141 196 217 
 241 274 276 279 321 339 366 394 398 438 460
 23
 4 19 46 64 68 71 104 110 133 152 157 163 
 168 186 208 212 219 295 299 352 372 386 459
 18
 9 11 18 98 134 199 201 209 240 280 312 352 
 364 392 427 444 445 453
 31
 1 15 70 79 97 127 128 151 154 189 211 213 
230 244 247 252 273 280 281 282 295 300 326 330 353 
 381 386 411 442 449 454
 22
 2 6 21 66 71 84 100 123 188 191 198 213 
 252 267 280 310 318 339 357 375 436 452
 23
 21 61 66 71 120 160 181 192 209 222 225 279 
 285 289 292 336 343 378 379 412 413 435 440
 20
 35 103 106 126 178 179 193 235 247 250 294 308 
 310 348 374 386 399 425 436 442
 21
 3 7 20 120 194 239 271 278 292 303 314 375 
 387 401 411 413 419 444 448 451 459
 23
 34 57 59 66 79 92 94 107 129 153 158 192 
 239 243 258 287 292 302 309 346 369 396 408
 16
 20 39 59 122 144 145 146 181 236 276 277 395 
 400 409 414 440
 28
 8 16 26 42 90 101 108 111 148 152 195 210 
212 218 241 251 291 337 353 361 362 370 381 393 400 
 438 441 452
 23
 22 23 62 82 100 105 125 166 176 214 221 226 
 240 257 267 298 308 325 341 343 414 424 441
 26
 38 45 106 127 141 144 161 166 169 177 201 235 
249 294 299 301 350 373 376 387 404 422 434 435 444 
 448
 29
 19 39 49 63 78 84 126 132 136 164 181 182 
183 188 198 212 230 232 234 275 301 348 360 366 370 
 386 400 424 445
 25
 33 61 69 98 103 171 193 206 223 236 254 255 
267 272 314 327 340 368 380 393 408 422 423 428 455 
 29
 25 27 35 69 74 97 106 113 143 159 185 188 
191 223 234 249 272 280 303 353 364 375 412 419 424 
 435 440 445 454
 23
 22 41 77 79 113 117 150 178 192 231 268 290 
 315 324 372 379 380 394 396 403 411 414 449
 31
 27 40 68 88 96 129 152 153 189 204 205 215 
233 242 262 268 270 274 279 305 323 324 343 374 375 
 382 446 450 454 458 460
 32
 11 23 36 43 47 69 115 130 144 150 163 166 
169 172 211 236 237 241 269 319 339 346 354 367 391 
 392 393 408 413 435 453 454
 14
 28 73 79 122 169 191 258 276 279 348 373 389 
 419 459
 23
 1 30 95 123 143 144 173 187 196 215 242 283 
 323 329 354 361 387 419 424 429 431 446 451
 24
 3 10 15 18 41 82 93 99 131 151 156 183 
 190 213 299 315 355 358 359 382 385 446 449 454
 31
 4 11 53 72 104 112 127 129 137 167 168 175 
195 215 217 218 236 239 251 256 275 288 297 298 314 
 341 350 388 408 410 411
 20
 37 44 51 92 115 126 170 195 215 232 249 263 
 264 285 316 335 378 391 398 430
 20
 26 34 43 49 56 70 80 131 155 202 273 289 
 298 306 342 377 385 416 429 455
 14
 8 38 46 91 115 180 214 237 244 270 344 358 
 385 451
 34
 55 70 71 109 126 135 158 166 174 182 183 187 
218 231 233 244 246 255 267 292 297 299 303 324 340 
 358 374 378 396 399 400 424 451 458
 15
 9 11 84 101 144 166 181 187 204 264 298 307 
 369 379 418
 30
 37 46 50 64 85 92 117 129 146 147 184 190 
199 204 216 246 251 269 296 304 311 325 339 358 391 
 419 431 446 458 460
 32
 11 13 25 34 37 62 71 76 84 86 122 130 
140 165 167 195 212 219 225 228 270 316 328 345 359 
 361 379 387 405 406 416 424
 29
 21 24 27 35 70 74 101 125 134 158 202 214 
248 264 288 296 312 316 365 370 399 401 404 410 430 
 431 434 442 452
 24
 5 54 63 77 98 118 142 172 175 191 210 211 
 229 246 275 277 283 301 304 346 387 388 413 429
 24
 1 3 13 20 41 73 103 137 219 223 236 243 
 252 270 274 289 293 322 323 337 404 405 441 443
 22
 6 25 49 75 81 83 86 99 119 120 123 125 
 128 190 194 288 319 330 342 398 426 449
 19
 7 20 23 51 74 75 127 134 209 214 227 284 
 339 363 388 414 434 449 451
 20
 2 7 17 38 97 119 184 190 205 238 287 295 
 307 322 334 371 381 394 432 441
 21
 11 42 64 130 154 163 182 211 265 332 348 373 
 409 411 413 428 434 438 442 447 459
 29
 1 10 12 16 46 76 107 125 129 140 161 184 
187 205 213 226 235 255 264 327 337 360 365 403 412 
 416 421 433 453
 24
 1 68 88 98 103 105 111 155 157 159 160 184 
 192 206 250 294 309 338 353 393 416 442 447 454
 28
 9 25 27 37 39 82 89 99 147 153 163 182 
184 201 203 242 272 292 299 305 306 311 343 392 426 
 435 448 450
 22
 69 76 125 132 194 203 240 251 252 253 296 304 
 399 406 410 427 431 432 437 441 455 460
 31
 4 22 46 62 80 113 122 125 155 161 191 208 
223 233 246 250 266 281 294 305 317 352 356 363 377 
 381 398 399 412 435 449
 19
 2 13 18 78 94 118 125 126 138 157 220 259 
 278 285 374 408 422 432 434
 29
 9 15 59 89 91 108 117 146 168 175 184 197 
208 234 266 274 281 283 284 286 289 321 331 338 339 
 362 409 426 439
 24
 5 34 36 51 57 68 77 89 100 107 120 181 
 199 206 213 254 281 340 366 368 378 419 442 456
 26
 108 119 124 197 207 245 248 295 333 334 335 352 
356 363 364 381 390 406 421 425 429 434 435 442 447 
 452
 28
 69 73 76 78 93 100 131 133 145 146 151 178 
211 236 244 299 310 313 323 350 359 409 410 428 440 
 445 454 457
 21
 11 32 45 71 78 82 112 135 171 179 216 258 
 330 347 351 359 375 401 419 439 460
 28
 13 14 26 34 40 83 90 105 115 118 125 177 
185 235 244 253 264 286 316 359 380 385 388 402 414 
 433 439 459
 29
 6 8 38 39 76 86 104 111 178 210 211 216 
221 231 253 262 283 295 297 361 374 397 401 412 416 
 418 447 450 460
 23
 18 75 105 121 130 196 227 255 263 304 320 382 
 385 387 398 423 424 435 436 445 455 458 460
 24
 23 32 73 83 89 90 93 99 126 154 158 185 
 203 228 265 281 317 333 360 382 400 430 438 450
 22
 47 70 72 92 144 153 198 200 217 241 246 282 
 289 298 324 360 367 390 403 437 441 458
 36
 5 10 24 33 79 104 111 113 138 150 156 170 
172 217 220 230 238 250 262 265 267 274 292 301 304 
 323 351 374 384 409 414 415 429 437 439 454
 22
 19 30 39 45 47 49 118 134 153 206 236 246 
 265 275 283 312 327 382 408 443 448 458
 19
 5 12 14 29 102 121 122 155 211 240 267 305 
 307 308 320 370 377 415 441
 30
 44 56 79 114 116 119 132 141 180 220 223 225 
233 278 284 293 312 321 350 353 367 374 381 384 416 
 418 430 432 443 457
 30
 3 6 82 83 103 112 146 171 174 179 193 195 
255 264 267 300 307 311 332 337 353 357 360 374 379 
 393 402 415 435 447
 23
 1 18 23 40 48 69 75 83 90 156 182 192 
 199 243 252 260 292 354 367 384 399 414 443
 28
 41 47 58 61 91 107 118 124 160 165 189 194 
232 305 310 311 318 324 330 333 386 388 412 418 432 
 437 438 459
 23
 3 4 7 102 123 134 149 151 174 199 224 256 
 277 286 303 327 334 353 374 377 410 418 447
 18
 8 32 36 47 65 76 85 153 196 273 277 282 
 306 313 383 393 417 437
 22
 26 44 123 158 167 187 241 265 273 275 278 292 
 347 367 377 385 412 426 439 443 447 453
 30
 32 45 50 53 69 88 119 130 150 164 165 170 
196 245 246 266 286 300 331 334 335 346 356 386 408 
 415 435 452 459 460
 24
 1 9 17 38 53 59 80 99 138 153 193 203 
 211 222 235 255 287 290 303 322 335 355 403 448
 15
 4 10 98 127 218 266 268 292 303 310 323 338 
 363 389 402
 18
 5 99 151 164 172 176 179 200 224 268 292 297 
 335 345 347 421 423 438
 27
 2 4 7 35 48 56 59 61 68 106 140 168 
182 197 203 214 236 263 272 293 344 375 389 410 424 
 433 448
 26
 40 41 52 70 78 84 97 104 165 204 230 237 
297 299 310 316 334 352 365 369 380 381 402 405 433 
 451
 22
 15 27 68 107 130 139 164 171 181 212 226 238 
 240 251 313 315 371 376 378 430 447 449
 21
 5 16 42 55 68 111 116 148 182 186 214 238 
 322 328 355 367 371 403 408 433 442
 31
 71 73 77 100 125 133 197 240 247 269 271 308 
314 316 323 356 358 363 370 383 400 421 423 433 438 
 443 446 448 452 455 456
 24
 7 8 21 88 185 195 229 270 274 286 287 315 
 319 320 329 332 361 382 393 412 418 420 448 460
 22
 20 37 47 113 135 149 190 217 233 242 266 273 
 317 326 338 361 364 374 375 424 444 455
 21
 30 44 45 67 101 115 151 179 182 189 227 263 
 285 312 362 371 388 401 414 439 443
 28
 3 34 56 87 100 124 159 170 180 190 211 215 
217 243 260 263 265 290 302 303 318 319 343 359 370 
 383 414 438
 21
 8 37 44 64 65 66 79 82 120 154 165 173 
 183 186 216 264 277 349 407 424 455
 35
 3 11 13 30 31 35 43 84 117 130 137 196 
229 237 238 256 266 273 284 310 320 324 325 375 390 
 400 404 406 413 426 438 443 448 454 455
 19
 13 47 60 70 153 198 200 230 266 267 277 293 
 304 321 323 324 350 367 391
 30
 2 3 15 30 34 45 54 57 95 119 120 133 
136 184 212 219 221 243 268 296 298 305 308 318 330 
 398 402 406 428 435
 29
 12 13 28 80 97 100 105 112 127 147 162 166 
180 192 199 252 261 269 291 292 304 308 321 323 327 
 362 410 443 460
 22
 6 10 17 34 39 63 73 114 123 186 191 207 
 217 275 285 335 391 397 402 409 424 425
 32
 46 50 52 74 75 91 110 133 148 164 168 175 
180 196 223 249 252 270 275 295 346 351 360 386 392 
 418 436 439 441 453 455 459
 13
 12 34 39 40 47 167 213 251 278 307 353 390 
 409
 16
 36 55 106 130 136 153 165 271 294 296 301 375 
 382 409 419 458
 28
 35 47 56 68 88 134 142 151 199 216 227 245 
253 279 281 285 297 329 339 352 355 362 371 376 379 
 395 396 437
 27
 5 6 23 50 85 134 158 167 176 181 193 234 
257 269 282 284 296 329 375 380 404 410 425 438 440 
 441 453
 12
 1 6 38 132 230 281 288 302 309 402 404 441 
 30
 2 4 6 67 74 86 88 113 122 137 149 150 
152 207 212 224 227 246 254 261 264 276 282 309 313 
 332 393 401 419 443
 23
 7 33 44 68 76 78 137 150 169 178 233 240 
 255 262 270 271 272 307 352 354 412 417 456
 22
 3 27 35 39 61 160 164 169 281 292 295 298 
 299 306 336 373 381 382 426 432 447 459
 16
 7 77 107 109 128 135 151 188 208 241 254 257 
 295 332 409 429
 32
 52 82 88 106 123 144 148 151 156 174 203 209 
229 244 247 274 284 296 297 321 326 329 371 401 417 
 422 430 442 448 449 455 457
 31
 1 10 26 29 37 62 74 92 121 148 149 150 
162 164 202 218 225 279 283 315 335 338 356 361 410 
 414 420 432 441 452 456
 26
 18 68 84 99 123 147 152 155 159 162 178 189 
220 270 274 324 330 336 344 380 420 433 450 452 454 
 456
 31
 4 12 58 77 84 104 112 135 152 174 186 197 
281 293 303 328 342 356 362 387 389 397 405 410 423 
 441 449 454 456 458 460
 22
 1 3 35 54 67 72 73 101 134 142 156 184 
 194 203 212 221 242 253 386 410 440 457
