 400 561
 1 1 1 1 1 1 1 1 1 1 1 1 
 1 1 1 1 1 1 1 1 1 1 1 1 
 1 1 1 1 1 1 1 1 1 1 1 1 
 1 1 1 1 1 1 1 1 1 1 2 2 
 2 2 2 2 2 2 2 2 2 2 2 2 
 2 2 2 2 2 2 2 2 2 2 2 2 
 2 2 2 2 2 2 2 2 2 2 2 2 
 3 3 3 3 3 3 3 3 3 3 3 3 
 3 3 3 3 3 3 3 3 3 3 3 3 
 3 3 3 3 3 3 3 3 3 3 3 3 
 3 3 4 4 4 4 4 4 4 4 4 4 
 4 4 4 4 4 4 4 4 4 4 4 4 
 4 4 4 4 4 4 4 4 4 4 4 4 
 4 4 4 4 5 5 5 5 5 5 5 5 
 5 5 5 5 5 5 5 5 5 5 5 5 
 5 5 5 5 5 5 5 5 5 5 5 5 
 5 5 5 5 6 6 6 6 6 6 6 6 
 6 6 6 6 6 6 6 6 6 6 6 6 
 6 6 6 6 6 6 6 6 6 6 6 6 
 6 6 6 6 6 6 6 6 6 6 6 6 
 6 6 7 7 7 7 7 7 7 7 7 7 
 7 7 7 7 7 7 7 7 7 7 7 7 
 7 7 7 7 7 7 7 7 7 8 8 8 
 8 8 8 8 8 8 8 8 8 8 8 8 
 8 8 8 8 8 8 8 8 8 8 8 8 
 8 8 8 8 8 8 8 8 8 8 9 9 
 9 9 9 9 9 9 9 9 9 9 9 9 
 9 9 9 9 9 9 9 9 9 9 9 10 
 10 10 10 10 10 10 10 10 10 10 10 10 
 10 10 10 10 10 10 10 10 10 10 10 10 
 10 10 10 10 10 10 10 11 11 11 11 11 
 11 11 11 11 11 11 11 11 11 11 11 11 
 11 11 11 11 11 11 11 11 11 11 11 11 
 12 12 12 12 12 12 12 12 12 12 12 12 
 12 12 12 12 12 12 12 12 12 12 12 12 
 12 12 12 13 13 13 13 13 13 13 13 13 
 13 13 13 13 13 13 13 13 13 13 13 13 
 13 13 14 14 14 14 14 14 14 14 14 14 
 14 14 14 14 14 14 14 14 14 14 14 14 
 14 14 15 15 15 15 15 15 15 15 15 15 
 15 15 15 15 15 15 15 15 15 15 15 15 
 16 16 16 16 16 16 16 16 16 16 16 16 
 16 17 17 17 17 17 17 17 17 17 17 17 
 18 18 18 18 18 18 18 18 18 18 18 19 
 19 19 19 19 19 19 19 19 20 20 20 20 
 21 21 21 21 21 21 21 22 22 23 23 23 
 23 24 25 28 28 29 29 30 31 
 12
 171 177 294 339 341 365 380 494 519 547 552 554 
 12
 3 50 52 94 146 192 228 236 302 326 409 548 
 8
 68 317 348 436 489 494 532 549
 13
 13 46 98 102 112 116 171 180 199 240 316 399 
 533
 16
 7 12 64 71 227 286 340 348 358 375 418 453 
 455 457 489 528
 10
 25 97 128 167 206 326 339 342 408 539
 10
 4 51 55 207 219 305 321 429 478 533
 9
 50 65 86 134 351 377 477 484 535
 15
 6 14 57 65 106 109 229 264 276 293 317 364 
 400 424 543
 14
 3 49 124 162 182 207 217 294 340 378 473 520 
 534 560
 12
 37 144 205 207 262 264 317 425 499 525 532 558 
 15
 35 78 98 113 129 130 164 321 339 359 426 440 
 488 533 554
 15
 129 199 234 284 366 385 392 422 425 471 508 520 
 533 552 558
 13
 61 131 149 246 252 293 295 360 412 451 472 480 
 546
 12
 9 16 21 102 114 211 276 290 330 397 398 432 
 13
 36 43 87 132 185 212 218 291 316 344 471 500 
 550
 14
 183 210 253 262 280 287 322 360 405 462 496 542 
 557 560
 10
 22 133 231 293 407 464 473 477 554 556
 15
 10 19 33 73 289 345 350 357 384 416 445 453 
 478 507 537
 12
 5 23 60 95 120 175 200 233 263 311 329 372 
 10
 26 96 151 152 163 173 241 405 443 451
 10
 68 116 123 238 375 387 396 472 481 545
 19
 61 70 102 133 169 180 218 246 250 251 287 325 
 404 432 463 470 510 511 560
 13
 43 124 132 136 247 314 393 424 433 451 504 506 
 524
 18
 10 67 89 92 135 138 220 302 316 319 371 425 
 430 450 453 478 497 534
 6
 6 234 335 342 462 494
 6
 48 244 274 353 468 526
 10
 30 127 199 284 319 398 438 473 523 548
 15
 5 46 53 63 153 215 216 224 340 343 454 504 
 519 531 546
 12
 21 35 97 126 137 171 172 228 344 448 544 546 
 10
 40 96 124 245 280 289 379 438 500 561
 13
 3 49 109 186 199 201 245 286 369 411 466 482 
 483
 14
 1 67 90 95 126 154 222 224 280 392 413 439 
 456 508
 9
 51 63 68 197 301 316 429 438 439
 17
 60 108 155 162 166 221 271 281 286 354 377 391 
 416 528 535 559 561
 10
 47 95 246 264 295 395 426 443 476 526
 14
 167 174 282 311 319 394 398 416 466 487 492 505 
 509 542
 7
 17 117 146 147 217 245 313
 17
 7 18 86 90 104 113 195 211 221 311 326 404 
 454 527 529 550 558
 22
 10 30 56 57 59 142 170 218 293 345 346 351 
 359 361 399 414 419 440 517 538 551 552
 9
 163 211 355 441 475 499 516 527 546
 9
 48 161 254 267 333 391 402 435 536
 10
 60 123 125 241 272 444 502 540 550 553
 11
 92 94 309 367 435 461 464 484 486 525 544
 14
 16 53 112 163 203 274 368 409 410 457 458 460 
 531 532
 14
 8 20 138 162 187 211 221 236 245 276 349 369 
 377 484
 15
 89 189 227 261 277 334 338 347 355 373 418 427 
 442 528 542
 8
 20 106 141 177 190 212 291 520
 16
 2 51 82 125 162 171 222 254 349 396 458 473 
 493 528 532 544
 13
 1 11 100 189 199 315 337 381 408 427 485 486 
 519
 12
 37 199 201 208 213 222 241 280 416 424 496 519 
 24
 161 200 256 276 278 288 326 363 384 387 390 408 
 465 474 495 506 516 524 526 534 536 539 555 559
 12
 71 120 181 223 248 258 259 408 471 482 505 529 
 19
 48 50 99 109 168 200 219 267 303 334 345 370 
 391 409 424 449 517 530 560
 10
 27 64 235 331 341 356 383 400 407 429
 12
 13 17 20 40 127 153 339 447 454 471 519 551 
 9
 17 49 92 104 236 315 375 430 453
 14
 5 15 136 173 198 239 345 402 457 479 494 517 
 540 548
 15
 66 131 215 251 278 283 326 358 416 418 439 455 
 478 534 543
 9
 37 88 98 116 126 245 268 515 529
 12
 52 54 93 180 253 314 327 341 401 411 435 472 
 15
 20 54 140 148 167 213 252 275 288 292 325 354 
 426 432 460
 16
 85 97 137 154 190 204 235 253 292 324 345 388 
 417 444 452 538
 11
 143 213 270 319 333 422 433 441 442 548 555
 14
 143 156 217 220 222 234 243 246 309 333 460 528 
 545 554
 16
 74 85 88 109 153 178 197 215 246 257 340 341 
 392 492 508 518
 16
 9 14 57 77 115 153 166 226 257 320 324 347 
 366 397 460 477
 4
 6 180 311 398
 13
 8 50 54 72 178 215 244 293 300 369 401 469 
 548
 13
 32 53 59 62 97 165 205 310 421 434 459 460 
 483
 12
 50 52 101 245 351 367 385 395 447 525 550 552 
 18
 2 19 51 90 105 129 152 156 205 256 271 287 
 319 373 377 384 455 489
 13
 5 33 136 230 317 363 391 461 475 490 522 538 
 549
 13
 1 10 48 125 127 132 142 160 201 217 276 424 
 537
 14
 43 98 99 127 135 205 214 230 251 286 371 493 
 530 536
 13
 28 34 51 55 66 93 182 263 354 371 413 452 
 529
 13
 64 117 124 173 207 209 244 373 401 436 467 485 
 549
 14
 7 87 90 105 122 141 168 194 214 256 285 485 
 507 526
 9
 62 93 107 168 493 521 538 556 560
 18
 50 220 243 258 275 304 329 332 344 359 428 463 
 476 489 518 521 545 551
 8
 206 327 422 440 468 488 503 512
 16
 15 100 181 191 207 217 279 340 357 383 387 416 
 421 433 522 539
 10
 30 109 208 267 283 336 347 370 431 547
 14
 12 152 164 242 257 264 274 288 305 411 429 464 
 496 523
 12
 15 112 130 136 137 174 255 302 380 417 515 527 
 15
 9 48 89 222 266 271 292 322 399 433 449 464 
 470 473 495
 16
 68 113 314 317 326 343 346 352 368 458 472 480 
 528 538 543 547
 12
 34 39 60 100 106 119 131 170 225 428 472 515 
 8
 5 48 476 481 483 495 526 541
 14
 24 32 52 89 99 260 372 397 406 422 456 492 
 540 559
 14
 63 86 147 179 224 317 338 343 426 471 523 536 
 541 543
 9
 71 142 163 212 243 303 331 455 462
 17
 47 50 55 58 73 77 119 143 292 297 365 398 
 447 478 481 493 537
 7
 4 75 87 206 367 447 500
 9
 95 103 144 159 341 453 481 482 485
 13
 75 103 135 172 215 277 349 370 431 439 472 497 
 549
 12
 6 8 118 133 251 275 342 517 533 534 537 541 
 11
 48 92 160 322 339 388 397 489 522 530 550
 14
 41 70 160 199 201 220 224 237 263 269 299 445 
 536 552
 14
 1 22 47 86 132 223 244 261 268 289 375 404 
 408 514
 12
 25 26 94 127 287 323 387 404 410 414 457 546 
 5
 25 138 195 295 427
 8
 104 166 245 275 279 461 471 493
 11
 98 188 232 311 324 329 385 396 437 518 551
 13
 9 176 182 278 292 296 321 338 369 425 437 454 
 553
 12
 3 47 99 119 177 205 373 376 437 447 481 504 
 7
 49 137 249 271 296 323 524
 7
 9 16 23 81 204 219 495
 5
 3 35 93 279 518
 14
 15 90 141 177 179 223 228 297 346 355 406 457 
 490 521
 11
 90 138 155 166 197 219 276 283 514 519 542
 17
 7 14 52 103 128 158 250 256 288 336 429 431 
 452 465 477 531 548
 12
 17 25 54 171 189 208 312 473 481 493 545 550 
 10
 64 69 76 79 124 310 395 398 491 544
 14
 6 59 170 171 202 323 346 380 447 483 496 497 
 500 527
 10
 7 69 74 129 153 309 378 437 490 532
 12
 5 29 122 128 132 139 306 329 450 477 518 556 
 9
 32 34 175 244 256 285 286 372 477
 11
 121 128 133 275 285 358 379 409 449 540 554
 14
 15 168 186 229 230 275 348 363 430 463 507 550 
 551 560
 16
 10 76 229 233 240 274 295 359 388 407 426 438 
 476 489 496 550
 14
 184 225 232 279 298 316 317 347 375 454 492 507 
 537 557
 12
 52 58 90 101 163 246 247 328 350 380 403 520 
 16
 124 128 150 231 251 256 260 339 367 431 461 490 
 502 513 521 557
 13
 17 133 218 231 251 254 281 349 398 425 463 530 
 547
 10
 35 134 139 185 237 248 265 429 434 487
 11
 7 12 213 265 290 315 337 390 454 506 528
 11
 3 123 151 219 244 254 368 441 442 488 535
 14
 53 54 93 104 204 261 274 354 361 390 501 512 
 542 560
 13
 2 36 57 91 177 193 243 250 367 411 450 471 
 495
 16
 141 223 270 278 336 357 374 394 419 450 476 509 
 537 545 554 556
 11
 1 7 13 61 97 100 330 350 378 396 478
 15
 13 71 129 136 237 253 263 292 382 401 487 492 
 495 523 543
 15
 49 67 114 183 185 249 279 376 426 475 486 541 
 544 551 555
 14
 75 214 224 265 295 338 346 349 411 432 434 468 
 489 531
 10
 117 156 165 198 199 372 424 505 553 556
 9
 178 280 286 311 313 370 445 446 454
 15
 56 83 95 210 218 260 291 312 316 350 394 436 
 515 528 553
 8
 142 175 203 214 434 464 558 559
 10
 34 67 144 202 208 216 281 332 444 560
 16
 41 85 89 110 172 271 325 340 358 360 376 380 
 410 427 491 507
 14
 6 8 76 122 227 240 275 286 318 328 476 530 
 556 558
 9
 27 89 220 277 312 336 380 428 431
 23
 41 44 48 74 90 111 142 147 198 275 312 313 
 318 340 388 407 418 458 475 481 497 510 532
 13
 49 89 92 101 168 197 220 257 368 479 488 540 
 554
 20
 4 133 142 172 176 200 207 216 218 270 282 400 
 407 449 470 477 501 504 513 553
 10
 19 65 75 125 158 167 316 403 410 438
 14
 8 60 166 178 287 293 301 342 351 383 389 518 
 544 550
 7
 4 10 52 239 429 523 536
 13
 19 107 139 161 322 347 357 398 424 434 474 477 
 526
 6
 88 101 158 368 395 452
 17
 29 131 135 139 181 204 213 243 263 312 335 353 
 373 398 406 451 529
 8
 39 157 248 288 301 379 402 415
 11
 10 58 134 164 178 224 228 238 348 479 497
 9
 2 91 247 275 283 285 451 488 519
 15
 52 105 196 207 234 282 316 333 338 346 370 428 
 462 550 561
 15
 2 26 66 96 124 125 204 253 339 350 373 382 
 397 518 520
 11
 26 88 91 124 191 344 357 370 466 520 539
 13
 86 105 146 201 320 336 344 376 400 462 467 472 
 496
 13
 42 92 139 154 202 289 342 343 351 494 510 524 
 551
 23
 47 107 115 117 124 151 171 174 192 197 253 285 
 291 361 368 371 393 401 410 436 446 459 493
 15
 103 222 242 371 404 406 409 456 457 497 501 502 
 522 529 554
 17
 21 85 94 138 158 162 248 254 255 296 313 371 
 372 484 511 519 545
 14
 7 45 66 73 103 110 145 262 315 346 407 476 
 480 482
 18
 87 161 227 299 302 318 321 324 365 369 397 400 
 483 485 504 510 528 538
 13
 3 33 156 165 240 247 300 302 427 481 482 521 
 533
 13
 25 33 188 209 255 284 290 379 461 485 493 543 
 553
 11
 38 91 110 119 167 222 297 379 388 443 479
 18
 53 105 106 137 186 198 205 226 244 305 321 335 
 390 401 411 530 548 553
 11
 4 50 162 215 227 349 411 494 495 498 532
 11
 50 73 91 233 238 267 290 330 346 412 423
 10
 7 125 134 204 298 313 333 350 451 556
 18
 10 65 93 96 107 149 203 221 232 277 284 331 
 374 376 402 490 516 551
 15
 133 209 214 220 322 353 361 405 425 469 524 534 
 540 558 559
 15
 27 162 205 208 210 259 281 302 330 352 390 440 
 458 482 521
 13
 3 35 145 193 277 368 373 387 439 457 462 475 
 522
 9
 12 161 181 244 369 382 503 554 557
 17
 104 163 229 231 235 237 273 297 368 413 426 474 
 479 484 527 536 541
 8
 29 89 141 252 267 355 457 494
 15
 24 86 219 262 264 296 299 313 370 400 444 449 
 493 518 520
 11
 47 85 94 115 121 140 245 329 434 445 502
 11
 37 57 60 79 85 141 197 202 239 283 456
 16
 47 131 140 261 289 378 391 403 410 445 467 510 
 525 529 544 548
 11
 12 74 85 227 311 323 328 384 504 539 550
 10
 38 175 177 223 256 279 280 295 506 528
 19
 27 66 69 94 99 163 277 320 324 345 352 409 
 419 431 434 460 469 501 526
 14
 2 110 161 168 194 197 252 276 318 329 358 409 
 425 441
 13
 52 61 67 80 168 183 186 306 380 456 494 503 
 509
 18
 21 59 67 86 146 150 243 244 279 307 336 402 
 423 433 436 454 478 504
 9
 45 77 182 206 209 225 289 342 514
 8
 47 139 298 362 512 535 542 547
 14
 11 123 136 152 253 257 306 333 376 401 494 500 
 520 557
 13
 10 16 38 150 198 216 244 253 291 399 431 480 
 524
 12
 51 68 124 309 338 345 356 409 433 479 510 559 
 9
 24 47 65 125 173 259 291 475 535
 15
 5 48 172 232 256 300 313 320 341 375 385 445 
 498 500 501
 7
 19 26 96 161 249 362 474
 20
 23 93 103 123 130 164 233 236 293 314 336 379 
 380 435 443 450 468 473 528 560
 9
 27 60 89 163 176 251 387 419 491
 13
 16 88 102 190 210 211 260 265 295 329 345 471 
 517
 8
 65 212 280 288 415 450 481 561
 16
 2 12 13 59 137 178 210 314 402 448 459 461 
 475 480 508 552
 17
 11 74 95 123 157 164 168 196 200 214 311 348 
 351 430 493 538 554
 7
 15 150 180 193 226 372 440
 13
 126 128 252 313 322 385 414 416 422 443 480 520 
 549
 13
 18 68 103 127 203 286 308 311 318 416 536 540 
 543
 10
 42 59 80 86 161 164 198 294 336 454
 13
 12 20 66 126 135 137 159 303 349 401 407 465 
 515
 10
 18 162 213 237 246 349 376 429 558 561
 9
 2 91 95 138 157 287 293 444 514
 11
 64 85 130 135 146 297 344 392 431 447 537
 12
 53 166 176 211 216 226 332 403 410 430 462 515 
 17
 123 307 338 346 374 382 428 451 522 528 532 533 
 542 544 551 555 561
 18
 220 243 278 290 291 352 360 375 397 399 401 464 
 490 506 541 547 558 561
 16
 21 30 58 74 78 90 110 132 188 298 359 397 
 495 519 520 552
 11
 214 270 310 337 385 397 434 468 491 539 558
 14
 155 205 328 335 372 376 377 417 424 465 508 528 
 551 555
 12
 4 87 115 123 147 221 234 278 357 428 441 539 
 11
 24 37 85 98 125 129 166 419 449 459 480
 11
 61 125 139 148 163 207 268 307 423 456 519
 17
 32 61 62 86 89 155 212 252 275 386 387 397 
 420 424 448 503 512
 11
 88 117 217 334 347 358 359 369 437 453 507
 12
 44 59 69 132 225 263 381 421 450 455 506 552 
 15
 40 47 118 130 162 215 222 223 361 449 473 486 
 495 508 511
 12
 142 151 165 178 200 247 273 375 478 521 529 550 
 13
 47 54 136 156 226 276 388 407 420 442 447 497 
 543
 13
 282 308 371 423 454 474 497 502 504 511 515 553 
 560
 11
 25 34 130 148 169 274 285 287 479 495 518
 10
 11 101 106 218 265 374 439 459 525 528
 13
 1 84 108 213 260 280 328 373 405 472 509 522 
 525
 14
 1 5 8 24 51 80 91 321 374 378 386 455 
 480 535
 6
 74 155 220 298 438 447
 15
 1 4 39 198 206 330 337 339 368 377 406 452 
 455 460 475
 11
 2 33 49 70 87 178 207 243 320 353 406
 9
 9 56 140 211 283 316 441 499 525
 14
 87 126 163 200 258 341 426 430 449 479 509 549 
 550 552
 9
 1 14 39 73 79 247 348 455 488
 13
 58 59 61 71 254 281 435 444 448 450 495 511 
 521
 13
 53 106 130 135 260 265 281 283 324 397 405 442 
 451
 14
 27 61 101 170 176 183 209 212 232 366 448 458 
 463 498
 11
 22 184 241 264 316 318 343 364 368 480 527
 14
 69 78 120 128 161 197 248 250 276 288 331 341 
 353 404
 18
 90 134 139 140 161 171 243 317 378 392 425 438 
 481 495 505 518 519 532
 11
 7 31 32 63 223 252 259 414 464 521 537
 13
 3 16 19 132 136 142 167 208 277 288 384 493 
 505
 15
 59 64 184 209 244 283 300 301 319 474 490 508 
 514 554 556
 16
 3 22 24 116 300 352 371 433 459 482 483 490 
 496 517 534 556
 10
 102 139 140 162 202 275 366 448 466 541
 10
 11 51 83 214 282 284 362 402 415 551
 15
 12 60 69 109 123 183 209 233 274 343 345 385 
 522 538 544
 9
 71 120 166 169 233 298 325 410 453
 13
 47 141 182 232 243 248 255 268 304 323 394 415 
 472
 10
 1 164 217 229 269 274 310 317 337 516
 17
 87 109 113 145 248 269 275 282 296 356 370 421 
 432 433 501 525 530
 15
 9 67 154 198 270 285 290 398 400 420 468 471 
 485 534 535
 12
 97 228 235 272 301 354 372 396 405 458 459 513 
 12
 64 169 187 206 278 318 386 404 529 541 559 561 
 8
 34 99 162 229 274 318 462 487
 10
 31 54 114 125 150 195 286 414 475 550
 8
 49 181 211 295 320 332 405 506
 14
 4 8 92 112 126 234 258 312 412 440 453 476 
 477 535
 13
 70 209 263 275 290 432 433 437 446 449 499 502 
 537
 4
 42 319 365 517
 15
 11 32 54 88 108 114 206 208 255 325 338 378 
 379 429 456
 15
 15 47 48 78 173 191 312 347 377 414 424 448 
 467 516 545
 14
 68 161 172 292 305 340 362 363 374 380 433 516 
 533 541
 14
 18 58 126 191 230 269 326 382 392 408 418 420 
 496 540
 16
 57 107 161 172 243 277 306 309 342 410 415 425 
 427 450 521 522
 10
 59 184 297 413 414 420 442 493 517 518
 18
 29 36 38 61 93 105 144 145 253 274 288 315 
 425 456 465 468 531 543
 16
 56 78 158 165 184 202 208 277 284 336 369 434 
 475 517 533 558
 13
 5 51 58 76 130 188 251 279 313 332 408 530 
 548
 13
 113 225 280 322 327 336 398 418 455 508 535 536 
 544
 13
 45 72 102 138 144 170 174 266 315 383 462 465 
 509
 10
 5 63 64 86 119 147 170 304 337 529
 9
 63 138 162 165 195 196 474 499 506
 3
 85 523 560
 15
 28 53 97 111 127 206 269 328 381 418 421 458 
 492 517 518
 13
 21 62 126 131 169 370 378 394 454 473 496 498 
 541
 12
 51 85 94 144 161 165 175 244 258 314 372 405 
 13
 5 20 36 126 130 134 167 341 373 404 432 476 
 478
 10
 49 77 127 135 170 203 250 321 502 517
 9
 26 88 205 259 348 419 448 465 517
 8
 46 204 251 314 410 439 466 508
 18
 17 130 154 157 175 313 336 378 403 407 417 422 
 448 453 474 497 499 507
 14
 68 88 123 125 167 267 304 306 342 384 482 487 
 540 560
 13
 6 93 96 149 168 177 231 257 258 289 319 348 
 478
 13
 17 63 87 95 212 315 374 398 431 452 486 525 
 533
 14
 127 204 249 268 283 321 326 369 379 427 484 505 
 531 543
 12
 67 159 198 209 269 392 430 435 448 463 467 480 
 11
 27 29 89 143 197 210 403 425 460 499 512
 10
 23 50 81 87 145 194 235 252 307 501
 17
 47 55 65 70 87 105 129 131 134 201 203 243 
 258 408 428 484 521
 10
 54 110 114 249 301 393 399 428 516 523
 13
 70 88 96 118 179 200 245 266 289 347 389 487 
 498
 18
 30 57 60 98 107 112 144 199 236 278 279 301 
 320 343 432 436 474 481
 8
 18 174 196 298 364 473 474 530
 13
 23 28 48 100 127 307 311 312 342 355 382 449 
 486
 14
 19 29 51 53 124 193 247 248 260 280 335 512 
 513 528
 14
 19 21 25 66 170 188 314 331 381 413 459 518 
 524 545
 11
 85 172 219 327 413 417 419 467 510 513 517
 6
 55 357 400 486 509 542
 8
 98 125 168 210 383 448 453 483
 18
 63 72 176 185 215 272 319 372 373 395 435 437 
 457 461 506 522 532 556
 10
 57 154 225 268 274 350 393 426 514 531
 9
 62 79 85 92 143 206 337 341 419
 13
 8 31 56 111 165 197 272 284 361 402 447 518 
 553
 15
 105 174 229 299 338 348 391 397 403 409 466 488 
 505 512 557
 12
 11 41 61 192 218 281 344 426 427 433 472 479 
 9
 72 112 134 246 313 331 336 389 493
 13
 73 84 102 121 186 190 307 393 404 443 531 539 
 546
 8
 15 55 90 156 299 460 471 515
 15
 143 186 204 210 226 254 274 292 314 321 330 387 
 451 485 552
 12
 18 39 66 190 262 294 319 351 386 451 473 499 
 11
 53 92 138 145 187 199 210 215 315 506 538
 13
 17 72 129 166 172 219 250 337 363 377 447 482 
 543
 10
 40 52 84 169 282 404 428 507 538 542
 5
 16 152 224 364 539
 13
 14 22 115 160 169 198 208 315 370 400 488 503 
 553
 11
 100 202 206 261 274 303 399 401 518 529 546
 17
 31 55 166 175 185 192 214 249 255 289 303 323 
 327 355 406 412 528
 8
 55 77 128 141 143 165 217 349
 12
 145 147 246 344 350 356 472 514 534 540 541 555 
 16
 161 199 202 231 334 343 377 386 412 486 498 499 
 503 538 543 561
 10
 62 65 104 173 207 362 376 397 428 529
 11
 2 116 126 189 203 246 287 336 344 425 466
 12
 6 71 167 206 250 278 324 352 389 498 506 534 
 13
 57 96 128 193 207 221 257 380 402 404 438 526 
 530
 8
 162 226 320 399 427 507 511 549
 14
 123 133 194 209 239 300 315 325 373 421 461 500 
 503 509
 14
 63 134 148 238 259 339 386 412 429 430 469 498 
 510 560
 17
 108 126 140 152 185 203 257 297 339 347 351 368 
 381 435 496 534 544
 12
 56 104 137 165 225 261 270 274 323 328 432 531 
 7
 28 52 212 376 395 414 512
 15
 1 49 94 128 169 216 230 282 327 425 507 511 
 513 542 555
 12
 13 54 99 125 149 161 399 421 456 471 509 539 
 14
 20 77 81 162 184 208 245 278 312 314 325 430 
 508 516
 13
 91 94 127 129 147 183 255 283 344 369 424 447 
 547
 12
 221 343 364 399 417 420 450 533 546 553 555 557 
 14
 1 3 51 89 96 179 201 354 376 389 458 467 
 501 503
 10
 215 338 353 383 411 458 511 535 556 561
 12
 92 305 338 359 362 403 413 430 464 483 489 539 
 12
 13 56 106 252 277 337 358 360 386 457 508 551 
 16
 81 110 124 140 166 260 277 327 471 472 493 515 
 530 531 541 555
 8
 4 82 87 173 400 417 440 472
 15
 33 67 97 151 179 202 284 340 379 413 449 451 
 479 519 542
 20
 23 50 94 102 176 179 197 204 331 371 372 456 
 462 486 520 523 531 543 549 555
 13
 14 73 199 201 216 241 245 336 388 393 408 424 
 471
 12
 26 107 261 284 285 342 343 368 374 427 494 556 
 21
 4 50 58 66 91 143 146 163 177 202 244 247 
 285 294 318 377 382 405 411 449 517
 8
 47 203 217 385 399 452 472 494
 7
 9 11 88 405 483 489 498
 7
 65 90 146 299 340 383 500
 10
 60 69 101 153 167 290 302 420 447 492
 14
 8 123 126 131 150 197 227 386 402 441 483 493 
 524 526
 9
 58 111 149 197 248 311 356 435 541
 12
 6 14 56 133 205 249 321 381 382 391 424 437 
 17
 55 76 144 201 274 276 312 317 412 415 417 434 
 452 461 475 524 528
 11
 22 47 170 173 200 214 296 352 353 496 537
 19
 12 28 69 75 114 124 129 275 299 308 312 318 
 371 388 463 476 479 542 557
 12
 6 22 97 111 167 276 281 289 374 403 429 522 
 11
 62 82 145 164 219 224 266 427 447 467 477
 14
 53 62 86 157 163 170 213 228 281 375 403 526 
 544 559
 12
 16 28 171 174 198 272 320 337 428 448 497 557 
 11
 56 108 116 164 247 282 296 318 323 437 512
 14
 64 70 113 179 249 282 322 370 378 393 399 402 
 517 555
 14
 124 132 197 254 381 406 412 426 446 448 449 452 
 482 532
 18
 204 284 308 382 401 415 425 460 466 473 477 500 
 501 519 525 545 546 551
 13
 4 30 98 148 266 375 385 390 473 491 509 524 
 538
 17
 192 258 279 339 360 369 390 439 450 456 469 470 
 493 514 523 548 557
 8
 36 95 189 228 320 442 504 510
 11
 47 72 85 87 93 100 250 254 352 353 436
 16
 212 311 406 408 430 440 444 450 452 459 478 494 
 499 527 557 559
 12
 23 75 175 197 287 294 308 325 436 502 505 542 
 20
 14 24 48 86 103 123 137 148 173 180 182 194 
 200 277 327 337 375 400 426 432
 15
 55 57 127 213 240 259 279 332 368 409 453 476 
 519 545 551
 11
 83 117 164 405 406 443 455 487 491 513 552
 11
 35 62 201 238 255 365 428 480 484 507 517
 15
 2 108 118 149 161 181 231 288 311 356 371 381 
 383 463 495
 17
 95 213 242 243 341 354 386 415 431 445 475 494 
 530 531 548 556 559
 11
 31 70 99 104 128 334 411 474 487 514 520
 5
 18 52 169 216 278
 10
 49 91 111 262 312 394 407 457 469 537
 14
 48 49 151 243 246 249 281 322 368 413 426 487 
 497 511
 16
 18 58 164 165 201 221 248 286 319 350 400 424 
 441 463 501 527
 12
 13 14 136 261 287 317 330 369 459 474 537 555 
 18
 108 118 120 187 198 200 223 247 280 314 389 455 
 463 465 470 488 502 549
 9
 31 72 203 262 291 306 469 537 558
 11
 54 91 132 155 245 249 294 356 427 448 510
 13
 40 76 149 159 174 210 212 243 304 305 494 524 
 558
 12
 20 86 111 115 239 363 383 403 418 435 522 523 
 10
 11 100 278 290 316 372 374 384 484 511
 9
 79 80 180 281 315 345 374 470 491
 18
 88 129 162 191 202 313 314 343 371 384 389 429 
 465 484 485 498 500 513
 17
 13 169 176 187 205 276 294 303 354 381 401 432 
 452 494 503 506 523
 11
 9 242 266 300 328 340 397 471 513 547 559
 11
 42 211 236 296 323 412 434 442 461 476 548
 14
 123 131 216 235 259 291 304 324 342 366 384 396 
 436 541
 13
 38 101 131 211 230 250 337 368 369 464 474 521 
 561
 14
 44 53 56 99 135 148 203 218 230 285 355 370 
 379 431
