 400 541
 1 1 1 1 1 1 1 1 1 1 1 1 
 1 1 1 1 1 1 1 1 1 1 1 1 
 1 1 1 1 1 1 1 1 1 1 1 1 
 1 1 2 2 2 2 2 2 2 2 2 2 
 2 2 2 2 2 2 2 2 2 2 2 2 
 2 2 2 2 2 2 2 2 2 2 2 2 
 2 2 2 2 2 2 3 3 3 3 3 3 
 3 3 3 3 3 3 3 3 3 3 3 3 
 3 3 3 3 3 3 3 3 3 3 3 3 
 3 3 3 3 3 3 3 3 3 4 4 4 
 4 4 4 4 4 4 4 4 4 4 4 4 
 4 4 4 4 4 4 4 4 4 4 4 4 
 4 4 4 4 4 4 4 4 4 4 4 4 
 4 4 4 4 5 5 5 5 5 5 5 5 
 5 5 5 5 5 5 5 5 5 5 5 5 
 5 5 5 5 5 5 5 5 5 5 5 5 
 5 5 5 5 5 5 5 5 5 5 5 5 
 5 5 5 5 6 6 6 6 6 6 6 6 
 6 6 6 6 6 6 6 6 6 6 6 6 
 6 6 6 6 6 6 6 6 6 6 6 6 
 7 7 7 7 7 7 7 7 7 7 7 7 
 7 7 7 7 7 7 7 7 7 7 7 7 
 7 7 7 7 7 7 7 7 7 7 7 7 
 7 7 7 7 7 7 7 7 8 8 8 8 
 8 8 8 8 8 8 8 8 8 8 8 8 
 8 8 8 8 8 8 8 8 8 8 8 8 
 8 8 8 8 8 9 9 9 9 9 9 9 
 9 9 9 9 9 9 9 9 9 9 9 9 
 9 9 9 9 9 9 9 10 10 10 10 10 
 10 10 10 10 10 10 10 10 10 10 10 10 
 10 10 10 10 10 10 10 10 10 10 10 10 
 10 10 10 10 11 11 11 11 11 11 11 11 
 11 11 11 11 11 11 11 11 11 11 11 12 
 12 12 12 12 12 12 12 12 12 12 12 12 
 12 12 12 12 12 12 13 13 13 13 13 13 
 13 13 13 13 13 13 13 13 13 13 13 13 
 13 13 13 13 14 14 14 14 14 14 14 14 
 14 14 14 14 14 14 14 14 14 14 14 14 
 14 14 14 14 14 15 15 15 15 15 15 15 
 15 15 15 15 15 15 15 15 15 15 16 16 
 16 16 16 16 16 16 16 16 16 17 17 17 
 17 17 17 17 17 17 17 18 18 18 18 18 
 18 18 18 18 18 19 19 19 19 19 20 20 
 20 20 20 20 20 20 21 21 21 21 21 21 
 22 22 22 23 23 24 25 26 26 27 27 27 
 33 
 14
 32 161 174 175 224 230 320 326 355 417 436 464 
 526 527
 11
 81 97 105 121 307 323 324 450 494 529 533
 13
 34 67 93 94 206 219 233 241 261 349 373 432 
 490
 15
 20 26 42 146 155 251 253 322 332 353 370 383 
 500 506 522
 12
 82 94 111 187 370 384 427 463 483 492 506 515 
 10
 1 14 175 197 249 295 350 393 476 480
 10
 56 80 141 153 304 327 329 402 439 444
 15
 39 108 132 157 178 208 247 253 255 318 361 397 
 407 435 529
 11
 1 42 45 134 182 244 255 270 443 479 534
 13
 47 119 194 240 278 285 319 320 321 345 422 439 
 501
 14
 7 16 42 102 223 269 300 302 318 326 339 355 
 396 536
 15
 7 8 163 191 208 221 300 319 329 350 367 388 
 463 521 534
 9
 74 91 149 228 252 335 359 447 528
 14
 171 268 301 336 353 413 424 430 446 483 495 499 
 518 541
 9
 11 66 146 235 244 289 347 431 440
 9
 9 45 85 193 249 269 318 473 496
 10
 1 81 129 173 200 201 222 334 450 497
 8
 1 7 128 237 303 351 366 446
 19
 26 52 54 55 56 95 137 162 165 283 314 346 
 421 445 475 479 528 529 533
 11
 6 40 52 131 253 350 359 463 485 514 539
 8
 159 376 383 392 515 532 533 535
 14
 30 80 97 129 166 173 181 261 285 289 391 417 
 419 470
 14
 77 119 151 152 250 264 291 346 406 450 462 480 
 523 531
 9
 1 147 224 231 368 402 403 429 463
 15
 83 118 165 264 293 300 356 401 436 437 447 451 
 453 491 522
 13
 8 138 144 224 231 320 349 374 405 439 443 487 
 536
 9
 38 155 251 343 423 442 447 450 515
 14
 86 89 92 145 170 188 202 221 291 318 337 354 
 373 427
 17
 122 151 209 234 251 261 295 327 349 410 426 451 
 465 497 515 523 529
 12
 4 39 106 118 123 141 236 316 348 357 366 437 
 10
 25 191 260 352 380 410 453 523 528 538
 13
 43 104 120 170 197 210 215 257 299 354 415 484 
 534
 10
 71 106 121 146 172 176 185 257 321 396
 10
 6 50 121 209 215 222 249 282 500 514
 2
 180 490
 13
 22 49 125 171 183 211 289 300 378 399 453 468 
 515
 13
 53 107 124 165 227 244 417 422 427 474 502 537 
 539
 14
 141 169 170 180 209 224 243 311 314 322 377 424 
 446 536
 17
 8 28 39 53 87 92 106 161 165 236 241 409 
 428 440 451 491 509
 13
 11 41 43 51 128 133 211 217 257 294 296 515 
 530
 13
 48 62 65 103 166 298 323 411 423 448 480 486 
 515
 7
 16 90 287 316 377 443 476
 18
 96 228 232 236 243 357 400 410 417 438 441 457 
 460 479 480 500 513 514
 14
 147 166 178 201 241 306 321 374 405 421 432 492 
 496 541
 17
 3 8 21 79 195 202 212 265 276 290 313 314 
 365 383 411 509 535
 12
 25 96 121 163 292 354 398 423 429 482 521 531 
 10
 10 40 211 287 325 332 356 419 426 503
 13
 149 207 252 253 300 436 462 466 472 480 481 495 
 504
 11
 17 42 89 115 190 203 245 286 398 438 514
 10
 88 130 148 163 221 248 301 324 360 364
 21
 5 32 42 119 126 131 135 161 163 188 220 227 
 242 296 314 320 398 400 437 471 503
 10
 23 57 129 173 189 325 353 408 454 471
 16
 8 25 131 166 179 195 216 259 299 330 365 406 
 416 496 502 520
 18
 37 44 117 132 137 138 144 170 196 246 305 347 
 348 351 353 397 421 500
 7
 83 210 282 500 516 520 531
 15
 49 64 88 143 152 211 346 364 387 401 405 423 
 451 484 485
 14
 89 93 125 141 214 273 319 333 352 389 408 518 
 525 540
 12
 12 93 107 109 136 257 377 385 399 442 483 524 
 12
 14 180 231 288 380 441 442 448 462 515 518 522 
 3
 8 126 491
 10
 43 76 196 201 276 286 415 449 479 480
 18
 120 121 258 271 309 336 383 424 425 428 469 472 
 486 489 498 527 533 541
 8
 9 138 228 260 318 454 467 474
 11
 65 124 139 162 180 190 289 396 409 448 537
 11
 55 81 122 183 209 245 311 327 336 444 456
 12
 188 210 269 369 391 411 418 438 452 459 476 477 
 14
 3 80 112 145 272 297 363 381 408 463 467 501 
 516 523
 10
 50 53 120 137 161 328 357 385 410 416
 11
 73 140 160 168 197 281 364 440 454 523 539
 7
 48 77 126 174 213 312 369
 12
 4 39 57 74 190 267 286 287 318 340 377 386 
 11
 45 46 83 110 136 281 344 383 431 486 514
 10
 59 125 162 215 221 235 246 286 309 354
 13
 10 96 120 220 231 270 288 294 326 396 421 492 
 537
 12
 43 62 73 100 140 158 244 329 440 471 513 538 
 5
 21 58 67 238 530
 12
 7 82 99 192 244 252 261 284 354 423 490 522 
 11
 143 289 295 318 338 341 461 469 491 531 537
 21
 40 81 126 243 258 270 272 285 304 325 338 345 
 365 380 445 449 455 491 525 533 541
 9
 126 133 190 194 209 218 302 311 532
 9
 15 30 176 221 328 381 388 404 501
 10
 50 224 246 290 295 397 431 445 502 514
 10
 41 124 135 186 250 291 402 434 452 471
 10
 61 165 187 254 296 328 358 381 410 476
 15
 1 63 79 134 241 289 294 347 360 372 384 416 
 486 490 502
 12
 41 46 138 195 218 273 279 313 440 444 464 493 
 7
 6 15 249 267 351 513 517
 13
 59 177 178 248 253 262 354 370 390 428 489 511 
 520
 14
 60 121 161 225 266 323 361 379 431 445 466 470 
 502 541
 15
 27 54 165 175 181 238 258 296 313 343 379 399 
 406 420 472
 12
 36 122 186 209 239 260 318 335 341 345 378 538 
 10
 29 49 158 292 421 425 434 450 493 536
 12
 21 102 128 169 218 244 263 293 329 380 513 518 
 10
 1 29 42 51 98 129 193 201 212 224
 12
 87 133 148 249 251 261 330 346 347 377 466 534 
 11
 58 164 169 176 211 220 247 285 332 381 426
 6
 54 279 397 441 447 487
 16
 94 102 141 195 203 216 242 275 413 416 434 462 
 490 531 539 541
 6
 8 17 309 391 415 528
 11
 27 35 162 368 391 402 438 442 466 507 512
 11
 39 98 122 156 324 349 386 396 404 431 498
 10
 60 148 175 189 214 270 333 349 380 501
 8
 17 95 150 163 250 441 475 501
 14
 114 149 171 184 216 295 327 382 403 419 442 485 
 526 537
 13
 4 88 130 169 197 216 245 271 287 385 424 456 
 490
 11
 33 99 160 242 246 263 310 330 410 437 454
 12
 2 40 72 103 144 327 341 397 405 420 429 508 
 18
 1 95 118 130 136 164 190 199 265 295 322 344 
 362 386 401 446 485 515
 11
 2 3 42 119 296 302 435 477 482 501 508
 7
 31 80 91 166 446 502 507
 12
 47 72 135 174 199 369 403 414 415 474 511 539 
 12
 70 132 157 167 226 241 359 371 375 447 520 539 
 17
 2 28 40 47 55 165 178 200 227 245 274 326 
 367 382 431 444 524
 8
 118 183 212 245 319 387 388 472
 12
 47 60 79 99 122 177 298 325 399 401 418 529 
 20
 123 126 170 242 318 342 346 355 439 441 445 458 
 465 482 489 497 524 525 538 539
 10
 64 82 119 250 257 259 304 384 505 533
 16
 13 43 49 64 108 154 157 173 214 220 346 350 
 369 481 486 493
 14
 41 47 79 82 171 183 241 342 363 365 429 438 
 470 517
 9
 23 124 150 221 223 288 299 462 523
 11
 4 19 124 125 172 232 257 268 308 363 438
 19
 15 16 49 67 210 230 252 291 336 351 396 398 
 471 480 486 529 530 531 534
 7
 1 122 181 187 223 329 345
 14
 5 18 131 146 191 216 325 329 394 417 427 444 
 454 515
 15
 46 58 214 219 245 340 399 445 455 467 480 482 
 485 492 527
 12
 20 36 287 327 401 439 461 476 484 511 521 526 
 9
 95 117 196 225 299 433 435 524 540
 7
 27 272 314 348 379 426 487
 8
 7 13 29 51 92 254 268 351
 12
 10 119 120 143 163 180 202 294 340 384 473 541 
 16
 292 387 437 455 466 475 478 482 483 487 499 508 
 509 514 519 540
 11
 3 45 69 88 154 243 245 344 358 400 408
 19
 52 63 99 111 152 172 178 198 225 239 240 248 
 250 259 349 380 396 467 537
 17
 60 126 138 211 308 315 323 348 366 420 421 459 
 479 495 526 533 538
 7
 153 205 223 446 455 496 518
 12
 101 124 242 266 285 392 471 503 504 513 515 516 
 14
 61 179 181 212 224 237 290 362 373 387 388 399 
 415 481
 12
 44 256 308 320 409 413 431 439 474 497 508 530 
 14
 4 12 52 59 81 131 186 193 218 451 488 496 
 500 516
 8
 83 158 244 263 347 468 530 541
 9
 9 31 128 164 183 346 422 457 498
 13
 48 128 152 184 320 325 328 363 420 427 442 467 
 496
 14
 8 83 118 209 223 242 279 319 334 383 481 488 
 499 519
 12
 98 99 233 341 355 358 398 426 468 483 500 537 
 15
 17 34 45 179 181 182 235 252 259 307 352 377 
 416 481 486
 8
 1 5 60 81 120 296 374 449
 11
 20 24 129 164 219 229 325 330 344 388 480
 13
 100 123 207 210 212 286 292 320 321 368 473 508 
 524
 10
 87 172 183 192 262 415 438 453 472 538
 11
 80 143 347 359 424 429 432 468 474 503 530
 8
 24 65 127 139 354 363 407 429
 17
 40 58 166 220 249 264 295 357 377 397 416 432 
 470 502 503 511 518
 16
 2 98 235 244 271 298 338 342 344 399 400 413 
 449 461 482 508
 12
 22 91 256 299 370 378 382 403 452 505 518 537 
 10
 20 159 303 305 345 421 445 465 488 489
 13
 6 56 178 227 263 301 321 323 372 393 405 430 
 432
 13
 14 86 167 227 293 294 303 326 396 420 426 500 
 510
 12
 33 84 122 125 193 217 225 293 296 297 419 536 
 8
 18 222 251 382 391 404 425 505
 11
 40 86 119 123 189 194 263 309 353 355 441
 11
 12 18 32 139 362 406 466 471 500 505 524
 13
 9 10 99 105 149 172 180 203 222 242 265 345 
 480
 14
 37 80 85 124 145 262 321 403 406 407 415 482 
 494 500
 13
 89 166 212 258 355 382 384 409 442 457 522 529 
 531
 11
 56 87 130 150 283 290 305 373 389 469 506
 10
 19 119 125 162 206 386 401 442 445 492
 14
 39 82 110 122 125 137 186 268 312 318 331 362 
 456 464
 12
 9 86 134 213 237 247 290 301 407 423 442 517 
 11
 23 25 57 83 190 290 297 312 362 490 519
 13
 41 100 138 172 196 217 219 230 359 382 389 414 
 478
 10
 7 18 54 219 242 267 420 435 493 517
 12
 47 66 142 233 239 318 320 333 360 465 501 507 
 11
 49 68 91 180 202 286 331 364 377 437 440
 13
 67 116 182 214 287 303 345 361 390 493 514 523 
 536
 13
 4 18 19 35 62 244 307 324 348 352 367 446 
 447
 8
 22 29 107 176 318 438 485 492
 15
 35 51 79 81 97 131 371 396 398 402 439 470 
 482 486 506
 14
 64 90 113 121 174 193 255 275 278 328 346 378 
 419 519
 14
 20 53 93 144 200 209 225 249 315 447 450 460 
 465 488
 12
 3 24 76 139 177 203 261 400 415 499 504 507 
 16
 6 142 155 176 180 265 270 287 306 317 320 352 
 452 475 513 534
 14
 31 50 67 213 214 226 310 375 384 431 464 465 
 488 526
 15
 3 28 79 136 168 171 211 234 288 345 353 380 
 416 482 506
 6
 3 82 267 383 409 505
 9
 9 12 48 51 127 319 326 408 541
 9
 3 44 109 165 242 380 440 449 497
 12
 70 90 99 133 148 232 274 289 298 405 407 479 
 12
 10 91 100 166 170 216 222 229 263 390 511 530 
 12
 41 72 106 144 213 291 348 371 428 433 449 488 
 14
 86 134 186 242 253 273 291 321 384 430 446 448 
 459 509
 15
 23 26 84 136 164 170 174 227 246 289 348 359 
 435 468 487
 9
 130 139 148 248 345 370 449 468 469
 12
 26 121 197 228 247 254 266 321 330 401 434 439 
 9
 58 118 174 312 320 360 436 460 538
 10
 13 43 235 258 338 378 380 439 440 495
 12
 59 73 92 194 199 204 291 301 356 490 511 515 
 18
 41 51 74 85 108 162 164 196 198 266 286 355 
 378 452 479 521 525 536
 18
 79 109 120 122 126 184 264 287 318 379 386 393 
 398 414 453 454 478 537
 9
 209 286 395 473 491 498 521 532 540
 6
 127 210 299 337 385 434
 8
 121 161 177 315 432 458 516 536
 6
 30 171 189 368 411 485
 10
 49 133 149 209 308 326 418 441 483 494
 14
 57 61 94 234 247 266 286 291 309 331 401 412 
 430 480
 10
 18 39 60 168 262 325 334 381 395 417
 10
 50 94 137 175 251 271 303 361 517 519
 13
 16 46 47 130 159 161 222 246 247 337 412 512 
 532
 9
 11 78 84 96 156 242 413 457 539
 13
 13 27 83 242 246 253 260 292 315 348 439 458 
 464
 16
 64 210 255 285 331 347 355 358 400 424 432 457 
 489 510 526 529
 11
 124 193 223 302 313 335 336 457 493 525 538
 20
 11 119 127 186 192 243 255 299 305 342 359 398 
 422 434 441 464 484 502 527 530
 12
 16 18 27 101 145 295 387 404 429 438 456 469 
 12
 3 40 92 94 105 106 165 232 382 462 479 493 
 11
 12 62 64 92 134 171 198 309 415 482 490
 12
 55 90 226 249 256 284 388 398 445 494 505 534 
 12
 40 47 135 233 298 306 355 358 403 439 468 506 
 14
 4 22 51 75 83 170 172 179 203 291 316 432 
 509 525
 13
 123 140 185 265 324 343 375 404 433 443 448 474 
 507
 14
 8 94 140 205 236 258 292 332 333 344 347 481 
 483 527
 13
 17 166 167 227 229 271 295 304 324 332 351 398 
 399
 9
 21 35 38 48 207 292 380 385 473
 12
 9 207 218 246 267 288 301 320 322 368 385 483 
 16
 132 167 179 186 232 241 248 298 300 320 404 407 
 435 520 538 541
 15
 68 110 122 146 181 232 254 280 300 351 366 437 
 446 483 492
 9
 6 28 50 57 82 265 378 440 499
 14
 47 54 61 62 119 140 158 241 298 318 319 369 
 430 443
 13
 59 103 120 133 154 166 231 297 463 483 515 537 
 540
 12
 13 119 123 173 291 386 411 420 436 462 475 536 
 21
 4 43 46 81 130 164 187 218 219 225 285 297 
 330 352 380 401 417 474 500 502 540
 11
 14 40 90 97 226 296 362 434 491 503 535
 16
 6 19 44 79 84 127 161 165 184 214 221 253 
 301 331 464 472
 18
 12 21 65 67 78 165 172 192 211 293 296 297 
 306 321 416 433 512 541
 14
 66 77 104 130 135 150 185 237 328 343 416 509 
 519 525
 13
 39 145 204 213 249 252 290 319 417 443 458 466 
 476
 15
 15 24 44 85 164 175 182 183 187 243 285 293 
 339 495 539
 8
 6 11 45 143 154 185 243 512
 12
 2 119 288 313 322 344 346 354 390 414 481 500 
 2
 39 478
 14
 55 156 223 282 290 301 350 400 402 407 429 439 
 529 535
 7
 1 109 186 260 299 397 422
 13
 63 80 225 230 279 300 312 326 347 373 448 469 
 485
 12
 44 55 149 217 226 229 235 353 425 445 502 521 
 13
 39 68 127 168 246 330 332 367 484 485 510 511 
 516
 11
 32 139 196 355 362 375 379 405 418 501 507
 13
 16 22 26 95 104 121 137 156 191 233 259 264 
 507
 6
 35 45 90 127 504 510
 14
 54 88 103 123 168 192 311 323 419 437 444 487 
 516 532
 15
 9 11 23 148 162 199 224 240 289 362 381 388 
 405 493 535
 9
 3 63 124 184 209 303 322 342 387
 19
 118 119 129 131 146 150 191 207 327 332 391 440 
 462 477 488 504 506 512 514
 8
 39 41 44 87 147 182 411 462
 11
 43 163 174 190 201 404 482 504 519 524 527
 12
 147 163 211 216 298 334 412 422 461 468 507 522 
 11
 9 61 82 176 195 283 306 344 409 410 480
 15
 5 30 43 48 71 127 171 221 367 382 399 437 
 500 536 541
 16
 2 21 24 98 155 221 242 245 253 288 289 328 
 450 470 490 532
 14
 84 107 118 162 214 302 316 319 325 371 415 452 
 457 488
 10
 89 93 165 189 352 376 400 452 454 494
 6
 37 89 234 360 481 538
 9
 198 254 291 344 350 493 512 528 531
 9
 52 172 276 277 346 351 378 420 467
 10
 68 237 250 332 358 381 389 430 467 479
 14
 14 15 23 86 118 191 192 251 297 417 462 467 
 480 504
 8
 134 229 330 340 376 490 523 526
 11
 49 50 68 113 160 304 305 384 450 510 535
 6
 76 86 100 185 350 524
 15
 43 55 164 175 240 251 263 302 327 379 395 444 
 494 503 532
 10
 5 15 164 228 234 248 254 305 331 524
 17
 2 40 85 110 123 163 212 220 285 317 347 397 
 469 489 492 514 534
 14
 65 89 92 140 222 260 311 372 480 496 504 512 
 520 536
 8
 75 128 141 145 153 213 436 440
 12
 82 120 222 264 269 376 379 425 462 471 521 534 
 10
 85 128 132 219 232 368 423 467 486 503
 15
 2 4 5 56 90 102 183 212 214 215 346 363 
 365 481 492
 11
 41 103 104 275 285 319 321 339 419 442 492
 11
 176 208 212 339 344 403 428 441 484 527 535
 10
 28 55 243 268 273 296 344 406 536 539
 14
 33 79 141 268 278 326 360 399 414 438 449 500 
 535 536
 12
 11 42 48 257 259 277 345 349 350 362 415 479 
 13
 2 123 129 164 173 209 310 311 320 396 425 455 
 517
 14
 1 14 41 43 178 212 213 285 306 323 382 411 
 503 539
 10
 2 92 176 287 306 337 412 433 440 502
 13
 19 21 57 70 100 206 215 245 294 335 458 463 
 469
 12
 47 53 80 85 292 294 364 413 424 479 502 528 
 11
 3 24 39 86 177 200 305 319 337 418 473
 11
 133 140 185 198 304 325 326 393 424 538 540
 14
 46 54 116 122 169 251 272 317 322 411 448 493 
 510 540
 8
 1 69 175 302 358 397 402 453
 13
 36 51 66 84 85 105 142 156 166 377 396 423 
 506
 11
 42 105 124 219 226 245 324 328 332 443 510
 11
 52 134 136 202 244 340 350 480 491 497 524
 13
 5 147 289 293 294 360 379 381 392 412 448 463 
 500
 8
 204 218 231 242 256 419 464 524
 9
 42 241 321 348 356 378 422 470 479
 14
 59 126 152 174 287 307 323 329 345 361 372 396 
 466 535
 6
 184 275 293 308 463 485
 13
 15 33 56 58 104 136 190 260 269 274 354 433 
 481
 13
 14 41 98 167 168 188 216 330 403 407 425 426 
 427
 9
 61 82 141 183 262 321 344 357 502
 8
 101 168 288 334 372 397 425 527
 20
 7 50 98 111 127 132 164 184 199 256 344 356 
 357 372 399 407 438 491 504 513
 13
 13 59 62 71 134 168 171 173 243 248 288 300 
 418
 18
 30 63 87 176 184 216 250 255 274 287 290 338 
 438 456 459 484 492 498
 14
 4 45 56 81 125 147 161 220 258 345 394 442 
 449 455
 13
 39 41 61 121 241 254 318 352 370 386 409 429 
 536
 7
 79 87 123 284 469 495 540
 14
 10 26 81 143 210 215 367 402 440 463 464 492 
 516 537
 9
 9 44 173 179 220 418 436 540 541
 20
 30 33 102 211 215 223 233 292 304 322 328 372 
 383 408 417 440 444 465 525 533
 7
 53 95 238 335 347 370 428
 12
 64 79 129 206 230 241 261 263 289 406 511 535 
 8
 46 169 310 339 344 465 498 534
 15
 22 66 123 187 267 281 290 338 345 379 381 385 
 422 519 536
 21
 21 46 51 93 135 144 161 213 304 324 382 388 
 396 417 426 437 472 517 519 527 540
 13
 44 93 169 179 213 282 390 402 422 517 529 538 
 539
 13
 162 187 194 253 366 390 394 397 456 476 507 511 
 522
 17
 115 171 215 227 269 371 386 405 409 410 505 513 
 516 526 530 532 535
 21
 6 58 118 143 181 200 204 213 222 235 248 324 
 339 361 393 416 418 431 443 466 512
 14
 2 65 163 246 279 416 441 444 452 475 487 494 
 525 538
 15
 12 70 91 167 189 220 234 247 335 337 356 416 
 419 427 511
 13
 5 11 25 85 114 131 135 163 188 329 379 438 
 501
 14
 13 182 210 262 351 353 357 389 391 430 437 456 
 498 513
 9
 34 86 97 218 231 310 353 369 504
 11
 89 97 252 276 359 364 428 475 512 518 537
 13
 112 169 188 191 246 258 327 365 399 428 460 518 
 534
 19
 38 39 133 137 187 229 256 273 280 297 319 373 
 383 389 424 443 448 496 538
 13
 87 119 247 262 298 384 394 412 448 505 508 510 
 532
 14
 20 119 131 169 261 278 299 364 377 379 451 477 
 509 538
 13
 28 85 161 206 304 349 356 385 396 465 481 495 
 527
 14
 15 79 125 143 144 185 239 266 277 308 334 384 
 387 503
 11
 176 252 288 293 367 393 408 447 497 526 530
 16
 14 22 45 101 247 260 297 307 336 353 365 377 
 424 478 495 539
 13
 6 86 100 272 334 400 417 418 446 468 491 494 
 519
 9
 16 34 80 210 223 314 319 430 537
 11
 37 198 209 245 268 295 327 341 418 442 521
 11
 102 168 175 299 333 395 433 471 494 505 539
 11
 15 88 162 305 312 356 422 456 484 512 517
 15
 7 12 20 63 69 118 167 181 189 205 208 291 
 346 463 470
 14
 40 63 83 121 122 153 167 175 248 269 284 458 
 459 487
 13
 118 205 233 325 371 423 434 455 461 470 476 513 
 525
 13
 10 80 132 167 262 376 378 410 520 529 536 537 
 541
 14
 58 112 251 275 285 302 348 350 360 475 511 522 
 523 533
 16
 24 101 128 135 189 192 209 334 351 366 398 427 
 441 453 463 483
 13
 46 188 210 243 248 331 333 346 357 403 441 473 
 533
 14
 123 136 142 151 243 244 273 283 363 425 487 505 
 528 534
 19
 14 18 29 54 91 120 136 162 178 194 319 322 
 350 374 397 451 466 479 506
 10
 10 114 146 237 252 259 371 409 490 523
 4
 25 118 215 349
 13
 52 96 177 225 226 300 324 329 363 385 443 505 
 517
 14
 48 49 79 112 178 256 274 319 324 361 392 421 
 501 526
 13
 29 53 54 130 139 213 368 381 398 441 459 513 
 518
 12
 26 88 118 125 161 249 336 361 459 491 516 528 
 16
 53 90 127 216 277 285 356 366 369 404 415 420 
 470 497 502 508
 10
 28 29 52 81 93 144 210 340 481 488
 16
 5 38 113 163 177 185 217 230 278 309 318 375 
 397 425 428 460
 11
 42 72 101 121 168 209 250 306 400 453 519
 15
 32 48 49 179 180 271 286 294 307 323 346 360 
 398 493 511
 9
 44 53 125 303 347 348 477 504 535
 15
 17 41 46 80 105 120 229 241 307 375 458 474 
 491 501 538
 16
 60 96 132 174 177 224 230 238 243 255 281 293 
 378 386 406 512
 11
 52 55 178 265 272 280 419 445 478 481 495
 13
 170 212 333 356 367 420 439 450 454 460 501 517 
 528
 12
 27 108 139 163 165 308 321 357 378 439 472 518 
 11
 7 57 115 120 151 162 210 230 256 397 479
 15
 69 80 94 135 170 201 211 229 342 412 438 443 
 477 489 539
 11
 44 108 245 247 292 320 329 412 469 488 509
 10
 46 75 169 174 234 238 318 352 426 541
 12
 10 65 69 145 167 194 211 217 327 390 435 462 
 10
 25 133 250 254 274 280 286 354 365 455
 7
 8 177 343 374 379 381 465
 15
 4 40 288 322 358 361 364 415 426 437 443 472 
 485 503 523
 17
 91 109 129 132 138 164 188 214 276 349 414 437 
 496 510 517 520 530
 8
 5 293 413 420 437 463 528 529
 8
 13 228 297 383 401 419 464 489
 14
 42 66 71 87 177 181 182 199 266 267 358 402 
 473 529
 12
 19 83 88 161 167 172 219 254 453 484 501 532 
 13
 142 161 209 215 236 290 316 374 421 451 487 490 
 520
 13
 103 142 154 162 168 228 303 333 344 359 400 437 
 464
 9
 179 204 301 403 414 430 467 481 482
 7
 43 111 120 128 214 259 328
 16
 44 45 48 106 118 195 217 246 247 298 302 392 
 393 484 510 534
 14
 47 184 200 231 241 255 310 341 415 499 506 525 
 536 539
 12
 7 11 118 140 218 226 280 331 399 438 462 516 
 5
 2 338 416 451 479
 12
 89 104 217 236 270 311 326 339 352 392 510 515 
 8
 27 96 137 173 287 294 468 497
 17
 13 19 31 36 60 66 84 157 197 292 323 348 
 417 421 447 507 516
 14
 12 16 34 61 84 88 90 130 151 169 389 423 
 433 501
 8
 132 228 288 349 427 449 462 486
 16
 17 50 57 84 87 95 256 377 382 401 413 418 
 444 483 486 491
 14
 10 46 56 97 134 155 182 241 290 322 366 408 
 444 446
 10
 17 20 45 59 68 126 205 286 345 473
 11
 31 70 170 182 209 255 313 404 484 523 536
 9
 31 42 84 95 110 131 153 310 406
 8
 30 39 120 124 129 142 337 510
 12
 5 62 133 137 211 217 294 323 351 437 447 465 
 15
 19 23 45 101 142 173 244 250 252 264 277 303 
 392 499 508
 12
 107 257 312 315 345 357 394 405 418 501 521 535 
 15
 128 138 193 210 212 248 317 331 335 347 387 404 
 408 452 474
