 200 215
 1 1 1 1 1 1 1 1 1 1 1 1 
 2 2 2 2 3 3 3 3 4 4 4 4 
 4 4 4 4 4 5 5 5 5 5 5 5 
 5 5 5 6 6 6 6 6 6 6 6 6 
 6 6 6 6 7 7 7 7 7 7 8 8 
 8 8 8 8 8 8 8 8 9 9 9 9 
 9 9 9 9 9 10 10 10 10 10 10 10 
 10 11 11 11 11 11 11 12 12 12 12 12 
 12 12 12 12 13 13 13 13 14 14 14 14 
 14 14 14 14 14 15 15 15 15 15 15 15 
 15 16 16 16 16 16 16 16 16 16 16 17 
 17 17 17 17 17 17 17 18 18 18 18 18 
 18 18 18 19 19 19 19 19 20 20 20 21 
 21 21 21 21 22 22 22 22 22 22 22 23 
 24 24 24 24 24 24 24 24 25 25 25 25 
 26 26 26 27 27 27 27 27 27 28 28 28 
 29 29 29 29 29 30 30 30 32 33 34 34 
 36 36 37 37 45 46 47 48 49 49 71 
 3
 45 50 124
 2
 121 174
 2
 17 24
 4
 6 117 132 193
 7
 43 51 79 124 129 134 203
 7
 71 74 90 160 162 174 209
 7
 69 136 177 178 191 201 215
 9
 29 37 63 75 94 148 154 156 160
 4
 78 100 151 183
 6
 24 60 62 68 105 119
 5
 1 30 70 132 199
 5
 6 28 53 123 168
 6
 24 64 126 131 156 196
 8
 23 30 35 51 107 122 144 193
 8
 44 64 81 135 136 140 142 202
 5
 86 103 109 158 196
 4
 19 72 102 106
 6
 10 82 151 158 198 200
 3
 105 180 186
 4
 40 91 137 154
 7
 49 63 94 95 133 151 182
 3
 17 97 108
 7
 42 78 101 117 131 156 199
 4
 2 30 92 124
 6
 74 79 90 113 169 199
 9
 37 58 64 97 117 134 139 184 191
 4
 101 167 169 183
 7
 33 34 85 132 139 153 155
 4
 14 89 127 137
 4
 23 41 144 148
 4
 17 46 65 105
 3
 27 93 207
 6
 86 92 93 95 199 215
 4
 2 20 135 162
 5
 13 49 57 92 102
 9
 13 32 53 88 156 166 173 203 213
 5
 45 66 85 140 206
 6
 41 45 48 61 144 190
 4
 70 105 208 215
 3
 33 109 208
 6
 61 64 106 115 153 156
 6
 60 69 112 137 182 210
 4
 21 56 98 141
 6
 22 24 44 114 116 175
 4
 39 91 147 213
 9
 76 86 103 126 127 153 157 159 202
 4
 61 93 114 159
 3
 66 175 211
 7
 86 91 98 154 165 168 175
 5
 100 183 192 204 205
 5
 13 93 156 176 209
 4
 41 44 93 131
 4
 54 123 182 207
 4
 8 40 70 132
 3
 7 110 158
 6
 40 41 138 168 177 188
 5
 104 155 181 185 201
 6
 22 67 79 81 166 174
 10
 17 32 40 55 89 99 115 157 164 210
 3
 22 127 211
 5
 112 203 213 214 215
 8
 40 67 116 145 161 162 173 207
 4
 3 6 101 193
 5
 57 153 163 179 200
 4
 13 26 136 172
 4
 145 150 198 214
 4
 70 125 164 193
 3
 9 103 109
 3
 1 37 67
 7
 15 24 58 94 103 123 178
 2
 26 156
 6
 52 68 114 161 172 194
 7
 45 59 69 108 122 135 170
 4
 10 153 162 194
 5
 62 146 190 199 207
 5
 73 115 127 164 207
 9
 76 114 125 143 157 164 179 187 207
 2
 197 212
 4
 77 112 114 167
 6
 72 108 127 129 150 166
 4
 43 113 184 186
 2
 55 88
 4
 18 71 107 212
 4
 4 55 82 115
 2
 105 209
 6
 34 110 155 194 195 198
 3
 5 126 181
 7
 60 63 78 144 147 165 212
 3
 34 78 165
 8
 61 86 87 108 119 210 212 214
 2
 148 215
 7
 73 79 84 131 140 146 210
 3
 69 92 160
 6
 31 90 99 188 189 205
 7
 42 53 133 136 157 187 197
 2
 53 158
 9
 40 71 101 115 129 170 180 186 201
 9
 21 25 89 103 122 148 156 208 212
 1
 3
 8
 2 17 36 68 137 153 170 206
 4
 101 163 178 211
 4
 118 123 138 147
 5
 58 83 96 152 191
 6
 78 82 95 125 143 209
 5
 142 162 166 185 193
 5
 50 102 165 177 213
 4
 46 59 145 211
 2
 30 115
 3
 35 86 173
 6
 87 120 134 135 162 210
 5
 38 71 118 119 169
 2
 7 13
 4
 25 43 99 157
 7
 9 19 28 42 96 164 191
 4
 22 32 63 92
 4
 5 88 161 174
 8
 87 95 123 137 154 196 203 205
 4
 53 72 142 193
 4
 98 123 149 190
 7
 18 72 81 114 169 180 205
 3
 16 31 181
 6
 9 41 138 153 193 199
 3
 7 26 32
 11
 53 70 121 149 161 172 177 183 191 193 210
 3
 16 117 187
 4
 6 150 161 181
 2
 11 118
 5
 32 56 57 67 179
 8
 48 96 118 129 171 177 182 198
 10
 158 169 176 187 195 202 204 206 213 214
 5
 3 11 102 134 201
 5
 23 111 183 184 192
 6
 13 42 79 94 133 161
 8
 87 89 91 132 172 182 185 188
 4
 35 73 78 189
 4
 20 56 74 116
 4
 15 97 119 202
 9
 3 25 26 47 54 60 126 133 181
 6
 5 24 27 122 132 169
 8
 23 128 132 134 141 171 173 186
 8
 138 139 178 183 189 195 206 208
 8
 13 15 16 17 18 89 94 146
 5
 21 72 99 130 172
 7
 2 18 48 59 60 70 161
 6
 96 129 143 173 181 211
 7
 5 21 65 66 98 117 195
 6
 1 38 111 133 136 182
 6
 31 59 97 168 169 170
 5
 110 145 161 184 194
 4
 22 31 135 190
 9
 25 35 73 120 122 130 141 169 198
 2
 29 92
 6
 22 60 74 111 142 200
 5
 30 31 42 149 210
 6
 1 5 8 14 33 149
 7
 3 21 30 51 84 87 128
 6
 104 141 152 188 200 209
 5
 21 46 80 102 130
 4
 36 122 142 163
 4
 41 59 87 200
 5
 62 69 88 130 164
 6
 4 12 40 53 93 202
 3
 47 111 181
 4
 4 22 59 115
 7
 3 22 43 46 54 105 130
 7
 80 106 126 151 167 168 196
 6
 23 69 107 124 148 181
 6
 6 21 123 125 165 185
 8
 50 83 116 122 171 177 192 213
 5
 4 27 157 170 184
 7
 49 65 106 128 140 179 192
 5
 28 75 78 143 213
 5
 34 44 88 168 207
 5
 32 59 62 88 148
 5
 23 148 168 171 190
 6
 30 80 150 168 174 208
 9
 1 23 36 55 71 90 105 178 215
 9
 4 8 21 92 96 97 114 163 204
 6
 2 62 95 125 163 181
 4
 25 43 63 141
 4
 73 140 176 215
 3
 21 31 128
 7
 69 127 162 171 180 181 203
 5
 36 86 159 170 195
 2
 7 157
 2
 61 124
 6
 1 14 86 114 140 177
 7
 44 75 80 113 185 190 196
 4
 61 116 205 211
 3
 25 109 163
 4
 33 66 77 175
 3
 18 54 198
 6
 14 40 159 211 213 215
 4
 47 83 194 201
 4
 30 75 122 140
 4
 1 2 30 171
 7
 33 92 126 133 176 179 203
 5
 64 107 110 124 128
 2
 65 125
 1
 42
