 200 212
 1 1 1 1 1 1 1 1 1 2 2 2 
 2 2 2 2 3 3 3 3 3 3 3 3 
 3 3 3 3 4 4 4 4 4 4 4 4 
 4 4 4 4 4 4 5 5 5 5 5 5 
 5 5 5 5 5 5 5 5 5 6 6 6 
 6 6 6 6 6 6 6 7 7 7 7 7 
 7 7 8 8 8 8 8 9 9 9 9 9 
 9 9 9 9 10 10 10 10 10 11 11 11 
 11 11 11 11 11 12 12 12 12 12 12 12 
 12 12 13 13 13 13 13 13 13 13 13 14 
 14 14 15 15 15 15 15 16 16 16 16 16 
 16 16 17 17 17 17 17 17 18 18 18 18 
 18 18 18 19 19 19 19 20 21 21 21 22 
 22 22 23 23 23 23 24 24 24 24 24 24 
 25 25 25 25 26 26 26 27 27 27 28 28 
 30 30 30 31 32 33 33 33 34 34 34 34 
 36 36 36 36 37 37 37 37 38 38 38 41 
 42 43 43 50 51 52 53 57 
 2
 18 103
 3
 10 17 59
 6
 161 179 181 184 196 206
 5
 17 28 136 159 204
 5
 17 70 97 113 135
 7
 145 146 155 157 163 194 200
 3
 18 22 161
 6
 29 33 68 102 171 193
 3
 21 148 184
 3
 96 143 193
 4
 34 54 69 96
 5
 19 89 130 135 192
 7
 115 135 155 163 183 190 204
 2
 48 142
 3
 12 103 206
 5
 59 65 124 187 197
 4
 29 30 112 195
 6
 62 76 96 164 186 187
 6
 30 64 89 130 159 175
 5
 61 97 105 194 206
 5
 73 120 132 163 210
 2
 41 185
 6
 21 22 61 68 89 130
 6
 31 75 158 164 170 171
 2
 47 101
 6
 23 46 63 91 92 179
 4
 124 147 173 212
 6
 7 12 47 68 94 179
 4
 156 174 186 191
 8
 20 34 94 127 141 157 165 196
 3
 6 11 161
 8
 40 67 78 84 101 124 194 197
 2
 134 206
 4
 139 150 153 200
 6
 29 50 87 94 122 171
 4
 19 95 113 203
 7
 43 108 118 125 156 202 206
 3
 70 119 198
 7
 15 29 43 131 135 141 178
 7
 20 50 71 98 101 129 133
 4
 26 101 102 137
 5
 120 166 168 197 203
 7
 80 120 125 126 158 187 202
 8
 31 55 58 77 94 143 165 210
 10
 30 32 43 90 96 103 109 128 137 198
 3
 19 98 177
 4
 2 48 73 115
 2
 3 206
 6
 24 59 90 93 199 206
 7
 75 148 160 172 189 197 198
 7
 28 29 91 145 160 191 195
 4
 18 21 136 154
 8
 59 123 125 147 153 178 193 195
 3
 30 96 143
 3
 54 181 187
 6
 9 70 75 82 117 174
 7
 18 32 45 137 156 185 201
 5
 1 47 144 162 170
 8
 63 100 114 132 137 156 189 192
 8
 169 177 182 192 194 201 208 212
 3
 20 184 190
 10
 34 60 72 81 152 158 166 202 204 205
 5
 199 201 205 209 211
 8
 37 60 62 114 123 136 164 174
 7
 14 63 71 82 113 143 169
 7
 50 52 80 89 132 160 200
 5
 66 82 113 135 190
 7
 5 66 96 111 139 175 205
 3
 63 202 210
 5
 4 73 85 88 178
 3
 31 135 181
 8
 14 30 60 80 105 159 172 210
 6
 46 49 111 141 193 210
 5
 45 49 187 197 207
 5
 17 31 164 174 186
 6
 76 103 138 163 176 180
 5
 93 95 116 120 195
 9
 1 33 141 142 157 164 173 201 204
 4
 133 161 173 211
 5
 102 154 165 167 183
 4
 64 77 83 128
 3
 45 65 96
 6
 16 58 70 99 111 160
 5
 43 121 135 163 189
 3
 67 92 176
 5
 175 178 180 202 207
 5
 24 33 75 97 195
 4
 2 4 125 153
 3
 58 135 186
 5
 5 21 76 149 166
 6
 76 97 121 164 185 188
 6
 73 90 122 127 176 188
 4
 32 106 160 188
 8
 81 95 133 154 162 164 178 198
 6
 12 19 41 46 185 207
 7
 69 121 129 144 162 169 193
 5
 7 29 46 115 149
 7
 45 95 110 155 185 201 208
 3
 56 119 138
 4
 40 62 72 189
 4
 1 89 122 210
 5
 11 59 99 163 198
 3
 1 3 8
 6
 103 167 168 171 191 193
 3
 17 30 68
 10
 43 49 69 95 105 123 154 170 194 209
 6
 35 78 99 126 159 207
 6
 86 97 134 152 188 199
 2
 62 172
 4
 29 43 51 179
 6
 6 17 55 84 196 212
 4
 107 144 171 180
 3
 6 98 182
 7
 22 26 83 85 104 146 149
 6
 94 123 138 170 189 197
 6
 44 74 80 104 158 159
 4
 47 116 119 201
 5
 32 44 123 141 201
 5
 85 111 148 186 204
 3
 10 105 137
 4
 2 68 107 206
 9
 86 87 117 123 129 157 165 194 197
 5
 25 39 48 131 161
 4
 44 115 156 190
 6
 4 33 58 122 184 208
 4
 110 142 202 209
 7
 32 35 95 102 112 129 177
 3
 18 138 196
 4
 58 92 106 202
 6
 53 58 90 109 112 134
 7
 50 80 94 98 157 170 194
 4
 18 38 130 177
 7
 104 114 126 130 141 159 208
 4
 69 140 186 190
 6
 70 136 148 169 172 205
 3
 59 146 170
 5
 11 95 120 157 193
 9
 23 52 117 128 138 176 195 199 210
 2
 51 107
 3
 35 82 86
 4
 7 24 51 206
 4
 11 68 101 177
 7
 67 69 94 106 114 186 187
 3
 13 52 72
 3
 38 65 121
 8
 19 64 67 69 83 111 150 201
 6
 47 70 100 123 156 203
 8
 19 38 39 81 89 112 147 182
 2
 45 51
 7
 10 95 128 146 147 152 193
 4
 63 80 123 166
 6
 31 128 140 144 180 196
 5
 58 60 140 167 176
 5
 42 53 145 207 208
 4
 66 78 183 188
 2
 4 18
 6
 5 27 71 120 124 190
 5
 25 77 112 186 204
 5
 20 58 159 171 199
 1
 61
 6
 44 48 120 127 150 173
 6
 3 81 100 131 165 182
 5
 15 99 172 189 206
 3
 22 141 212
 4
 94 122 195 204
 4
 25 114 142 209
 3
 8 193 203
 6
 131 135 149 151 169 200
 4
 90 160 203 212
 7
 20 53 72 99 110 153 161
 5
 57 78 132 165 191
 5
 71 162 163 190 196
 5
 26 81 112 121 128
 5
 6 34 59 85 181
 4
 61 91 151 181
 8
 2 10 36 102 112 131 135 148
 4
 118 139 199 203
 7
 65 98 156 161 173 185 208
 5
 23 83 87 150 169
 6
 9 35 60 72 94 193
 6
 37 39 84 100 139 207
 5
 62 108 145 152 198
 4
 44 107 176 182
 4
 19 37 126 142
 2
 5 211
 4
 60 109 129 136
 5
 1 21 33 46 111
 6
 1 18 77 111 128 140
 6
 36 44 45 84 91 100
 3
 23 143 198
 6
 2 3 19 71 106 184
 5
 17 43 66 76 116
 5
 13 54 74 121 197
 5
 49 113 118 153 177
 3
 20 61 108
 8
 75 79 88 104 159 185 199 212
 5
 17 58 152 157 160
 3
 8 64 129
 3
 184 189 210
 4
 27 36 92 113
