 400 693
 1 1 1 1 1 1 1 1 1 1 1 1 
 1 1 1 1 1 1 1 1 1 1 1 1 
 1 1 1 1 1 1 1 1 1 1 1 1 
 1 1 2 2 2 2 2 2 2 2 2 2 
 2 2 2 2 2 2 2 2 2 2 2 2 
 2 2 2 2 2 2 2 2 2 2 2 2 
 2 2 2 2 2 2 3 3 3 3 3 3 
 3 3 3 3 3 3 3 3 3 3 3 3 
 3 3 3 3 3 3 3 3 3 3 3 3 
 3 3 3 3 3 3 3 3 4 4 4 4 
 4 4 4 4 4 4 4 4 4 4 4 4 
 4 4 4 4 4 4 4 4 4 4 4 4 
 4 4 4 4 4 4 4 4 4 4 4 5 
 5 5 5 5 5 5 5 5 5 5 5 5 
 5 5 5 5 5 5 5 5 5 5 5 5 
 5 5 5 5 5 5 5 5 5 5 5 5 
 5 5 5 5 5 5 5 5 5 5 5 6 
 6 6 6 6 6 6 6 6 6 6 6 6 
 6 6 6 6 6 6 6 6 6 6 6 6 
 6 6 6 6 6 6 6 6 6 6 6 7 
 7 7 7 7 7 7 7 7 7 7 7 7 
 7 7 7 7 7 7 7 7 7 7 7 7 
 7 7 7 7 7 7 7 7 7 7 7 7 
 7 7 7 7 7 7 7 7 7 8 8 8 
 8 8 8 8 8 8 8 8 8 8 8 8 
 8 8 8 8 8 8 8 8 8 8 8 8 
 8 8 8 8 8 9 9 9 9 9 9 9 
 9 9 9 9 9 9 9 9 9 9 9 9 
 9 9 9 9 9 9 9 9 9 9 10 10 
 10 10 10 10 10 10 10 10 10 10 10 10 
 10 10 10 10 10 10 10 10 10 10 10 10 
 10 10 10 10 10 10 10 10 10 10 10 10 
 10 10 10 10 10 10 11 11 11 11 11 11 
 11 11 11 11 11 11 11 11 11 11 11 11 
 11 11 11 11 11 11 11 11 11 11 11 11 
 11 11 11 11 11 12 12 12 12 12 12 12 
 12 12 12 12 12 12 12 12 12 12 12 12 
 12 12 12 12 12 12 12 12 12 12 12 12 
 12 12 12 12 12 12 12 12 12 12 12 12 
 13 13 13 13 13 13 13 13 13 13 13 13 
 13 13 13 13 13 13 13 13 13 13 13 13 
 13 13 13 13 13 13 13 13 13 14 14 14 
 14 14 14 14 14 14 14 14 14 14 14 14 
 14 14 14 14 14 14 14 14 14 14 15 15 
 15 15 15 15 15 15 15 15 15 15 15 15 
 15 15 15 15 15 15 15 15 15 15 15 15 
 15 15 15 15 15 15 15 15 15 15 16 16 
 16 16 16 16 16 16 16 16 16 16 16 16 
 16 16 16 16 16 16 17 17 17 17 17 17 
 17 17 17 17 17 17 17 17 17 17 17 17 
 17 17 17 17 18 18 18 18 18 18 18 18 
 18 18 18 18 18 18 18 18 18 18 18 18 
 18 18 18 18 19 19 19 19 19 19 19 19 
 19 19 19 19 19 19 19 19 19 19 19 19 
 19 19 20 20 20 20 20 20 20 20 20 20 
 20 20 20 20 20 21 21 21 21 21 21 21 
 22 22 22 22 23 23 23 24 24 24 25 25 
 25 26 26 27 27 27 28 28 29 
 42
 1 7 40 89 91 97 118 121 146 171 174 177 
179 180 194 198 208 250 259 282 293 312 319 320 329 
337 349 350 361 377 425 426 430 456 471 483 527 560 
 612 648 669 679
 42
 9 11 27 53 79 80 116 120 129 176 177 198 
202 213 289 294 307 323 324 331 352 384 394 407 422 
431 434 450 451 469 512 532 556 567 569 635 638 648 
 652 655 667 692
 40
 9 10 14 21 61 89 130 132 173 177 308 316 
324 352 356 385 396 397 401 412 427 428 442 510 519 
536 539 549 551 560 590 600 606 614 631 633 644 657 
 681 689
 38
 26 31 44 62 93 109 117 158 164 171 204 230 
236 245 246 274 286 344 345 361 399 438 455 471 479 
486 509 532 535 566 605 615 617 626 628 645 651 683 
 31
 6 11 40 53 63 81 129 158 185 190 208 211 
272 374 424 429 434 440 459 517 563 566 584 588 599 
 614 640 651 665 673 674
 39
 29 54 57 58 71 79 123 183 187 194 229 238 
239 261 267 285 295 322 355 356 362 374 382 406 416 
423 444 465 467 478 482 483 499 511 512 565 594 659 
 667
 36
 2 64 66 95 105 209 212 213 221 237 247 248 
276 283 301 319 323 331 348 367 370 371 377 414 442 
 454 484 511 565 566 570 606 624 647 686 688
 33
 3 10 48 50 51 77 83 188 266 268 275 297 
299 302 318 358 366 368 400 417 441 473 518 577 578 
 585 619 629 635 643 644 683 687
 34
 11 35 42 44 45 59 101 119 134 146 147 149 
169 170 210 284 307 312 332 397 411 419 439 448 469 
 478 484 540 571 578 580 599 680 691
 29
 8 79 81 100 124 128 135 140 162 225 292 318 
330 334 391 403 410 464 494 516 521 527 552 594 614 
 632 641 649 686
 20
 8 17 73 137 141 165 295 298 324 348 376 478 
 492 497 498 523 593 646 682 691
 28
 22 49 55 66 113 153 204 221 227 242 262 275 
278 288 320 321 352 360 376 442 483 484 504 521 545 
 590 624 659
 29
 19 25 27 48 110 156 204 215 246 297 304 316 
318 324 343 382 400 419 472 502 508 558 606 609 614 
 642 661 675 688
 30
 3 36 43 44 106 126 134 135 141 196 205 222 
271 283 343 407 417 427 442 467 477 482 484 513 590 
 593 631 636 638 672
 39
 15 19 30 51 72 116 121 134 156 178 183 195 
206 211 238 270 333 355 357 367 420 423 430 433 445 
472 483 497 543 571 572 573 592 593 595 600 605 662 
 689
 33
 63 68 81 84 89 105 122 207 214 219 238 271 
329 335 344 365 378 416 436 452 467 490 491 546 562 
 606 624 630 665 666 678 686 692
 35
 43 45 86 103 163 175 193 202 209 253 256 258 
289 300 314 344 348 417 423 427 456 484 489 516 548 
 560 573 589 593 617 626 653 677 689 691
 27
 11 24 78 94 106 109 124 166 235 250 261 262 
308 326 336 375 420 439 508 550 577 597 612 644 647 
 662 691
 33
 2 13 20 24 39 58 60 85 102 121 127 187 
190 192 207 279 345 347 371 411 426 448 456 475 497 
 514 518 527 553 605 637 638 688
 31
 1 10 48 63 75 91 93 94 97 113 118 131 
147 159 210 287 297 403 431 438 473 477 513 534 538 
 583 624 654 670 676 684
 29
 1 6 22 62 87 98 115 137 172 180 238 295 
310 336 348 370 405 415 429 439 445 488 499 507 510 
 514 562 634 660
 28
 34 40 41 75 88 91 118 166 197 241 291 292 
369 372 395 418 438 479 494 537 560 585 610 612 614 
 637 657 668
 39
 2 12 20 72 79 82 86 95 128 129 138 141 
175 195 207 229 274 276 288 341 359 435 443 444 450 
461 464 476 576 581 582 583 584 612 633 655 659 667 
 688
 25
 9 39 109 127 193 197 225 244 252 261 271 279 
298 349 373 388 416 556 583 619 639 654 662 672 686 
 38
 16 29 42 46 58 88 89 100 121 122 134 153 
182 210 228 234 240 261 293 321 350 354 371 404 418 
471 472 473 502 550 551 558 594 601 613 630 678 681 
 28
 44 46 63 79 83 104 118 166 171 222 238 240 
258 271 309 421 432 440 467 488 509 560 585 631 649 
 675 679 688
 33
 12 15 16 69 87 114 130 141 142 153 166 178 
198 211 225 250 252 258 290 326 375 405 411 419 448 
 470 471 522 538 625 666 683 687
 36
 22 45 84 86 88 148 159 163 181 213 214 219 
220 258 279 327 330 332 350 351 358 404 412 447 458 
 474 482 486 498 549 554 573 670 675 690 691
 29
 5 11 28 35 53 62 81 122 165 173 185 208 
290 308 329 403 433 460 473 505 529 532 556 568 570 
 584 625 650 692
 37
 47 67 103 120 142 147 168 176 188 202 215 235 
255 271 276 290 357 360 374 380 395 434 449 472 475 
 506 512 521 527 529 534 542 547 563 564 600 651
 36
 1 18 50 56 97 102 119 130 189 192 200 248 
316 328 353 381 393 408 425 442 452 453 461 469 471 
 495 497 506 518 556 585 586 656 659 660 686
 29
 9 10 47 88 92 105 106 122 148 168 171 184 
209 212 217 322 325 367 475 482 531 574 576 644 655 
 658 675 686 687
 33
 42 60 118 128 148 162 280 305 347 364 366 367 
398 416 436 441 455 456 464 465 489 493 505 507 509 
 527 530 566 581 631 666 689 690
 38
 11 19 31 88 94 118 119 122 139 163 169 185 
244 282 292 296 322 327 330 353 367 372 388 422 430 
431 437 470 476 495 505 509 544 584 603 673 680 690 
 48
 12 15 46 60 83 85 113 125 137 138 177 185 
191 274 278 302 305 314 325 326 333 355 383 388 393 
397 409 416 436 441 444 469 478 495 510 521 536 551 
 556 588 592 600 619 625 631 661 668 687
 41
 1 40 66 80 110 129 130 145 161 177 183 205 
219 222 249 263 267 288 307 351 356 360 370 372 411 
423 460 471 481 483 536 566 590 604 607 631 633 640 
 661 667 682
 38
 8 10 52 91 93 108 124 139 170 228 240 258 
282 283 290 291 294 304 430 435 442 469 470 478 502 
503 504 510 518 524 546 551 561 580 614 650 657 660 
 36
 31 66 94 117 130 142 158 210 229 230 248 256 
257 264 297 298 301 318 328 335 343 352 356 372 394 
 410 442 450 474 525 550 569 590 609 612 652
 34
 4 19 56 59 68 95 96 103 142 190 198 244 
245 252 291 297 308 310 321 329 339 364 415 431 473 
 482 505 586 603 611 617 618 654 678
 49
 8 47 57 61 71 75 78 90 97 114 117 123 
131 162 163 181 208 218 251 253 289 291 328 350 359 
377 389 398 400 410 448 474 477 508 519 541 553 586 
 590 591 605 611 619 633 637 660 661 677 683
 39
 9 10 25 45 48 52 55 82 88 100 103 105 
116 127 158 188 211 225 229 264 280 297 309 358 378 
414 416 421 500 540 541 553 563 567 583 614 622 654 
 687
 38
 32 45 60 78 109 135 140 161 183 186 191 192 
214 218 241 250 268 292 348 349 356 366 399 406 426 
465 488 498 513 558 564 577 589 636 637 648 653 676 
 45
 49 58 85 154 182 190 205 217 227 235 244 270 
277 279 286 288 323 325 330 349 368 369 398 428 429 
437 457 471 474 478 491 499 500 521 534 549 569 571 
 577 607 616 625 629 655 677
 41
 11 15 42 66 80 93 101 119 125 139 144 171 
210 245 256 261 265 289 311 321 326 329 401 409 414 
431 433 438 446 515 553 574 586 597 600 606 607 608 
 648 656 678
 48
 30 37 53 69 73 78 91 100 108 117 163 165 
200 201 206 218 258 260 284 299 335 338 341 347 352 
362 383 392 400 405 406 408 440 443 466 481 496 504 
 528 573 605 629 642 645 650 666 671 673
 40
 12 16 47 66 73 84 124 132 167 176 187 212 
214 224 227 236 247 269 287 300 320 349 354 358 359 
365 377 381 394 395 446 477 491 552 561 571 572 633 
 674 681
 28
 19 72 117 150 161 166 183 243 267 280 300 301 
315 325 329 395 405 413 568 627 634 658 665 669 676 
 677 687 692
 26
 5 6 55 56 59 118 132 157 169 187 246 291 
321 444 488 489 505 529 547 548 579 596 608 618 656 
 658
 31
 1 11 45 54 74 81 126 142 168 171 206 248 
256 261 267 285 306 392 410 471 487 493 520 552 563 
 566 570 611 631 644 686
 31
 13 64 91 131 137 145 152 208 240 273 277 288 
320 336 353 415 450 465 496 530 575 579 584 589 598 
 603 612 658 664 670 688
 39
 56 95 105 115 133 160 189 193 208 217 234 275 
287 301 320 321 322 372 424 437 448 490 494 522 523 
526 546 548 568 592 595 598 600 610 612 636 663 680 
 686
 39
 46 52 56 64 96 103 119 146 153 154 212 226 
237 241 265 269 321 350 389 408 445 449 461 470 486 
495 501 502 518 525 534 535 537 545 554 603 625 636 
 655
 37
 35 47 109 112 118 140 144 168 174 176 188 192 
195 214 240 293 307 317 343 351 388 393 421 424 427 
 460 476 483 492 499 537 549 599 606 608 684 685
 39
 17 46 76 101 148 156 169 180 188 206 228 278 
289 292 348 357 415 417 420 422 437 440 456 476 506 
515 519 532 541 544 613 617 619 635 658 668 681 686 
 688
 28
 7 40 50 80 89 199 215 270 294 309 310 331 
510 535 542 564 566 567 568 578 580 587 591 608 609 
 668 689 691
 39
 5 51 87 103 120 130 175 177 181 207 230 262 
265 297 301 310 324 336 342 344 351 372 398 405 441 
447 450 476 491 555 580 588 594 641 652 677 681 684 
 686
 25
 15 25 43 66 99 102 118 162 184 202 205 209 
243 292 309 378 400 413 461 476 506 578 585 665 693 
 42
 60 64 92 101 125 143 155 233 234 249 264 282 
303 308 331 339 345 355 357 369 391 426 427 473 481 
503 506 513 523 557 572 580 622 631 640 644 646 666 
 669 673 676 691
 31
 28 73 79 117 134 162 166 198 209 224 264 279 
319 323 355 373 389 416 425 483 533 536 542 545 567 
 573 587 644 651 666 693
 34
 20 40 61 72 76 79 109 123 197 212 261 295 
329 332 363 366 373 399 406 419 431 436 444 490 500 
 505 532 542 576 598 667 687 688 689
 35
 52 113 140 200 203 205 238 286 291 296 311 320 
333 334 338 342 345 367 378 389 401 413 431 506 511 
 553 582 593 611 640 645 654 667 677 687
 36
 9 23 48 55 62 101 128 129 134 173 182 191 
206 213 214 221 234 239 242 279 300 314 354 361 483 
 487 493 503 528 543 589 624 627 654 655 692
 29
 3 13 18 69 88 90 123 131 156 208 265 266 
267 310 326 352 361 379 385 398 535 563 580 584 598 
 657 673 675 683
 28
 2 39 44 81 88 97 98 117 128 151 168 210 
257 261 296 300 352 368 410 470 473 543 554 563 593 
 601 610 663
 34
 12 44 92 123 127 154 162 177 184 209 231 263 
283 318 338 347 358 372 375 407 411 437 457 471 479 
 529 549 556 599 601 629 638 672 693
 40
 1 2 4 34 43 62 64 79 82 91 158 180 
204 208 209 210 216 223 251 292 301 321 323 359 406 
414 432 491 494 508 530 541 565 577 595 609 631 632 
 636 674
 35
 3 10 14 22 51 60 69 85 95 119 129 157 
186 187 217 266 294 332 366 406 426 437 462 483 488 
 489 499 515 545 561 574 628 682 691 693
 33
 7 39 62 76 83 126 138 141 165 179 184 201 
222 242 250 267 286 312 319 364 392 399 439 498 504 
 505 506 511 559 613 622 647 669
 37
 71 82 107 117 129 135 158 169 210 223 241 272 
276 292 297 344 349 351 360 385 456 472 553 564 583 
 606 611 619 621 642 643 647 657 658 673 675 682
 31
 10 49 57 64 90 91 104 142 159 174 206 241 
306 324 350 370 393 407 414 415 430 469 484 496 498 
 535 587 590 662 667 676
 34
 14 28 81 106 117 120 140 212 237 253 262 268 
290 302 332 335 371 372 397 402 443 482 522 529 530 
 531 569 573 608 618 633 640 677 687
 45
 24 32 43 55 63 85 93 103 109 114 120 126 
128 138 168 215 226 229 277 304 322 330 366 393 418 
422 459 463 470 521 522 531 538 556 566 603 611 617 
 626 629 646 648 666 686 692
 37
 6 34 53 54 85 119 136 137 176 278 290 313 
315 333 340 361 363 368 409 437 506 508 510 537 538 
 539 555 564 573 575 616 618 623 626 635 639 664
 30
 1 26 75 85 96 138 157 198 211 224 255 269 
286 298 342 369 436 474 542 567 605 608 625 633 654 
 667 668 670 672 680
 30
 33 46 83 107 119 120 127 148 209 214 232 243 
288 293 298 309 362 393 489 512 519 536 555 559 564 
 576 592 652 687 693
 38
 11 18 19 79 89 109 133 175 188 219 246 270 
278 286 290 318 321 346 361 386 388 469 477 479 506 
523 530 536 558 559 563 581 594 597 602 628 632 652 
 35
 60 68 76 77 81 202 212 213 219 220 251 255 
259 278 315 325 329 369 429 439 440 442 492 504 530 
 534 547 550 617 624 636 646 677 686 688
 40
 24 42 44 49 118 125 166 169 174 187 208 212 
227 240 308 317 365 377 379 408 416 427 436 439 452 
458 460 492 511 514 544 571 578 606 607 646 668 675 
 682 691
 32
 29 63 72 74 95 106 120 124 134 185 207 214 
216 224 248 275 322 324 331 342 355 377 391 397 407 
 412 431 479 513 522 664 687
 40
 19 26 27 79 112 133 156 157 187 216 225 247 
305 308 333 337 347 352 386 396 412 418 422 476 477 
487 534 535 551 595 616 637 641 645 655 656 663 670 
 690 693
 40
 6 20 36 48 61 82 94 99 100 156 185 202 
205 227 241 261 287 290 305 320 361 379 396 420 423 
424 448 481 499 511 516 536 556 564 590 628 631 644 
 672 677
 30
 67 72 81 96 128 135 172 199 220 240 246 287 
303 313 323 341 370 379 392 457 460 525 528 548 617 
 626 640 645 654 673
 37
 17 36 50 74 97 99 109 116 125 127 197 256 
263 297 313 330 337 349 383 386 397 422 423 432 435 
 441 452 478 488 564 578 606 631 654 664 670 679
 32
 5 13 16 76 80 95 111 160 171 185 191 247 
312 313 322 357 381 388 396 400 421 426 484 502 519 
 525 533 559 603 620 661 678
 41
 5 33 42 46 84 120 122 123 127 148 157 160 
163 169 216 232 241 254 271 272 309 330 381 396 399 
401 477 504 509 514 519 535 551 558 578 586 613 616 
 620 635 671
 36
 20 84 118 134 165 181 205 215 216 221 226 264 
265 291 318 352 362 375 404 439 446 458 477 503 504 
 507 517 522 526 549 552 570 622 656 673 692
 35
 6 13 38 51 110 119 124 126 129 147 185 200 
207 224 236 251 326 343 348 364 375 396 400 409 434 
 529 530 533 534 552 584 621 638 643 668
 38
 2 11 52 64 69 70 91 97 149 205 220 240 
295 301 318 320 391 395 420 459 468 470 493 500 506 
529 532 554 570 583 596 613 630 638 651 680 684 690 
 41
 27 47 66 81 85 98 116 135 142 156 162 175 
194 209 210 227 266 268 295 300 303 379 428 450 459 
461 485 502 510 519 535 538 569 578 628 633 638 651 
 652 678 686
 36
 50 96 102 136 166 186 209 211 239 244 250 261 
277 292 295 362 399 422 447 449 453 454 463 530 544 
 561 567 569 581 591 592 613 623 636 684 693
 40
 8 21 45 88 99 127 136 157 193 195 204 220 
249 267 273 279 296 308 318 338 339 348 355 357 377 
396 411 419 428 432 481 485 509 572 586 589 606 661 
 666 672
 49
 3 21 38 41 52 58 86 98 181 189 193 195 
208 211 221 226 235 254 302 329 330 349 365 384 390 
392 395 396 463 465 471 477 480 498 503 519 534 545 
 552 557 563 575 627 632 645 653 663 669 686
 34
 52 65 157 169 179 205 261 288 297 328 347 375 
391 397 402 407 432 471 473 480 485 516 536 539 593 
 625 637 639 640 654 670 685 692 693
 43
 2 3 4 6 18 43 44 45 49 111 112 122 
126 135 154 170 184 209 213 217 218 219 222 226 289 
293 315 378 401 435 455 462 471 482 507 542 607 629 
 639 652 655 673 685
 35
 10 44 47 52 125 153 225 229 247 250 258 260 
269 275 290 349 440 457 475 511 519 528 550 557 568 
 579 586 592 597 602 624 634 684 686 689
 37
 18 26 37 45 49 83 90 100 131 158 160 187 
197 203 206 207 243 255 291 300 376 390 412 440 441 
 461 474 479 486 497 504 516 535 567 609 629 643
 31
 53 55 89 114 121 166 290 292 310 318 329 331 
371 372 398 414 451 453 469 470 479 493 502 552 556 
 576 600 621 624 685 686
 38
 3 19 21 25 31 54 85 86 141 153 229 249 
253 259 282 284 302 321 326 330 338 347 367 408 414 
430 431 436 487 505 508 540 545 635 647 671 673 677 
 34
 1 4 29 71 106 113 125 128 189 199 233 327 
345 359 365 433 439 440 450 506 507 538 542 547 557 
 592 595 598 609 616 642 643 659 671
 33
 25 92 108 137 180 181 185 186 205 213 222 247 
250 252 256 266 285 292 307 319 328 336 340 375 394 
 575 586 598 620 626 637 671 678
 33
 16 97 105 159 203 244 252 295 319 324 387 400 
404 421 450 462 473 480 502 506 515 557 578 583 588 
 589 590 596 607 642 645 650 673
 37
 20 40 50 53 77 111 114 121 127 135 146 213 
215 274 275 293 320 339 345 347 392 411 455 490 512 
 528 530 563 584 600 604 608 651 659 669 672 693
 36
 4 13 56 86 88 117 120 139 151 156 207 216 
217 218 223 255 260 300 306 324 337 346 393 436 483 
 491 510 535 573 577 578 593 652 664 667 688
 37
 60 104 132 144 185 225 229 247 264 268 271 324 
362 371 394 398 407 409 410 432 446 479 505 541 569 
 578 580 585 622 629 637 644 659 661 667 674 689
 30
 22 27 53 94 101 119 135 176 180 204 244 260 
309 368 385 430 473 474 499 509 519 527 545 549 555 
 565 566 610 640 688
 33
 62 68 121 163 168 192 227 229 252 270 287 299 
306 317 341 361 433 473 481 489 503 516 536 562 569 
 580 586 594 597 629 682 685 689
 21
 4 142 146 149 326 366 386 393 404 436 458 472 
 491 499 533 534 571 578 633 652 658
 42
 17 31 36 63 93 100 171 174 177 194 218 224 
232 236 243 247 265 287 293 314 316 320 322 328 341 
365 379 381 415 428 429 435 446 448 537 539 547 613 
 625 646 667 685
 45
 39 82 113 189 211 221 231 243 252 266 281 294 
321 335 347 353 357 370 373 406 410 412 417 466 492 
519 526 531 542 560 566 580 597 603 606 608 623 627 
 635 642 660 662 671 682 687
 27
 1 28 33 49 51 86 122 128 130 158 194 259 
263 283 303 370 381 445 462 485 529 549 554 572 574 
 613 657
 31
 4 7 13 33 41 53 59 67 74 90 127 165 
246 288 357 366 413 486 489 512 527 531 536 543 589 
 595 600 606 659 663 673
 51
 4 21 41 80 81 85 89 91 145 158 165 167 
172 184 188 189 202 219 221 242 266 274 284 292 298 
322 326 349 352 355 366 377 387 395 412 432 440 469 
524 529 536 565 574 575 583 593 603 630 633 647 655 
 35
 8 17 67 69 76 115 124 131 161 190 197 209 
221 223 228 229 240 293 294 321 334 339 357 395 431 
 437 443 469 480 489 495 534 609 617 677
 41
 2 39 46 85 124 167 204 206 212 218 223 241 
242 257 288 298 323 362 366 372 373 375 401 410 420 
429 437 438 451 461 473 482 496 517 545 564 615 626 
 633 668 678
 39
 15 16 24 39 45 59 81 84 85 122 138 163 
186 193 196 232 243 251 263 282 300 335 348 349 389 
391 422 434 436 470 499 538 563 569 587 600 638 642 
 672
 35
 2 43 61 136 159 197 206 209 219 221 283 291 
294 304 316 324 339 397 430 433 487 514 518 532 534 
 553 564 567 580 601 612 618 630 669 687
 22
 1 58 74 93 100 113 156 242 244 252 268 308 
 398 415 467 474 520 594 630 655 674 682
 36
 61 84 146 156 169 176 177 181 247 251 255 269 
315 325 348 359 396 401 403 448 455 524 541 573 584 
 592 593 598 611 623 629 637 640 652 661 685
 41
 73 77 83 121 128 138 157 162 174 178 182 187 
204 214 255 288 289 304 316 327 339 341 352 400 422 
476 479 511 529 532 557 560 583 593 600 609 617 638 
 656 662 666
 32
 42 68 159 173 194 204 220 254 262 338 362 368 
399 401 405 415 469 475 487 505 515 518 526 536 545 
 594 605 606 640 646 661 673
 30
 12 15 83 115 182 194 245 260 275 300 310 360 
363 381 431 438 446 472 507 521 532 534 555 586 604 
 615 621 646 649 659
 24
 2 4 43 63 161 183 210 268 296 351 378 408 
 430 450 458 466 483 487 504 519 523 539 576 599
 30
 4 5 27 70 196 218 253 259 269 294 302 347 
368 422 439 445 477 522 529 535 552 568 582 588 596 
 640 653 659 690 692
 36
 57 104 155 160 173 181 193 256 263 308 330 359 
392 408 429 453 464 481 485 496 513 517 529 569 573 
 578 602 604 610 621 631 649 664 680 681 692
 36
 20 47 58 64 80 95 106 117 125 148 170 180 
213 217 253 276 306 326 337 348 356 368 374 390 392 
 404 469 496 583 586 589 595 605 631 653 660
 42
 11 16 46 74 98 111 130 165 196 201 214 240 
248 276 280 290 305 327 335 339 347 369 392 409 426 
436 450 490 494 500 534 571 579 586 598 605 610 616 
 634 651 659 665
 36
 55 62 66 67 70 72 114 126 165 242 244 249 
286 291 319 330 337 344 359 382 394 405 426 512 525 
 538 541 551 560 563 579 595 608 680 682 691
 42
 14 23 26 70 73 80 84 124 143 149 169 189 
301 307 321 387 396 401 402 412 425 435 475 487 495 
509 518 539 559 577 587 598 601 611 627 643 663 679 
 682 683 687 691
 44
 47 142 161 168 169 205 236 237 266 272 276 286 
307 325 335 362 376 383 390 391 392 395 423 424 426 
431 438 447 449 451 552 562 579 607 609 614 629 630 
 635 642 650 677 690 692
 44
 6 20 38 53 59 82 112 122 129 141 154 157 
166 175 227 228 255 256 336 341 352 359 433 449 452 
456 473 502 524 559 561 569 587 597 607 645 646 647 
 666 669 675 679 680 686
 45
 98 103 129 143 148 150 161 182 205 226 240 272 
304 335 353 358 360 382 405 407 421 422 427 454 484 
487 492 507 516 520 555 565 567 574 591 607 622 627 
 636 660 666 672 678 683 689
 39
 13 17 39 48 66 83 105 164 166 176 196 216 
247 248 252 268 285 319 326 334 352 373 381 389 402 
430 438 445 506 527 550 578 580 584 630 632 633 639 
 670
 30
 1 18 28 46 47 51 53 71 77 99 107 117 
188 190 241 354 403 425 445 446 473 537 545 556 574 
 575 601 617 631 689
 38
 3 17 21 44 50 69 71 84 95 103 109 120 
122 178 183 248 255 280 294 302 351 364 394 398 415 
479 485 490 509 537 546 555 579 593 612 621 662 680 
 32
 45 70 90 121 125 138 160 196 241 268 274 280 
287 321 322 370 394 418 419 421 443 475 492 514 528 
 560 590 621 622 655 677 678
 50
 24 31 49 61 75 77 83 93 103 106 124 143 
149 214 222 240 248 262 264 281 298 300 320 333 342 
347 373 389 393 403 417 428 434 448 456 471 476 488 
 496 506 508 511 515 558 565 598 616 621 645 659
 34
 3 78 113 153 168 176 178 186 189 206 210 219 
259 290 296 305 318 344 358 359 393 406 432 440 444 
 468 474 504 554 570 575 624 636 650
 37
 9 44 61 89 205 217 229 242 254 270 289 291 
359 388 413 422 427 430 445 467 470 475 485 489 494 
 513 541 542 563 579 593 602 605 669 679 683 691
 35
 2 15 42 50 81 108 132 135 160 170 200 231 
291 292 334 347 378 381 399 428 442 466 477 482 494 
 503 528 564 568 574 578 614 616 634 650
 35
 10 57 87 91 125 128 131 175 186 191 205 217 
230 242 247 254 256 336 348 349 378 393 469 475 478 
 507 544 565 569 586 634 637 640 674 682
 38
 9 53 63 81 94 109 121 171 206 222 224 225 
268 292 325 329 333 335 337 378 381 413 442 460 463 
472 514 518 543 545 576 587 596 602 608 616 649 670 
 30
 20 42 87 135 179 182 193 246 365 374 375 386 
387 395 424 443 450 456 489 491 541 553 564 594 624 
 639 640 641 645 667
 38
 2 10 14 30 56 137 143 171 178 181 206 211 
243 288 292 294 323 325 351 368 407 427 433 442 448 
470 474 510 515 537 539 554 587 591 599 624 660 674 
 24
 3 28 105 120 149 161 178 194 216 255 293 312 
 315 402 485 543 549 554 566 605 609 674 675 692
 32
 19 58 64 68 82 96 103 146 175 183 202 213 
269 305 337 358 394 403 406 415 443 450 494 501 504 
 529 543 589 593 602 644 645
 40
 6 63 85 87 93 117 131 137 167 174 183 239 
275 288 298 313 314 320 360 371 419 428 443 449 459 
461 462 480 507 511 562 609 614 629 630 633 648 651 
 665 693
 30
 61 80 81 90 121 153 196 217 254 289 303 334 
352 357 365 408 419 477 494 503 521 571 625 648 659 
 664 666 675 679 683
 37
 2 45 52 54 107 137 164 167 175 219 224 232 
249 259 303 319 350 354 388 396 429 433 441 457 479 
 486 489 528 545 555 565 610 627 630 631 668 677
 40
 19 26 33 39 44 79 104 112 140 156 167 168 
182 200 206 212 231 233 242 286 338 353 360 364 374 
382 383 407 422 441 442 482 567 615 632 637 652 662 
 674 685
 40
 10 14 33 46 48 63 96 127 155 163 204 212 
217 225 263 268 279 287 293 302 324 342 353 365 397 
431 435 467 478 522 569 571 582 599 632 659 667 668 
 669 683
 25
 36 66 82 150 153 165 286 288 351 373 374 395 
397 405 485 501 557 559 591 614 620 630 642 660 689 
 30
 5 12 42 43 44 48 77 89 103 152 169 187 
233 258 269 299 322 353 354 445 480 503 504 539 554 
 564 566 572 587 598
 33
 31 32 35 44 46 52 57 70 118 199 236 247 
272 281 312 404 427 436 439 444 471 477 485 503 527 
 530 535 570 571 614 669 684 689
 39
 12 15 50 88 91 107 120 133 146 171 185 187 
195 223 288 313 322 326 360 369 375 396 419 459 481 
520 536 543 551 556 582 585 591 599 604 627 643 652 
 663
 33
 3 4 13 14 15 16 98 126 142 233 253 257 
304 324 363 373 395 403 431 446 502 513 521 525 537 
 574 591 605 630 639 641 678 684
 36
 55 81 87 88 117 145 160 195 213 308 317 320 
340 363 395 411 427 436 445 457 468 482 490 491 508 
 540 557 558 572 582 606 650 669 679 683 688
 51
 30 31 34 46 71 74 86 111 164 166 176 195 
211 228 234 272 282 287 297 307 319 320 328 329 342 
349 366 380 382 384 405 425 435 440 444 462 486 504 
505 529 530 540 542 567 588 595 629 631 649 658 661 
 42
 5 17 67 81 90 136 143 150 158 161 169 213 
238 243 285 307 331 333 348 361 380 393 409 434 443 
445 446 447 463 464 493 513 517 559 587 595 601 605 
 636 637 639 664
 33
 29 51 60 87 110 164 169 173 188 206 250 286 
303 306 312 344 387 391 401 413 430 502 521 523 544 
 588 596 601 613 656 680 688 690
 36
 31 32 118 137 171 197 215 254 262 281 310 319 
332 348 363 367 376 385 389 397 415 421 427 449 495 
 557 558 569 572 608 609 616 622 650 679 689
 33
 37 53 93 99 100 122 166 170 209 216 231 246 
268 281 311 315 384 388 429 432 463 504 520 562 577 
 602 608 635 663 668 670 681 692
 35
 34 35 54 90 97 110 135 157 158 165 210 234 
241 260 275 282 289 294 334 342 351 381 392 398 403 
 492 503 573 576 581 585 626 658 663 667
 37
 20 31 32 55 63 72 84 91 92 113 132 175 
177 195 249 275 286 290 303 314 333 335 348 370 372 
 440 457 489 504 509 510 549 562 578 586 617 663
 40
 21 29 41 48 57 64 68 84 123 187 204 213 
217 260 264 286 292 309 324 347 410 421 428 452 463 
477 509 520 529 546 551 563 565 566 584 611 613 622 
 625 684
 35
 15 19 22 99 116 117 122 130 142 143 154 157 
182 192 205 215 234 251 253 276 291 315 329 337 386 
 403 426 453 512 517 529 548 588 596 613
 40
 15 47 56 84 101 104 147 161 166 168 173 203 
216 246 270 296 329 351 352 364 368 376 408 428 474 
491 518 568 569 595 606 608 621 645 655 669 671 681 
 687 689
 38
 26 43 82 112 121 122 125 144 176 204 244 254 
257 271 287 288 293 324 353 357 395 410 418 419 433 
437 468 471 479 502 523 548 558 617 643 660 682 688 
 39
 3 7 14 47 50 69 92 104 110 133 159 161 
167 199 209 228 233 236 240 246 289 321 327 367 386 
433 443 452 469 484 503 535 583 585 604 607 657 661 
 690
 39
 3 5 22 26 54 59 80 83 120 122 123 125 
129 173 191 193 204 214 228 232 255 260 290 300 335 
396 406 407 486 490 497 527 534 541 563 579 611 615 
 671
 35
 38 43 52 82 85 123 141 145 200 216 217 221 
252 253 265 269 270 297 330 364 393 430 433 439 460 
 473 522 557 565 568 599 620 649 656 683
 43
 8 25 35 48 86 87 171 238 241 259 262 271 
280 290 291 293 322 345 348 361 362 363 376 395 408 
438 451 453 457 491 494 497 556 566 623 630 640 649 
 655 663 675 677 688
 33
 48 58 61 72 81 94 132 144 169 215 219 232 
235 240 307 310 327 361 384 406 427 444 460 504 544 
 565 588 605 615 622 673 674 676
 28
 2 3 40 87 206 222 245 276 293 301 316 347 
350 373 396 407 521 522 541 565 602 611 617 619 628 
 644 645 660
 46
 4 7 29 36 48 138 152 155 158 159 164 177 
198 201 207 227 242 245 248 249 262 294 331 332 349 
352 395 470 472 473 484 486 524 525 535 548 549 566 
 571 573 574 610 636 653 685 691
 33
 7 12 30 43 87 107 108 150 167 177 190 196 
209 222 267 297 307 317 319 341 403 408 427 430 432 
 470 533 595 619 631 644 661 688
 32
 6 39 106 124 125 158 180 225 233 269 271 326 
338 339 350 367 368 385 393 430 434 451 472 482 531 
 557 568 593 632 633 650 670
 34
 50 62 65 69 76 82 94 104 162 165 172 188 
214 248 350 355 380 399 427 452 462 475 509 525 528 
 547 574 593 608 655 674 678 686 693
 29
 54 70 121 133 191 220 229 253 322 327 347 361 
363 407 438 465 501 516 518 553 566 598 607 635 651 
 669 678 681 690
 33
 17 59 102 112 159 169 227 233 249 258 283 319 
334 341 351 353 368 382 432 446 469 481 511 546 567 
 579 600 640 654 661 663 664 681
 34
 4 9 31 53 79 89 98 149 164 186 207 221 
230 308 318 397 428 429 437 438 444 484 486 517 547 
 567 578 579 630 636 637 642 665 692
 38
 4 17 21 24 26 48 73 80 102 127 179 188 
207 272 334 336 339 376 382 409 416 418 439 507 516 
528 530 540 573 578 589 616 629 665 680 687 689 693 
 46
 4 44 51 57 76 92 130 163 176 197 209 225 
249 254 280 306 386 430 447 481 489 505 528 534 538 
539 540 546 562 580 583 591 599 601 610 613 631 635 
 643 650 653 669 677 683 684 693
 37
 8 47 57 62 82 104 114 129 131 144 153 161 
251 272 275 287 296 312 322 323 341 373 377 387 399 
 418 425 437 495 530 540 544 603 631 643 665 692
 34
 9 19 30 34 40 50 98 152 161 182 194 216 
246 264 266 271 339 362 393 401 415 429 483 491 525 
 528 532 535 570 584 597 611 631 652
 36
 67 80 90 116 117 147 161 190 213 223 226 319 
340 392 402 412 474 476 483 532 540 541 572 589 590 
 608 610 620 622 637 648 653 670 677 680 689
 39
 7 27 49 68 123 145 154 169 173 190 191 201 
223 224 242 244 254 256 266 287 297 334 343 354 355 
376 378 383 408 442 458 464 535 538 598 605 619 637 
 638
 35
 1 3 14 29 44 51 58 66 94 132 162 168 
174 202 218 249 251 279 330 348 353 397 400 464 508 
 511 600 611 628 643 650 667 668 678 691
 32
 7 11 49 56 60 82 90 100 120 126 225 238 
245 272 340 348 380 401 409 419 453 496 498 517 538 
 540 546 560 573 669 671 673
 36
 19 25 70 83 129 141 147 154 171 264 292 298 
301 319 340 357 364 412 430 437 451 461 466 490 511 
 521 529 534 546 560 577 588 623 631 632 637
 32
 2 6 26 30 69 72 152 196 220 247 327 331 
362 375 384 389 393 439 458 464 465 492 528 537 545 
 550 575 588 592 606 656 689
 32
 23 41 43 45 72 75 98 99 152 208 225 253 
274 297 313 334 399 432 433 438 447 451 454 485 515 
 549 566 575 615 626 671 684
 40
 2 7 17 40 57 62 87 96 105 118 123 145 
156 180 209 214 243 286 298 310 326 327 338 340 351 
371 427 439 441 450 456 464 470 529 577 610 618 635 
 668 683
 31
 36 45 47 105 119 122 157 172 198 232 258 314 
366 380 390 394 430 438 455 465 489 507 528 531 537 
 547 561 565 613 646 686
 31
 3 23 47 52 85 110 148 150 152 166 167 201 
253 277 286 290 305 335 398 412 421 423 428 444 446 
 513 572 632 633 654 690
 35
 11 62 67 93 96 108 135 141 150 157 160 172 
203 205 287 288 317 415 441 484 507 512 517 524 541 
 572 592 607 630 639 651 652 671 677 683
 33
 13 16 18 41 102 127 178 240 241 249 265 266 
308 328 351 380 391 402 472 481 502 552 553 577 588 
 589 601 635 645 646 666 674 680
 30
 40 43 45 66 87 126 139 159 164 207 220 233 
248 255 256 261 262 263 339 344 440 465 473 502 574 
 616 624 646 661 689
 35
 3 26 27 44 60 88 97 131 186 190 218 230 
237 238 250 256 288 316 333 356 395 457 471 475 498 
 503 527 565 572 590 605 638 641 665 686
 43
 4 52 61 80 94 99 105 107 120 162 175 182 
183 249 250 262 268 269 283 289 309 314 317 347 371 
420 443 503 535 545 548 575 593 594 616 620 623 625 
 630 639 640 657 681
 29
 46 101 109 122 139 234 306 322 383 398 412 428 
445 469 489 501 503 531 544 576 589 599 627 638 654 
 664 674 680 687
 34
 1 20 23 40 50 75 89 96 118 180 200 204 
207 218 219 220 222 240 242 250 310 347 426 432 493 
 549 564 590 597 609 630 646 656 658
 48
 9 13 33 46 51 54 76 80 84 105 147 169 
195 209 232 253 255 280 288 293 309 318 321 330 332 
354 399 408 430 487 496 503 505 513 515 520 530 533 
 543 551 570 594 605 632 646 658 678 688
 30
 34 90 95 134 144 159 170 195 200 229 231 243 
273 278 299 334 336 345 359 367 374 474 477 484 510 
 522 569 571 617 680
 33
 31 45 68 73 79 104 121 144 179 199 207 226 
230 266 350 354 379 390 401 419 423 438 467 488 494 
 563 584 585 630 651 653 664 668
 29
 4 5 52 87 89 96 146 171 204 230 244 250 
274 287 305 310 312 334 355 371 372 431 514 585 624 
 658 666 678 686
 25
 8 44 75 83 90 98 204 206 226 267 295 296 
297 332 340 354 460 516 522 531 539 632 671 680 683 
 41
 25 51 59 119 173 176 192 216 228 260 281 290 
318 332 337 344 351 368 392 403 482 503 506 511 522 
524 527 539 544 547 556 566 602 604 631 632 641 666 
 681 689 690
 37
 12 18 26 52 61 66 79 88 145 158 198 218 
220 235 243 252 254 265 282 288 289 339 340 356 387 
 391 411 417 430 437 441 443 455 463 490 523 577
 37
 6 15 48 66 79 120 124 125 126 179 201 203 
204 216 252 267 380 404 449 454 466 480 486 497 516 
 542 563 569 574 587 604 606 609 641 644 673 685
 37
 8 14 102 106 117 129 134 139 145 156 157 211 
226 232 288 312 313 370 396 403 431 457 474 481 487 
 507 513 518 534 575 576 584 585 594 627 647 667
 32
 5 11 16 21 23 29 30 60 126 160 179 187 
196 261 264 281 333 374 377 378 401 403 423 431 505 
 508 510 532 567 620 638 639
 27
 1 28 36 64 68 112 129 133 247 264 273 323 
340 374 427 439 458 467 510 521 577 587 619 632 642 
 680 691
 31
 3 100 105 200 241 242 246 251 255 257 276 277 
285 320 342 366 380 383 399 421 426 434 448 534 543 
 561 569 676 677 678 686
 40
 5 34 62 71 80 85 88 89 90 97 132 163 
169 185 201 205 213 239 245 259 260 265 272 297 325 
341 374 426 443 454 477 495 504 522 532 546 585 598 
 600 606
 24
 7 40 104 137 138 156 172 199 223 249 255 267 
 351 358 399 503 518 520 546 591 607 608 658 662
 38
 62 63 108 118 121 129 143 163 164 207 218 261 
276 307 336 374 386 401 427 435 450 456 480 482 529 
561 568 586 608 620 637 665 667 679 680 681 687 693 
 34
 32 51 59 112 137 163 235 251 262 270 289 296 
325 332 404 411 433 435 438 461 476 491 514 517 520 
 537 563 580 588 614 615 628 637 649
 41
 4 33 39 83 119 145 148 157 159 166 172 200 
217 220 225 233 242 252 269 313 324 354 360 372 374 
376 411 423 428 443 453 455 502 506 542 561 563 584 
 585 587 611
 42
 21 48 75 78 89 93 114 126 128 130 136 142 
153 164 173 188 246 258 260 295 337 370 391 397 401 
402 428 462 535 540 542 544 558 583 585 616 642 659 
 667 675 685 689
 36
 18 53 54 68 95 130 138 154 232 257 261 286 
294 304 338 365 409 424 463 485 492 498 505 507 525 
 526 548 564 571 575 615 636 644 647 651 676
 40
 13 14 28 34 52 65 70 92 122 125 126 134 
174 194 250 260 278 333 342 408 412 440 459 465 468 
499 502 508 525 549 567 582 591 597 605 613 635 652 
 660 680
 49
 20 38 56 107 110 120 127 132 136 157 174 199 
277 285 326 331 354 359 371 372 402 430 433 438 445 
450 476 499 507 515 517 529 547 550 555 581 596 608 
 610 633 644 647 651 658 665 670 680 682 687
 35
 1 16 28 29 37 64 81 83 103 144 149 154 
164 166 167 182 224 225 227 239 250 263 278 320 425 
 432 448 450 528 537 552 554 629 632 640
 39
 47 61 75 76 83 104 111 128 138 140 151 160 
170 193 206 208 222 253 257 328 333 429 458 461 495 
511 523 527 529 532 536 581 600 621 622 626 628 641 
 670
 40
 22 31 43 52 58 80 100 107 123 128 140 145 
173 191 213 229 238 280 341 367 391 409 417 419 437 
439 449 462 475 493 538 565 574 588 623 630 641 647 
 680 693
 33
 9 32 36 37 84 86 87 110 160 164 183 197 
204 217 236 251 256 258 265 293 325 346 369 413 420 
 427 459 502 574 576 629 673 680
 38
 33 42 44 79 80 86 98 125 136 164 197 243 
273 277 290 330 336 345 347 348 384 396 411 414 427 
432 454 495 533 536 549 581 596 608 619 662 681 690 
 38
 13 35 49 57 80 99 117 133 149 164 174 188 
281 293 306 376 386 391 415 443 453 459 484 501 533 
535 547 551 584 592 599 609 615 636 641 667 684 688 
 44
 15 34 39 49 79 100 126 150 169 189 191 205 
207 223 235 242 244 279 283 285 296 300 304 313 314 
321 343 350 391 418 451 464 488 498 528 536 571 602 
 618 623 634 668 675 690
 44
 7 8 10 16 30 59 133 160 166 167 186 191 
200 202 210 215 223 240 244 245 280 286 332 351 363 
435 442 443 458 473 515 518 528 529 555 570 579 629 
 632 634 654 658 668 692
 29
 5 26 40 41 54 56 67 71 123 134 140 195 
271 297 307 348 363 416 434 470 476 505 529 583 592 
 594 596 615 641
 41
 89 99 138 141 202 205 209 217 233 262 264 270 
290 293 327 345 356 402 445 448 451 464 479 483 492 
493 542 571 573 582 601 620 621 641 648 655 657 664 
 669 679 690
 44
 9 20 22 53 55 79 86 92 115 131 145 159 
192 214 234 240 244 286 292 305 312 347 355 369 412 
440 450 452 478 486 536 538 543 556 590 592 602 619 
 634 637 653 656 675 689
 34
 97 102 164 179 204 210 232 237 264 294 295 302 
403 410 428 464 506 554 558 583 588 593 599 603 604 
 606 616 630 638 658 668 676 688 693
 33
 41 46 93 125 126 136 151 157 209 248 252 296 
299 317 350 418 432 433 450 492 499 500 520 521 544 
 587 589 602 632 642 674 676 684
 37
 15 41 68 90 121 130 156 178 199 218 219 224 
302 325 403 410 435 440 444 469 505 543 558 563 576 
 601 615 639 642 651 659 662 663 665 671 684 687
 39
 45 55 71 82 115 117 159 173 176 191 198 212 
224 226 243 297 322 352 359 393 397 424 454 457 480 
511 531 551 561 609 610 615 619 632 640 648 654 677 
 691
 48
 32 40 52 79 80 93 99 101 104 117 129 158 
160 178 186 193 201 254 266 281 284 301 313 329 340 
359 364 379 380 402 410 416 452 458 478 490 502 514 
 532 533 534 550 580 606 639 658 669 670
 40
 1 12 46 47 64 88 96 97 137 143 151 159 
178 212 228 247 254 280 299 312 325 352 394 407 422 
435 444 447 448 454 504 514 543 587 595 642 652 653 
 669 691
 37
 1 13 25 40 79 94 111 131 136 138 147 162 
233 251 252 275 289 296 303 309 351 384 385 388 417 
 418 429 471 530 547 549 565 593 598 614 666 693
 41
 9 17 24 41 42 43 50 91 101 113 116 126 
161 163 177 202 215 331 333 342 362 392 396 447 485 
501 502 503 527 531 533 541 555 562 570 571 583 595 
 620 640 664
 33
 17 32 62 84 91 103 124 140 154 183 190 226 
239 273 285 304 324 343 356 379 386 394 407 424 441 
 447 459 480 550 603 612 670 672
 40
 16 18 67 70 74 91 119 146 203 205 210 214 
234 286 309 319 323 338 341 342 355 375 399 414 434 
441 446 487 504 515 548 574 597 622 632 633 653 660 
 664 691
 33
 4 8 41 56 57 60 61 81 83 86 109 130 
138 186 195 228 241 245 253 323 379 394 405 407 414 
 427 453 495 504 540 612 648 684
 28
 9 140 160 167 208 256 257 258 315 327 341 353 
358 365 406 432 455 459 476 478 590 605 609 611 615 
 617 629 671
 28
 16 39 61 81 104 119 144 161 172 198 243 245 
290 318 328 346 349 374 387 396 428 466 493 495 499 
 537 572 615
 31
 47 56 115 123 138 163 185 241 259 272 300 301 
303 338 350 391 400 405 508 512 514 534 608 610 620 
 629 643 667 672 687 693
 36
 14 40 73 85 102 105 124 140 141 194 243 266 
289 353 360 379 394 396 403 404 432 453 454 476 488 
 504 523 533 568 574 604 607 622 632 641 689
 37
 2 21 51 86 115 117 131 146 162 165 170 197 
199 221 224 233 259 271 284 309 319 350 351 378 402 
 434 542 584 605 606 617 647 648 660 670 680 686
 32
 1 17 23 83 100 117 120 150 159 173 182 212 
219 220 226 259 293 333 349 368 392 402 441 472 487 
 565 575 582 585 592 599 688
 26
 2 10 56 154 156 181 204 211 223 227 229 276 
327 328 354 465 474 510 564 611 643 649 653 657 666 
 670
 36
 17 18 20 23 47 60 71 82 101 103 172 173 
174 194 198 214 231 306 321 409 469 471 479 537 555 
 562 568 588 589 630 633 638 642 665 691 692
 24
 39 81 118 150 157 204 261 270 324 331 351 363 
 377 404 425 473 519 547 565 595 620 633 644 685
 26
 33 45 46 49 56 90 129 211 286 294 326 327 
348 358 376 421 434 448 455 494 548 558 601 607 673 
 687
 34
 19 48 65 167 199 234 249 263 265 288 303 322 
323 329 337 351 395 404 413 429 436 480 488 495 496 
 515 530 553 559 586 600 653 656 678
 33
 9 29 33 65 71 127 163 207 231 261 290 323 
344 354 361 368 379 398 440 490 508 529 531 550 567 
 577 616 640 656 663 672 688 690
 35
 5 14 41 54 84 139 140 164 184 196 210 257 
293 298 349 426 451 469 498 512 518 520 522 526 531 
 565 575 576 577 593 621 651 655 662 689
 35
 10 22 42 60 99 106 117 122 156 170 204 262 
269 277 320 354 385 432 437 441 443 472 474 499 515 
 530 565 578 583 599 619 624 630 653 660
 34
 9 25 38 86 128 157 174 210 219 254 255 260 
273 288 303 357 367 384 385 393 405 406 431 433 479 
 531 548 576 605 639 653 674 681 686
 36
 10 81 82 95 104 108 121 124 131 134 142 155 
179 193 214 269 270 275 291 346 354 385 402 409 429 
 446 457 461 500 521 540 566 658 667 678 682
 51
 29 46 55 57 58 62 81 87 93 119 125 151 
187 207 217 222 231 246 254 260 274 286 300 311 332 
335 336 349 354 359 369 378 385 400 405 424 426 462 
472 488 505 509 519 526 527 550 597 657 667 671 680 
 35
 55 121 124 132 133 139 152 184 192 197 206 239 
290 323 329 345 355 373 385 449 457 471 512 513 524 
 531 532 539 543 576 596 635 657 681 692
 34
 8 39 43 106 118 119 163 169 199 211 257 304 
327 332 337 338 372 416 417 438 460 482 559 565 576 
 590 592 606 618 625 643 657 673 675
 44
 11 32 43 52 97 129 141 172 176 181 215 220 
221 224 268 275 295 302 317 324 325 330 331 343 356 
379 436 456 479 492 520 525 530 532 535 538 546 551 
 587 603 613 619 629 658
 25
 17 27 45 53 68 87 117 119 131 137 148 175 
248 249 285 326 424 436 445 453 520 541 544 584 591 
 40
 16 23 38 40 71 106 134 171 193 213 215 245 
252 253 270 277 292 320 325 336 343 349 392 420 434 
526 536 540 566 571 589 601 609 611 628 629 668 682 
 685 692
 36
 13 22 41 86 97 120 162 247 251 254 289 308 
309 318 349 362 369 382 383 392 406 433 434 470 501 
 503 507 515 527 553 578 596 634 657 659 689
 40
 1 15 25 32 46 49 56 64 67 86 101 130 
165 168 180 184 235 241 246 251 272 274 289 290 326 
383 391 418 419 441 471 481 502 510 554 568 576 648 
 653 688
 30
 10 11 45 46 81 178 204 218 227 250 252 265 
342 353 362 365 410 416 433 466 479 532 552 570 642 
 643 648 661 673 686
 22
 36 39 42 79 133 136 171 175 199 242 302 311 
 384 390 410 509 539 598 645 647 688 693
 44
 1 6 16 49 71 95 99 117 118 151 160 163 
165 170 210 226 236 243 245 250 271 286 330 334 348 
366 368 395 399 412 420 433 435 473 527 553 570 592 
 612 621 636 657 690 692
 33
 18 34 39 49 51 68 126 185 203 211 291 301 
304 323 437 455 467 470 475 486 502 523 532 533 596 
 605 607 617 622 638 666 675 684
 34
 19 30 41 69 73 79 83 110 117 134 151 163 
183 203 302 309 335 409 425 447 471 476 498 502 527 
 540 548 561 579 586 636 651 669 685
 41
 39 57 95 137 144 155 170 174 198 215 217 229 
249 287 301 321 347 353 367 382 391 442 493 528 531 
537 549 551 557 568 584 596 597 601 634 643 650 660 
 674 675 680
 35
 5 6 12 22 26 54 124 147 194 209 230 273 
283 299 342 348 369 385 387 394 431 432 476 497 513 
 514 516 523 538 602 638 641 649 654 670
 34
 28 51 69 84 118 119 136 139 207 208 230 247 
255 292 311 359 381 424 426 448 459 484 513 544 545 
 546 568 573 574 606 614 626 631 665
 39
 4 11 12 24 25 40 49 53 65 79 89 93 
121 156 163 167 206 212 221 256 262 266 340 434 451 
473 539 579 596 619 651 656 657 658 662 674 678 681 
 686
 45
 31 40 57 70 80 87 91 147 159 166 170 172 
202 218 228 246 259 264 288 298 304 343 357 360 378 
402 480 487 509 511 514 515 524 529 565 576 595 600 
 618 627 629 634 658 677 686
 45
 9 27 43 45 83 102 116 117 125 134 176 201 
224 232 296 316 334 344 364 384 386 393 411 452 459 
468 471 478 488 502 537 540 568 569 583 592 612 613 
 615 623 645 647 648 680 687
 29
 10 71 74 84 108 136 147 160 173 209 213 222 
227 240 246 247 291 300 311 321 347 354 377 398 418 
 481 531 545 639
 32
 17 64 69 72 76 80 110 148 160 162 206 233 
239 244 324 349 367 370 414 433 444 468 469 481 502 
 506 516 568 575 602 626 641
 34
 2 5 21 22 42 65 79 81 83 118 119 155 
158 228 247 248 249 258 267 282 310 326 385 400 452 
 471 533 544 595 623 627 666 677 691
 28
 6 24 28 55 92 113 122 158 191 208 291 318 
321 359 402 407 417 432 433 453 462 470 550 566 610 
 638 676 684
 52
 25 32 39 44 94 111 128 129 132 134 136 172 
174 178 179 184 212 235 244 251 261 278 296 304 323 
346 365 391 397 398 400 410 427 447 479 487 508 545 
551 558 568 572 579 583 590 597 614 618 627 634 654 
 681
 36
 46 74 128 144 153 156 200 204 226 232 298 302 
308 311 316 345 356 375 381 391 395 410 453 457 497 
 502 503 514 517 596 607 608 612 647 649 654
 24
 15 35 47 59 132 135 149 222 234 246 378 389 
 405 424 462 468 483 508 544 586 627 660 661 692
 44
 8 30 34 55 79 82 83 88 110 130 156 158 
165 174 188 225 226 237 240 241 243 267 287 303 305 
318 371 383 391 406 429 432 448 457 469 480 539 550 
 605 610 643 670 673 692
 27
 10 23 87 96 100 113 118 123 184 217 315 319 
336 435 449 457 483 493 502 519 575 635 640 646 650 
 663 693
 48
 7 21 28 33 45 65 67 79 102 124 172 210 
211 259 273 284 306 311 318 367 395 397 404 451 455 
462 470 491 492 512 518 559 562 563 564 567 570 571 
 601 612 634 636 646 657 664 685 689 691
 27
 3 9 37 46 76 121 165 208 283 304 311 316 
329 333 365 367 390 394 396 411 465 476 553 593 634 
 673 678
 32
 59 87 99 119 151 165 207 217 249 270 296 355 
364 398 402 442 459 509 513 565 575 579 581 586 591 
 604 651 664 674 676 685 693
 36
 12 37 38 40 50 66 70 120 127 131 133 208 
228 251 279 287 294 341 344 392 393 400 403 429 435 
 476 480 544 559 582 587 590 623 633 634 635
 34
 36 50 67 75 85 90 95 149 150 178 220 242 
244 251 255 263 289 298 300 301 335 337 371 394 414 
 440 478 496 588 608 610 631 641 691
 39
 38 42 49 60 62 69 118 201 203 231 253 255 
263 279 312 340 350 358 369 395 420 428 453 472 509 
516 517 525 544 550 553 569 579 595 606 639 640 665 
 676
 40
 84 95 96 97 105 143 164 188 204 214 219 248 
263 265 289 295 299 358 411 429 432 434 487 493 521 
538 556 564 591 613 615 618 627 657 666 668 671 682 
 684 690
 37
 41 43 65 87 93 193 206 220 234 243 247 282 
286 302 317 325 337 352 383 396 404 413 442 448 449 
 468 479 495 496 526 606 638 647 649 655 687 691
 38
 24 28 30 33 49 69 133 139 141 146 150 173 
186 207 223 310 360 364 368 427 444 452 456 482 532 
551 572 606 613 617 635 638 650 652 662 669 671 683 
 30
 13 21 41 58 59 106 114 119 179 181 208 211 
224 297 323 375 376 406 425 436 443 446 452 467 498 
 542 546 550 605 614
 39
 13 43 55 75 80 108 110 124 147 181 183 190 
215 245 246 272 284 288 307 323 371 378 380 393 401 
466 503 510 545 552 561 565 614 623 630 634 655 672 
 682
 46
 11 42 50 51 80 91 115 132 151 161 192 230 
244 254 266 307 319 346 350 356 363 374 389 406 413 
418 428 430 449 455 472 495 511 542 586 588 592 606 
 607 609 625 629 642 651 676 681
 29
 13 58 70 92 124 132 145 158 166 179 191 288 
299 365 371 372 393 394 447 484 502 503 564 566 572 
 581 583 644 655
 32
 17 35 55 56 86 111 113 114 122 172 201 216 
245 293 308 388 407 463 477 480 490 528 531 539 548 
 550 594 608 617 619 667 674
 42
 21 47 58 62 80 98 105 120 125 156 161 168 
202 208 234 236 250 259 262 287 291 293 347 356 360 
364 391 392 394 396 429 447 498 500 517 570 639 644 
 647 675 683 688
 46
 5 50 73 102 117 123 125 126 132 135 150 159 
164 172 196 212 216 219 225 245 252 260 286 290 307 
333 348 349 369 388 393 403 408 409 413 428 507 508 
 567 588 629 631 635 669 676 686
 32
 12 58 67 76 101 106 127 128 164 271 322 333 
346 353 425 427 443 448 454 482 497 531 536 538 542 
 555 559 560 568 610 630 644
 36
 6 8 41 54 56 60 65 77 136 152 158 207 
221 222 250 347 349 355 358 360 400 411 439 454 458 
 460 488 489 492 522 546 547 579 623 637 654
 31
 16 18 48 62 65 68 84 90 124 139 148 194 
241 244 289 304 389 410 420 442 488 508 573 587 612 
 620 632 635 656 666 671
 36
 21 54 59 63 82 123 137 146 174 177 178 180 
208 211 250 255 289 304 337 357 365 396 399 416 420 
 426 428 530 600 608 618 632 664 669 673 674
 31
 11 23 59 61 75 80 108 132 133 157 160 199 
250 315 328 331 356 381 402 459 470 493 523 524 573 
 589 594 598 612 683 692
 33
 33 57 77 107 109 122 126 129 143 171 189 194 
230 264 306 321 431 447 458 466 475 504 554 573 586 
 588 598 625 629 630 642 643 648
 35
 29 40 154 162 220 222 233 252 254 274 291 295 
299 344 372 400 444 453 455 469 505 521 535 543 552 
 560 580 581 597 604 623 634 675 686 693
 37
 5 7 12 32 39 73 84 99 149 165 168 215 
221 295 346 372 373 374 392 397 400 402 435 441 452 
 501 503 506 507 543 570 628 656 662 677 691 693
 25
 2 37 123 130 152 157 182 189 214 221 242 247 
281 314 354 361 390 418 440 537 607 661 662 667 679 
 28
 25 53 154 155 173 175 218 257 280 290 320 328 
390 397 416 435 497 514 541 563 591 603 607 612 621 
 648 668 693
 41
 3 23 25 65 88 112 118 123 141 153 162 165 
258 270 274 275 291 292 306 331 359 360 386 411 416 
417 431 437 442 469 472 500 511 571 576 607 622 628 
 669 681 688
 37
 4 32 73 77 106 118 184 188 305 320 327 331 
334 336 357 365 373 384 397 426 429 436 452 464 466 
 482 491 497 519 534 595 605 619 637 653 654 675
 42
 26 44 52 64 69 80 134 138 147 152 159 175 
187 210 212 235 248 256 276 282 289 323 325 369 458 
502 514 552 575 580 587 594 601 609 616 636 649 653 
 662 664 672 679
 44
 1 5 7 42 67 95 164 189 232 242 253 291 
296 311 326 345 347 352 367 382 419 420 435 436 439 
445 463 504 515 533 535 547 552 562 574 589 590 618 
 629 634 641 651 653 668
 34
 1 5 18 41 44 57 68 86 108 112 120 127 
158 167 175 260 273 286 295 360 427 447 451 465 472 
 474 561 598 599 611 629 635 656 679
 32
 2 44 48 54 55 85 95 98 101 116 131 166 
176 184 211 219 262 278 327 449 469 472 499 588 636 
 641 650 674 676 677 678 688
 42
 85 89 96 100 121 128 146 256 257 286 287 296 
312 318 335 358 377 381 382 397 404 406 441 463 472 
501 545 546 548 561 572 599 603 605 612 614 624 646 
 653 664 672 684
 43
 118 123 162 170 176 179 215 225 236 292 297 303 
313 324 330 335 339 388 406 425 434 470 477 502 513 
522 527 528 537 547 555 570 573 582 602 610 628 632 
 641 654 676 685 690
 48
 27 55 91 93 119 130 173 175 210 221 224 241 
257 273 283 289 348 350 352 376 380 381 384 391 405 
431 445 447 451 467 471 477 496 508 528 530 532 550 
 554 555 563 618 623 634 645 649 659 677
 29
 7 146 156 162 167 186 226 257 274 296 303 340 
342 373 387 401 413 431 507 527 542 566 573 581 582 
 646 650 661 693
 41
 8 23 39 52 58 60 63 64 109 110 139 185 
215 225 257 261 263 278 299 305 321 363 364 375 454 
462 474 485 512 541 556 575 576 582 589 603 614 622 
 637 639 652
 26
 7 41 49 51 65 175 214 303 304 311 320 328 
379 426 437 502 513 518 520 536 567 615 634 652 656 
 689
 38
 1 6 11 18 23 52 69 82 107 130 141 171 
185 208 213 224 267 286 316 350 404 438 440 441 466 
491 512 555 564 567 570 583 591 592 594 604 621 684 
 44
 14 27 121 133 135 158 161 195 203 213 226 245 
253 269 287 294 300 309 313 314 345 363 392 400 417 
428 429 481 498 511 520 524 529 536 545 549 557 574 
 595 607 628 634 666 684
 39
 47 63 72 116 132 173 182 189 193 220 257 263 
267 288 327 328 332 387 434 451 457 463 466 474 475 
492 513 515 535 539 552 554 559 595 616 626 633 655 
 672
 31
 6 46 86 117 156 172 178 185 196 197 264 301 
314 351 374 378 402 408 430 454 469 475 479 483 543 
 546 556 567 605 654 662
 41
 22 27 45 55 70 115 120 131 162 190 193 236 
273 277 294 301 317 318 319 348 357 363 404 407 419 
430 437 441 458 465 472 475 517 527 539 563 565 584 
 604 613 644
 40
 2 6 90 97 148 159 179 194 204 207 245 246 
254 258 260 268 338 347 353 405 423 424 426 432 434 
444 449 456 478 486 494 523 551 556 565 596 597 621 
 626 666
 32
 4 19 26 59 78 86 123 139 162 164 165 173 
179 180 223 228 249 266 299 324 356 358 376 383 394 
 408 517 555 564 574 605 645
 36
 4 8 34 40 60 112 143 170 172 177 186 191 
231 331 332 341 397 416 459 460 512 517 539 541 560 
 572 577 580 610 611 614 620 635 649 661 682
 28
 5 28 50 51 111 115 174 190 192 222 235 282 
306 318 392 399 430 431 446 504 516 527 553 634 646 
 651 656 668
 33
 27 30 73 91 98 120 133 142 163 166 172 186 
205 231 329 348 447 469 470 476 514 524 526 544 557 
 583 589 615 639 650 653 665 684
 44
 17 21 23 24 37 58 74 90 92 98 124 127 
130 131 148 152 201 242 275 296 322 330 342 358 380 
382 391 409 455 463 478 481 488 506 519 530 549 566 
 587 588 611 613 624 639
 23
 22 39 46 77 101 143 227 230 380 435 451 488 
 530 580 622 624 633 659 662 669 671 677 691
 32
 1 32 41 65 119 136 170 174 195 212 216 269 
284 287 323 347 361 392 395 420 423 434 451 454 458 
 539 551 583 595 643 647 676
 38
 7 15 18 20 30 39 84 118 132 184 251 286 
304 306 328 329 336 353 354 361 363 420 428 485 487 
516 533 541 569 587 591 592 594 629 645 654 659 690 
 30
 12 13 24 28 35 44 120 163 223 256 289 294 
299 356 456 490 540 543 566 575 611 630 646 652 656 
 657 665 671 674 679
 32
 15 39 40 42 53 92 108 143 167 198 237 258 
269 270 279 300 306 330 336 392 404 431 468 482 524 
 533 537 542 553 596 629 683
 46
 8 9 36 67 124 128 139 180 219 223 249 287 
292 298 305 316 319 333 350 352 360 376 380 392 393 
403 409 413 438 440 446 460 525 527 543 547 551 562 
 570 597 602 613 637 644 651 677
 36
 1 13 18 37 55 64 70 74 79 86 98 159 
164 215 220 272 302 311 348 349 354 355 395 475 477 
 485 509 510 530 533 547 581 590 606 609 643
 32
 11 20 57 144 151 153 231 259 362 373 377 401 
408 414 427 435 445 478 543 552 610 616 618 641 645 
 646 654 661 666 673 687 691
 29
 2 34 42 82 85 101 122 132 142 184 205 243 
301 315 332 379 391 392 406 417 418 426 439 466 492 
 527 585 651 682
 40
 22 30 35 65 66 79 92 96 117 140 143 145 
149 160 218 219 253 315 321 338 356 391 403 413 415 
417 423 449 480 496 514 528 534 557 566 581 587 607 
 612 632
 35
 40 92 135 160 185 192 213 221 300 334 361 362 
391 449 471 474 475 505 506 527 530 533 559 576 584 
 600 615 623 642 645 660 663 679 686 690
 37
 4 38 43 50 54 61 94 137 149 162 168 175 
196 208 216 223 273 328 332 369 371 395 396 407 422 
 428 516 538 546 569 572 577 581 610 611 615 673
 27
 7 22 28 89 96 111 114 137 168 171 188 195 
241 248 308 312 322 362 391 429 538 558 566 607 644 
 672 681
 30
 7 16 30 39 41 63 64 82 98 150 175 183 
192 211 293 347 370 387 414 438 453 471 502 504 528 
 535 536 633 675 686
 36
 6 7 18 51 54 72 109 158 178 181 212 227 
289 292 293 295 386 390 421 481 505 508 509 510 512 
 531 539 541 553 564 609 648 651 673 683 692
 36
 10 40 42 48 79 82 83 85 92 101 120 121 
133 151 156 158 170 199 214 215 248 258 295 296 394 
 408 426 442 445 506 507 540 549 586 637 660
 29
 7 19 27 34 35 92 94 107 135 174 252 263 
284 289 305 331 379 384 404 421 439 456 542 553 567 
 582 633 659 691
 39
 10 92 102 124 155 156 157 162 192 200 237 258 
268 299 338 356 370 393 402 406 417 418 419 423 427 
432 438 439 469 527 532 537 568 618 620 634 666 670 
 682
 38
 1 16 24 31 44 50 58 66 93 96 130 153 
156 164 198 206 215 230 231 240 241 273 299 304 313 
359 360 428 472 473 538 550 551 558 562 608 611 636 
 35
 2 20 23 27 43 57 159 165 182 205 236 260 
290 295 319 331 347 350 399 412 438 469 482 490 507 
 510 512 533 536 554 581 608 654 662 663
 38
 32 42 43 85 94 107 157 276 291 298 301 303 
312 332 385 391 413 424 433 461 462 472 486 489 490 
494 500 502 505 526 548 554 557 604 614 617 642 679 
 26
 9 38 95 96 177 243 271 319 343 383 387 392 
394 459 467 470 486 510 547 583 612 613 636 660 674 
 678
 34
 3 10 21 27 65 78 118 157 172 215 231 235 
259 262 303 329 336 415 440 453 485 512 520 528 533 
 538 560 569 616 622 639 661 677 683
 37
 20 25 51 74 90 98 107 160 182 196 208 229 
250 264 287 308 314 317 344 364 366 405 449 454 460 
 465 506 539 550 554 563 585 616 630 653 663 690
 36
 3 8 51 57 61 87 94 111 139 140 210 222 
230 240 258 260 327 361 382 393 400 427 435 447 450 
 461 516 565 568 587 590 594 607 618 655 670
 37
 37 56 67 103 107 123 126 135 175 252 265 276 
302 322 361 391 394 417 436 437 439 452 474 513 532 
 533 600 626 636 650 656 667 676 679 684 688 691
 37
 8 29 43 54 56 68 70 76 86 88 99 115 
128 161 178 189 208 227 253 278 284 286 339 347 418 
 449 546 557 561 563 572 575 577 584 603 631 664
 34
 6 9 23 46 87 91 94 121 122 134 142 189 
205 228 244 257 293 295 307 320 326 429 437 456 468 
 484 555 564 567 577 589 634 652 688
 45
 71 76 110 171 180 186 211 235 285 287 290 294 
298 311 325 347 350 376 383 405 420 426 429 461 488 
497 510 533 534 538 548 556 562 570 581 590 601 614 
 615 626 629 638 661 666 693
 37
 33 42 57 60 89 138 147 168 183 189 218 230 
240 277 281 287 339 366 377 398 405 434 435 480 484 
 487 500 508 512 558 563 589 597 609 635 660 692
 37
 1 3 24 35 41 42 63 112 146 150 188 192 
206 208 245 251 274 291 299 311 318 325 368 369 370 
 380 472 473 476 500 552 571 610 621 638 642 663
 34
 16 21 39 59 67 100 104 118 127 170 177 181 
191 244 294 300 314 328 414 434 443 454 486 531 547 
 563 573 584 594 604 605 609 617 683
 37
 4 24 53 117 143 179 210 231 242 262 273 281 
286 301 303 320 323 355 356 362 363 365 373 394 429 
 430 434 455 470 500 532 560 567 625 647 653 668
 23
 6 15 39 45 53 70 115 116 156 168 177 178 
 184 187 287 302 457 592 620 630 643 653 668
 41
 2 54 75 84 108 114 127 131 133 183 184 205 
241 242 245 247 265 288 290 305 310 313 319 320 353 
357 382 394 400 414 426 436 446 496 516 542 564 580 
 609 640 645
 41
 28 40 41 58 88 107 125 149 181 248 262 265 
274 284 301 340 358 375 410 435 436 455 460 467 520 
540 548 571 585 592 603 605 612 619 654 656 658 659 
 670 679 687
 47
 6 15 30 47 49 50 65 82 92 108 121 122 
168 210 216 237 254 260 272 277 285 327 338 340 343 
353 355 370 375 413 427 455 489 503 509 518 533 540 
 548 563 567 584 591 629 630 633 648
 32
 10 22 25 26 29 55 85 129 156 182 216 235 
254 261 271 291 314 325 348 349 393 397 464 480 519 
 534 593 607 627 663 672 689
 31
 12 35 48 65 133 151 190 232 286 318 321 366 
404 421 425 474 506 514 527 583 589 591 594 610 634 
 642 648 655 656 657 691
 42
 13 14 19 39 47 49 54 61 62 84 85 88 
112 136 168 169 233 267 280 287 299 310 318 343 371 
424 434 441 456 458 481 502 524 577 586 602 607 629 
 638 653 665 672
 35
 8 14 39 48 63 125 128 139 157 179 183 206 
207 276 281 294 295 320 335 339 398 411 415 461 478 
 480 531 585 596 601 604 623 632 648 681
 39
 5 6 12 14 18 55 75 118 132 141 159 163 
197 206 216 218 248 270 298 307 358 367 387 389 391 
426 433 473 480 481 485 486 487 515 526 585 598 605 
 686
 41
 2 12 29 35 77 108 125 156 192 220 259 263 
269 279 291 295 296 298 302 319 328 330 357 363 368 
399 401 412 423 429 433 444 464 482 491 528 563 579 
 599 636 655
 32
 4 77 79 82 97 100 144 145 174 177 180 181 
240 244 245 265 266 289 306 359 399 426 444 446 523 
 606 609 611 628 651 652 672
 30
 6 50 74 134 136 152 155 184 187 238 257 280 
322 358 393 401 421 426 451 502 503 505 547 559 571 
 596 635 652 658 667
 34
 1 2 3 9 11 14 24 44 60 102 118 140 
145 152 161 166 204 209 242 245 255 277 278 329 337 
 351 353 354 433 540 544 568 632 647
 31
 14 19 41 42 84 88 89 94 95 122 139 163 
207 246 268 331 364 370 392 435 436 445 447 460 469 
 484 508 561 564 602 646
 45
 12 20 29 31 39 41 53 59 65 92 111 123 
152 155 162 164 165 170 177 180 189 190 204 226 373 
391 411 417 432 439 521 524 526 527 530 546 555 571 
 584 608 632 633 641 671 685
 29
 7 36 37 83 101 119 120 136 144 161 216 267 
272 303 346 355 377 391 409 472 475 483 490 502 591 
 628 639 664 668
 39
 41 42 54 83 97 103 117 125 167 189 212 215 
263 264 273 318 332 376 398 403 533 537 559 570 588 
597 613 615 639 649 655 656 660 665 666 675 683 685 
 692
 45
 5 68 116 126 155 160 161 167 168 209 213 221 
237 265 279 306 307 323 347 362 365 369 377 405 428 
449 463 478 480 509 517 520 531 536 554 572 603 620 
 621 629 652 659 676 688 691
 41
 51 61 119 172 179 180 205 214 219 249 251 259 
288 305 310 316 325 327 334 350 360 380 384 394 398 
427 428 485 509 517 567 582 585 590 618 619 632 639 
 644 652 682
 36
 3 61 72 90 93 137 167 176 180 182 191 204 
243 248 251 256 287 313 337 357 375 437 448 475 477 
 483 528 546 599 606 607 612 620 621 633 649
 38
 48 86 89 99 121 170 186 211 223 252 289 297 
305 319 322 328 353 355 357 397 402 436 469 477 478 
486 494 505 527 541 562 605 631 655 662 667 677 691 
 31
 3 5 12 14 43 63 89 102 140 181 205 211 
228 246 247 287 388 392 398 438 441 497 557 582 585 
 591 597 623 638 652 657
 40
 44 45 59 77 88 123 151 167 213 224 245 257 
263 326 328 343 349 364 374 414 422 454 476 479 483 
528 531 532 545 564 570 583 586 599 618 631 647 656 
 663 684
 29
 14 22 23 48 58 73 78 111 144 167 200 267 
299 311 328 334 356 426 444 452 488 511 564 568 584 
 625 645 649 692
 37
 43 71 102 117 124 168 183 187 212 218 223 227 
234 271 273 277 294 317 331 363 399 401 415 431 446 
 470 501 507 508 541 543 596 635 643 681 686 687
 24
 45 131 135 151 167 221 241 270 292 350 355 361 
 366 382 426 510 540 566 570 611 618 636 647 671
 35
 8 24 36 49 72 114 127 212 217 236 266 288 
299 305 306 308 311 333 346 363 370 404 426 442 444 
 445 446 474 493 564 585 601 634 652 685
 44
 1 3 54 73 74 94 117 126 130 133 170 181 
184 206 217 237 259 278 298 302 324 327 352 379 412 
414 416 429 469 470 494 502 508 518 531 544 587 594 
 597 629 657 666 683 684
 47
 8 17 33 40 52 59 66 79 92 111 119 138 
148 176 190 201 203 220 222 223 243 256 268 309 325 
366 398 404 409 413 428 478 481 493 507 527 530 537 
 572 605 608 616 636 657 671 678 687
 41
 2 5 41 42 56 93 119 123 147 159 160 161 
190 227 246 274 281 295 299 309 315 351 358 364 371 
400 426 429 443 475 478 548 591 610 625 626 637 641 
 643 649 651
