 400 627
 1 1 1 1 1 1 1 1 1 1 1 1 
 1 1 1 1 1 1 1 1 1 1 1 1 
 1 1 1 1 1 1 1 1 1 1 1 1 
 1 1 1 1 1 1 1 1 1 1 1 1 
 1 2 2 2 2 2 2 2 2 2 2 2 
 2 2 2 2 2 2 2 2 2 2 2 2 
 2 2 2 2 2 2 2 2 2 2 2 2 
 2 2 2 2 2 3 3 3 3 3 3 3 
 3 3 3 3 3 3 3 3 3 3 3 3 
 3 3 3 3 3 3 3 3 3 3 3 3 
 3 3 3 3 3 3 3 3 4 4 4 4 
 4 4 4 4 4 4 4 4 4 4 4 4 
 4 4 4 4 4 4 4 4 4 4 4 4 
 4 4 4 5 5 5 5 5 5 5 5 5 
 5 5 5 5 5 5 5 5 5 5 5 5 
 5 5 5 5 5 5 5 5 5 5 5 5 
 5 5 5 5 6 6 6 6 6 6 6 6 
 6 6 6 6 6 6 6 6 6 6 6 6 
 6 6 6 6 6 6 6 6 6 6 6 6 
 6 6 6 6 6 6 6 6 6 6 6 6 
 6 6 7 7 7 7 7 7 7 7 7 7 
 7 7 7 7 7 7 7 7 7 7 7 7 
 7 7 7 7 7 7 7 7 7 7 7 7 
 7 7 7 7 7 8 8 8 8 8 8 8 
 8 8 8 8 8 8 8 8 8 8 8 8 
 8 8 8 8 8 8 8 8 8 8 9 9 
 9 9 9 9 9 9 9 9 9 9 9 9 
 9 9 9 9 9 9 9 9 9 9 9 9 
 9 9 9 9 9 9 9 9 9 9 9 9 
 9 9 9 9 9 9 10 10 10 10 10 10 
 10 10 10 10 10 10 10 10 10 10 10 10 
 10 10 10 10 10 10 10 10 10 10 10 10 
 10 10 10 10 10 10 10 10 10 10 11 11 
 11 11 11 11 11 11 11 11 11 11 11 11 
 11 11 11 11 11 11 11 11 11 11 11 11 
 11 11 12 12 12 12 12 12 12 12 12 12 
 12 12 12 12 12 12 12 12 12 12 12 12 
 12 12 12 12 13 13 13 13 13 13 13 13 
 13 13 13 13 13 13 13 13 13 13 13 13 
 13 13 13 13 13 13 13 13 13 13 13 13 
 14 14 14 14 14 14 14 14 14 14 14 14 
 14 14 14 14 14 14 14 14 14 14 14 14 
 14 14 14 14 15 15 15 15 15 15 15 15 
 15 15 15 15 15 15 15 15 15 15 15 15 
 15 15 15 15 15 15 15 16 16 16 16 16 
 16 16 16 16 16 16 16 16 16 16 16 16 
 16 16 16 16 16 17 17 17 17 17 17 17 
 17 17 17 17 17 17 17 17 17 17 17 17 
 17 17 17 17 17 17 18 18 18 18 18 18 
 18 18 18 18 18 18 18 18 18 18 19 19 
 19 19 19 19 19 19 19 19 19 20 20 20 
 20 20 20 20 21 21 21 21 22 22 22 23 
 23 23 26 
 33
 6 10 58 59 63 66 92 95 138 143 168 176 
189 200 259 325 345 350 372 390 414 430 441 467 470 
 474 528 529 542 544 556 570 584
 33
 47 77 84 100 115 117 153 168 205 224 246 251 
256 263 268 286 287 307 331 344 365 427 439 451 474 
 476 492 526 537 570 574 590 594
 24
 14 36 50 92 96 149 214 220 290 314 321 353 
 371 387 395 409 413 424 428 491 523 546 553 609
 39
 22 24 27 56 84 101 112 130 135 138 139 159 
181 238 312 321 328 335 358 376 390 406 411 439 452 
453 458 476 507 528 537 554 568 588 600 612 613 621 
 627
 23
 166 191 200 225 250 259 315 325 333 353 356 407 
 444 454 474 515 543 544 554 556 579 616 623
 43
 10 11 31 33 34 53 65 78 83 100 108 130 
141 145 157 162 172 177 181 226 229 233 273 283 285 
286 306 313 398 402 403 421 456 498 506 530 547 550 
 558 570 585 605 621
 45
 25 57 65 71 73 101 113 123 133 169 171 174 
197 211 219 222 232 257 268 269 295 319 362 393 416 
428 445 446 453 464 476 478 482 487 499 505 524 525 
 532 533 565 566 586 613 617
 28
 26 33 75 104 118 163 229 232 294 305 324 357 
370 387 405 426 431 498 514 545 585 586 591 596 601 
 605 621 622
 23
 21 97 132 204 211 225 332 335 362 367 369 395 
 406 475 484 487 549 573 574 588 589 605 616
 48
 4 8 17 21 25 26 44 49 57 60 105 107 
123 131 146 155 166 177 206 210 217 222 225 227 228 
252 261 281 287 311 357 383 406 424 431 436 465 470 
 477 478 514 515 516 536 548 584 590 609
 31
 3 35 41 57 58 72 74 84 109 133 141 174 
180 190 211 252 262 288 296 311 323 335 338 407 443 
 444 485 490 493 593 604
 46
 4 10 50 51 52 58 61 94 131 132 146 164 
219 224 225 239 240 262 264 267 268 285 291 292 318 
321 346 347 379 384 413 425 464 507 508 509 515 520 
 528 562 571 584 588 595 602 610
 35
 23 24 37 46 65 78 99 104 125 143 169 202 
210 242 243 259 277 284 307 322 353 397 435 439 455 
 469 475 483 499 512 513 525 541 568 596
 34
 1 41 51 57 60 74 118 133 137 145 161 168 
190 258 290 312 337 364 391 401 407 410 423 425 443 
 471 473 476 477 495 536 561 587 618
 21
 6 96 101 115 131 195 256 273 309 314 374 381 
 452 536 546 548 594 596 598 613 617
 34
 6 14 19 34 38 95 99 100 110 150 173 202 
218 248 255 264 298 306 383 427 441 463 466 470 472 
 486 497 523 533 537 544 589 590 627
 36
 9 13 16 20 31 48 50 80 95 132 134 145 
161 167 181 190 217 260 277 327 331 357 382 401 416 
 417 447 465 468 470 475 485 490 541 572 609
 30
 1 2 33 50 69 90 106 194 214 221 224 249 
264 273 311 317 337 365 375 391 393 406 413 435 452 
 464 481 487 523 530
 34
 9 33 91 92 128 143 154 201 203 229 286 292 
296 315 359 381 388 401 407 409 434 448 458 459 500 
 501 509 519 530 554 574 586 606 627
 25
 3 18 67 115 136 213 215 265 275 290 295 333 
337 350 360 377 398 437 450 461 499 502 562 593 601 
 32
 10 23 75 102 110 133 147 197 214 277 294 330 
336 341 357 363 389 414 432 438 440 449 457 520 523 
 538 562 574 607 608 621 627
 36
 2 7 38 46 85 104 183 195 218 245 253 265 
285 303 324 328 347 357 378 379 421 439 441 459 460 
 474 479 491 501 519 522 542 549 558 614 623
 36
 15 36 54 63 102 116 138 166 176 179 202 212 
214 237 245 250 311 347 385 458 465 467 473 481 484 
 493 522 528 532 538 562 565 593 606 616 618
 39
 21 23 40 80 93 109 116 120 142 148 167 169 
190 197 223 245 251 259 275 282 316 340 349 407 433 
454 458 463 479 481 489 491 510 540 563 574 583 588 
 627
 33
 21 96 98 129 131 137 160 176 183 193 209 218 
221 246 282 369 386 397 404 416 427 433 455 482 520 
 555 558 560 562 582 613 614 626
 36
 19 25 140 151 174 222 228 235 247 255 264 313 
317 337 338 371 391 398 420 430 463 469 471 473 483 
 486 502 505 513 567 584 603 613 617 622 626
 44
 3 19 22 76 83 88 103 116 123 129 151 169 
173 188 224 230 237 243 245 252 278 280 282 289 291 
292 293 296 385 389 411 433 485 488 496 518 524 525 
 536 537 546 564 600 604
 35
 12 16 30 56 72 85 95 181 182 217 218 274 
293 300 312 321 355 383 420 422 439 453 483 488 516 
 521 530 552 561 572 580 603 610 614 622
 38
 3 9 55 76 103 109 161 169 171 201 208 209 
221 234 244 254 263 277 319 337 343 359 374 376 409 
423 424 431 462 488 492 505 539 565 572 592 602 621 
 38
 5 14 23 30 66 93 100 101 115 122 160 166 
180 217 219 229 242 247 290 292 294 370 380 390 395 
412 466 474 476 511 515 536 568 576 583 587 591 606 
 25
 35 44 94 198 235 248 286 294 321 402 413 415 
431 436 447 464 471 490 503 520 522 547 562 624 627 
 31
 18 20 93 95 120 133 147 207 215 246 256 273 
324 331 336 340 371 400 402 409 433 470 495 501 512 
 560 587 595 603 605 614
 32
 7 23 94 107 115 120 130 174 177 232 234 246 
266 276 288 317 319 364 396 416 492 501 504 548 552 
 558 573 582 584 600 602 604
 43
 79 80 93 106 109 113 117 143 146 165 170 172 
197 200 219 242 248 269 283 284 300 306 327 329 347 
351 361 375 380 382 408 419 424 438 463 489 501 521 
 574 584 593 615 623
 37
 14 20 22 25 37 51 60 67 75 136 142 148 
175 193 200 208 218 257 261 287 297 308 314 360 405 
 429 435 436 468 518 529 539 578 591 597 605 627
 40
 63 76 84 90 112 131 134 137 204 218 241 244 
277 290 294 309 316 317 322 324 335 378 427 433 434 
445 450 455 460 470 481 529 553 555 561 600 601 607 
 623 626
 30
 7 15 42 71 137 155 180 197 213 229 249 283 
295 302 316 318 341 358 396 425 431 432 435 443 444 
 474 489 496 510 518
 31
 12 28 37 63 70 76 85 90 100 131 182 200 
202 210 213 311 317 320 359 373 385 424 439 458 510 
 520 523 594 601 613 616
 37
 11 51 53 77 79 115 155 165 169 173 176 184 
204 213 229 301 302 304 315 364 367 391 413 437 457 
 460 464 482 483 489 519 549 567 576 605 609 618
 30
 9 29 46 97 191 212 228 233 239 252 275 280 
288 300 325 335 410 425 427 452 500 503 517 521 523 
 570 582 611 617 618
 37
 11 20 38 51 65 73 132 133 155 164 173 214 
215 244 263 302 306 310 312 314 322 372 375 398 402 
 405 408 442 444 461 462 483 551 565 587 589 594
 24
 3 20 33 66 95 141 150 158 247 310 324 367 
 387 405 428 473 481 485 558 573 584 594 596 619
 30
 12 18 49 54 110 148 176 208 246 248 257 273 
275 288 316 342 357 360 367 450 460 468 470 484 503 
 514 521 526 547 603
 37
 4 18 31 89 128 132 146 156 157 172 201 205 
276 283 288 293 305 323 339 346 359 382 394 411 485 
 496 500 515 531 536 537 540 562 563 589 592 593
 22
 23 63 90 134 163 180 211 217 233 265 276 316 
 341 358 388 454 506 531 542 572 574 608
 40
 4 5 12 53 60 75 78 98 160 163 198 199 
241 255 271 285 299 312 331 332 335 370 396 409 413 
424 435 438 468 491 505 520 522 536 549 550 571 604 
 618 627
 34
 4 6 9 22 42 51 61 68 71 129 131 171 
188 194 201 207 209 212 263 271 277 302 318 421 423 
 444 477 509 511 544 553 594 601 612
 41
 24 50 61 63 77 104 115 127 130 141 147 168 
170 171 233 258 296 309 313 320 363 392 439 440 454 
461 464 511 514 528 535 557 561 570 571 574 587 610 
 611 617 622
 26
 21 129 132 212 215 219 221 252 258 324 342 392 
417 420 444 462 494 496 512 525 536 553 560 565 598 
 607
 26
 19 48 68 81 110 135 171 177 198 294 323 358 
360 398 405 425 426 428 435 463 483 499 551 568 623 
 625
 30
 32 83 100 103 113 158 244 250 259 297 324 329 
330 341 358 368 395 414 429 454 496 552 561 582 584 
 599 612 615 620 624
 36
 11 45 47 48 58 132 156 166 177 201 223 239 
255 276 328 336 339 367 374 381 404 406 415 440 451 
 459 461 462 505 544 547 569 578 582 590 610
 31
 52 68 102 161 168 203 219 248 252 286 296 355 
378 386 388 402 421 431 448 462 464 481 517 536 568 
 597 602 610 611 619 620
 31
 7 45 54 139 172 187 195 203 244 252 259 270 
294 299 308 318 325 340 361 399 417 419 426 440 487 
 518 561 586 593 603 612
 44
 5 14 30 45 72 73 82 103 125 130 151 160 
162 170 172 184 185 209 210 216 221 225 235 236 261 
297 305 313 332 357 360 365 368 399 423 445 449 473 
 497 519 522 537 543 585
 36
 3 19 26 54 65 87 122 151 165 178 200 202 
216 238 251 284 286 288 289 294 301 303 326 378 379 
 420 456 469 471 481 483 502 539 542 564 590
 30
 2 5 19 44 51 119 129 138 158 163 193 204 
228 243 264 290 345 355 373 377 388 449 457 471 498 
 500 568 583 592 614
 35
 11 41 62 90 106 113 154 160 186 202 203 220 
230 231 234 242 244 258 273 293 338 385 390 417 419 
 421 426 439 482 485 489 492 518 527 529
 31
 15 30 66 71 74 97 113 115 150 152 236 241 
285 287 301 360 374 385 411 430 443 460 482 497 524 
 571 576 579 606 624 625
 35
 16 21 26 67 82 92 94 125 128 133 134 170 
180 215 229 245 248 256 319 358 384 418 437 441 451 
 477 508 528 543 553 570 593 599 623 624
 32
 12 34 45 98 128 129 142 157 163 165 169 202 
232 240 261 299 335 360 371 372 387 392 411 434 447 
 458 467 474 490 528 578 584
 42
 48 50 54 63 92 117 129 149 155 168 197 234 
268 274 283 301 341 357 371 374 400 404 424 428 434 
455 466 486 492 498 506 553 568 600 601 610 611 617 
 619 620 624 627
 27
 9 16 27 62 76 82 99 102 116 137 150 176 
184 191 248 253 282 357 366 369 379 449 457 498 580 
 589 605
 32
 2 3 22 30 39 66 97 112 136 184 207 214 
215 217 230 265 283 314 325 344 391 432 439 482 487 
 501 521 548 555 561 566 601
 30
 14 50 52 90 96 130 132 141 153 168 171 211 
252 262 266 268 276 308 312 329 331 355 366 377 419 
 490 565 586 607 613
 32
 1 3 4 32 68 72 74 83 97 109 134 167 
174 191 231 274 288 311 312 343 345 358 414 421 434 
 451 459 465 488 545 612 619
 32
 2 28 46 50 72 78 80 92 95 142 143 169 
255 257 263 332 340 354 395 407 427 433 435 455 456 
 467 486 509 566 585 608 618
 36
 42 57 63 66 101 102 108 110 112 183 185 200 
207 290 304 312 321 330 363 417 424 432 461 468 494 
 512 519 535 559 564 573 584 606 608 619 627
 49
 11 75 87 94 106 120 137 141 142 153 177 196 
202 203 224 230 238 252 253 265 281 291 292 299 316 
325 354 415 428 434 446 450 469 473 480 519 523 533 
 536 548 551 554 584 604 605 608 611 615 616
 29
 19 60 62 78 86 109 151 154 167 236 238 244 
257 297 304 310 360 373 424 449 481 492 509 551 594 
 596 601 610 619
 32
 51 79 91 116 140 141 145 197 199 219 255 263 
363 388 408 424 427 460 486 490 521 526 527 534 557 
 565 575 581 592 606 612 624
 40
 1 5 26 34 40 43 56 59 91 93 98 106 
131 133 178 186 210 217 252 315 321 322 332 343 366 
383 386 387 414 428 431 441 454 491 527 538 539 558 
 573 626
 24
 4 23 34 35 74 79 121 139 151 160 181 185 
 244 248 265 287 290 322 345 356 522 526 534 601
 29
 26 36 68 77 110 153 166 190 194 199 200 214 
220 231 284 290 291 315 318 362 417 432 434 470 511 
 515 518 576 616
 28
 8 13 21 44 80 93 199 206 216 244 249 274 
305 317 371 386 390 396 403 408 431 470 482 548 587 
 590 594 602
 26
 28 69 84 102 167 177 197 203 238 263 292 334 
342 376 391 410 428 463 488 524 532 540 550 561 602 
 627
 32
 1 19 56 68 81 98 118 160 171 180 181 209 
214 215 286 287 311 328 382 400 423 433 446 475 502 
 520 523 528 542 554 577 597
 29
 5 37 57 59 70 175 195 258 262 283 285 292 
297 332 343 379 403 408 423 433 474 512 525 536 539 
 558 563 612 618
 29
 29 44 59 103 180 182 190 209 230 251 266 279 
330 359 368 376 396 399 438 441 474 484 489 537 549 
 563 599 614 619
 40
 14 24 41 74 77 90 98 120 138 191 289 290 
328 335 365 396 397 398 399 400 407 411 461 462 465 
471 476 491 498 518 522 524 532 538 561 579 595 604 
 615 620
 31
 3 99 103 128 130 136 158 164 177 181 219 227 
228 235 249 262 266 338 368 373 399 418 450 478 522 
 563 564 583 607 621 623
 30
 3 9 33 66 97 117 123 153 190 200 224 264 
273 285 325 345 350 384 386 396 401 414 429 453 466 
 486 522 544 586 625
 31
 3 35 54 55 58 160 187 222 245 247 314 327 
350 399 401 426 427 435 482 484 491 492 494 504 514 
 531 538 576 604 614 624
 36
 2 19 28 35 40 53 58 85 90 96 123 130 
131 180 185 188 192 198 206 213 230 265 302 303 333 
 397 414 463 481 500 503 534 541 549 601 622
 30
 10 13 22 31 49 98 99 127 171 183 202 258 
260 303 361 382 450 469 475 486 502 518 564 570 571 
 602 605 606 625 626
 28
 77 87 91 103 187 202 216 251 253 264 276 347 
348 379 397 399 400 416 441 497 549 561 566 580 595 
 599 615 621
 31
 11 117 140 146 155 160 187 207 211 222 262 290 
291 295 340 346 357 382 388 400 407 416 430 449 511 
 522 527 533 559 603 612
 31
 23 69 100 167 178 200 224 236 239 242 281 303 
319 330 333 334 396 402 412 413 436 443 449 464 472 
 487 503 555 568 569 612
 31
 64 77 102 107 156 180 185 249 254 287 289 291 
292 312 324 375 387 428 436 468 493 508 509 532 566 
 581 609 612 618 620 621
 32
 6 36 65 74 80 129 146 154 166 167 187 194 
205 215 244 271 275 300 303 322 330 357 381 430 446 
 491 524 546 571 583 584 607
 30
 8 16 43 78 81 157 216 225 237 246 290 292 
298 334 335 336 359 362 394 396 402 403 422 424 467 
 498 530 578 611 616
 22
 4 30 40 102 114 129 142 148 169 222 234 256 
 278 283 286 297 378 426 511 515 577 603
 27
 7 8 16 39 76 130 132 139 271 273 343 359 
369 379 383 426 427 472 473 488 497 536 540 544 566 
 589 604
 33
 20 94 98 108 109 123 162 195 215 216 243 247 
315 328 355 389 410 430 449 471 484 521 524 530 572 
 575 593 594 607 609 614 618 624
 28
 1 5 59 68 69 85 93 95 104 106 124 190 
193 261 321 334 345 355 431 489 500 530 564 575 578 
 591 610 622
 34
 10 35 37 70 85 87 88 119 132 145 165 179 
252 299 317 329 348 358 381 395 424 426 435 468 481 
 493 497 499 504 517 541 563 578 589
 37
 9 12 13 18 98 106 110 115 118 119 134 139 
149 157 197 205 267 288 358 366 413 414 436 452 468 
 469 470 489 493 494 506 523 529 533 536 545 606
 28
 82 138 177 188 222 256 283 294 311 335 342 358 
362 373 437 461 484 502 505 541 542 577 579 594 611 
 612 614 622
 33
 10 36 42 50 59 60 69 79 109 119 131 154 
197 282 287 326 387 425 444 453 467 473 485 500 504 
 530 536 543 575 584 588 590 618
 37
 19 45 74 78 95 102 120 132 141 149 174 175 
183 186 198 249 265 290 337 347 356 358 365 367 368 
 374 375 378 404 429 452 481 511 530 543 602 605
 31
 1 15 42 45 65 71 84 111 126 135 180 182 
196 212 218 231 314 341 343 363 372 438 439 454 490 
 503 513 514 599 614 617
 30
 29 32 55 59 70 123 198 199 226 237 264 276 
278 292 309 316 351 451 455 466 503 527 536 538 540 
 542 568 571 593 595
 28
 11 50 70 96 107 119 130 148 154 158 180 205 
206 240 296 336 364 450 451 543 547 553 560 568 572 
 601 602 625
 24
 50 51 55 121 136 144 185 186 187 198 304 362 
 363 376 398 511 546 550 555 559 566 607 612 614
 38
 2 14 27 66 72 92 113 142 175 176 186 193 
214 215 245 248 318 345 358 363 373 380 382 383 395 
398 403 415 428 434 459 460 511 517 522 535 572 580 
 37
 10 26 43 65 69 86 90 101 108 125 132 134 
179 187 190 228 243 262 269 270 271 288 290 298 301 
 307 340 377 430 450 527 557 559 600 609 611 622
 30
 29 39 40 50 66 101 121 216 250 254 293 295 
323 332 354 376 431 438 439 445 455 459 477 483 485 
 487 517 526 600 606
 35
 6 16 55 73 78 132 156 158 232 248 255 296 
299 314 328 337 359 378 384 391 407 436 437 442 443 
 450 451 452 464 466 505 516 554 570 608
 32
 7 23 29 48 113 117 124 165 212 213 227 248 
264 278 296 336 352 361 365 372 401 423 494 502 541 
 586 607 611 616 618 621 623
 27
 100 111 117 164 187 212 244 309 330 333 372 388 
430 483 511 525 534 535 579 580 582 589 614 622 624 
 626 627
 33
 42 52 94 95 97 99 114 116 122 131 170 172 
188 216 225 234 249 282 284 306 367 407 422 439 499 
 500 550 557 567 602 604 621 623
 32
 19 24 40 47 54 75 76 89 91 92 103 108 
173 181 185 212 254 282 288 338 341 360 363 400 401 
 421 451 463 475 487 589 611
 21
 6 8 32 58 95 98 121 208 215 249 358 374 
 391 400 462 482 488 497 543 564 587
 29
 5 10 24 59 116 124 151 182 191 212 244 264 
275 300 313 318 323 357 422 432 458 482 494 499 559 
 563 570 614 627
 32
 24 86 99 106 112 134 136 159 173 186 250 270 
292 312 313 325 327 346 364 374 379 402 449 455 476 
 496 509 519 552 583 588 605
 39
 1 8 16 30 42 63 68 69 77 101 110 131 
156 168 198 201 212 230 240 253 270 278 283 288 298 
355 380 422 445 451 455 466 483 486 578 610 616 619 
 624
 29
 2 5 44 81 92 97 144 176 232 243 247 258 
264 283 305 373 399 414 419 445 451 465 489 525 560 
 569 570 574 610
 34
 52 78 124 129 133 161 194 233 251 280 301 319 
324 344 348 359 365 366 384 386 393 425 436 454 480 
 507 509 516 526 539 540 546 558 612
 33
 31 33 92 119 126 165 170 222 261 265 308 334 
339 353 355 361 386 387 423 440 453 462 481 498 524 
 544 551 565 568 579 584 614 618
 41
 16 31 32 114 122 166 178 198 205 218 240 247 
275 290 292 294 312 327 353 357 359 375 379 403 409 
412 457 480 482 491 515 516 526 540 543 556 563 576 
 610 613 614
 28
 4 5 9 30 53 56 77 89 104 119 126 172 
235 275 287 306 384 389 396 402 405 442 511 520 523 
 535 537 583
 31
 7 15 46 51 52 64 79 102 162 165 285 333 
338 346 357 377 382 395 401 406 473 475 492 501 508 
 517 532 564 576 598 625
 31
 2 28 54 84 87 120 181 231 243 251 262 269 
276 293 305 317 326 330 397 424 431 449 456 464 516 
 517 533 536 547 598 614
 27
 5 7 18 41 50 63 81 83 85 99 108 141 
173 189 204 223 244 267 339 355 431 437 467 537 558 
 601 614
 34
 5 41 65 111 114 142 182 183 196 197 202 236 
244 254 255 270 272 287 338 356 387 406 446 448 457 
 482 499 534 559 584 608 612 619 625
 32
 5 31 44 113 138 141 191 230 243 253 273 288 
339 342 343 356 403 404 414 461 466 472 485 497 509 
 517 539 570 608 619 620 621
 43
 19 25 28 58 59 76 86 96 118 122 127 131 
136 143 156 157 161 174 192 199 243 266 291 303 348 
351 381 396 406 447 454 460 510 533 551 567 569 571 
 584 591 601 619 624
 42
 4 7 28 30 37 42 49 58 62 67 91 96 
109 120 129 186 203 215 288 302 313 321 333 357 375 
391 396 409 429 433 497 510 511 537 543 546 556 571 
 577 599 601 615
 22
 45 151 153 185 202 203 279 284 322 327 357 365 
 442 447 452 457 465 472 477 509 517 552
 38
 49 63 68 74 76 106 112 117 141 142 167 179 
196 247 291 294 303 306 319 326 331 350 440 441 445 
454 471 494 501 517 531 542 545 548 555 561 593 619 
 36
 1 27 80 82 96 109 129 148 155 158 197 206 
222 223 261 274 275 320 332 367 397 406 415 434 435 
 446 460 472 504 510 534 538 559 560 587 624
 33
 5 29 50 67 78 88 117 133 144 147 248 268 
283 303 370 380 405 419 449 459 461 465 470 478 487 
 489 536 541 543 571 582 607 615
 34
 16 74 93 101 135 136 139 199 266 275 287 312 
319 349 353 373 374 388 448 460 483 484 502 507 511 
 513 525 554 562 594 611 620 622 624
 30
 6 10 20 32 53 60 147 173 248 261 268 297 
311 313 365 367 418 419 437 447 455 471 509 525 540 
 563 566 574 595 620
 38
 1 2 14 28 43 53 55 61 65 177 185 200 
217 218 254 258 280 299 323 362 382 404 422 468 485 
491 509 511 523 531 534 577 585 604 616 617 618 626 
 42
 7 20 26 37 40 46 90 105 113 123 140 156 
184 187 207 216 218 226 247 268 274 279 320 333 340 
355 356 364 385 401 407 412 456 476 487 497 543 561 
 576 585 588 603
 36
 1 20 61 72 90 100 120 135 158 173 217 246 
254 263 277 289 297 306 307 313 360 364 367 381 390 
 483 503 525 527 538 544 561 567 584 624 626
 34
 13 68 99 101 128 134 136 149 163 215 220 236 
241 266 269 285 329 368 387 403 424 443 448 463 470 
 496 513 559 572 593 615 616 621 622
 33
 3 24 34 49 62 165 170 178 224 245 255 289 
324 342 352 355 356 358 362 395 409 411 427 429 454 
 465 493 494 523 542 595 597 606
 29
 18 35 55 89 111 122 161 168 179 191 192 226 
246 263 271 280 289 323 339 352 412 478 495 502 552 
 558 576 611 621
 37
 39 67 76 80 82 129 149 160 164 170 181 194 
206 239 249 271 272 284 286 337 360 366 375 431 453 
 464 492 511 515 538 542 565 588 597 612 626 627
 30
 37 45 72 91 94 102 164 221 226 244 246 253 
263 272 338 360 385 399 495 500 520 531 546 562 581 
 589 593 599 620 622
 31
 4 7 52 64 81 85 150 167 171 181 208 233 
257 287 298 320 327 339 345 370 481 485 486 490 504 
 509 537 564 566 567 596
 27
 3 8 43 65 91 142 162 175 189 210 212 228 
255 283 295 326 338 353 402 426 456 493 509 554 612 
 618 619
 27
 24 47 75 94 103 140 143 163 194 199 221 243 
260 361 364 369 407 482 491 494 497 507 537 557 570 
 587 600
 33
 33 65 123 134 159 171 201 226 246 248 250 253 
254 255 287 327 351 356 360 377 385 418 431 432 459 
 488 492 511 517 552 569 601 616
 32
 13 15 21 32 41 53 57 68 75 105 149 153 
160 199 213 215 247 284 445 466 481 487 490 516 531 
 556 565 576 578 591 598 614
 25
 1 2 9 55 60 61 69 75 141 165 210 214 
245 247 271 315 337 390 424 436 440 451 461 472 499 
 26
 6 38 50 56 58 73 84 116 162 167 198 314 
334 372 384 425 450 486 519 532 538 545 559 572 576 
 625
 29
 2 8 31 33 43 71 80 138 174 251 311 329 
331 402 409 411 432 449 484 514 515 520 525 536 541 
 547 563 595 626
 27
 16 50 112 124 168 178 203 215 227 235 250 321 
403 424 494 512 513 514 515 526 559 569 589 599 612 
 615 625
 29
 73 129 133 166 167 202 208 230 234 284 298 306 
316 366 419 450 471 473 479 488 497 499 503 535 550 
 559 587 607 625
 35
 4 32 82 98 104 108 132 163 164 176 177 184 
204 215 250 252 259 285 323 338 347 351 368 375 410 
 420 450 458 475 538 552 585 601 602 625
 28
 24 59 71 124 142 164 193 198 214 226 238 256 
261 340 357 361 362 412 423 430 456 468 489 523 562 
 583 611 627
 37
 5 17 23 52 67 141 146 210 282 291 311 348 
362 363 369 374 391 392 393 424 430 436 437 448 468 
 470 493 501 503 514 540 547 548 586 592 599 603
 36
 6 15 50 106 110 114 172 198 220 262 271 287 
288 314 315 353 368 375 421 424 461 465 469 474 502 
 512 534 536 538 555 559 560 565 569 578 606
 30
 16 31 60 67 90 92 95 111 132 163 200 211 
220 221 231 236 257 296 312 331 362 366 437 456 481 
 512 538 556 594 599
 29
 29 46 80 110 112 128 137 189 198 220 247 251 
285 286 299 346 349 388 399 408 428 448 532 543 550 
 570 602 610 613
 47
 48 59 63 71 79 90 92 97 107 129 143 152 
169 182 186 198 210 213 218 220 221 223 260 280 282 
305 315 351 365 371 393 395 412 443 453 456 513 545 
 549 552 566 570 581 589 592 614 619
 31
 17 27 41 51 89 142 164 184 196 206 219 220 
293 299 329 362 367 369 378 383 398 401 437 457 477 
 524 545 549 558 581 610
 29
 19 24 32 52 73 161 167 176 186 194 240 269 
279 292 304 318 352 420 424 437 446 472 487 504 506 
 514 545 600 608
 44
 8 14 38 53 57 62 69 115 128 139 144 147 
168 173 178 179 183 192 226 259 300 307 319 331 344 
368 374 386 397 400 401 404 414 456 478 483 498 534 
 537 543 547 556 569 589
 21
 12 93 98 122 166 253 259 280 294 373 374 427 
 438 462 466 559 573 583 589 612 623
 33
 11 46 54 62 91 101 102 112 114 155 172 173 
182 192 210 245 267 284 352 393 399 406 428 454 471 
 484 485 486 537 560 571 583 613
 39
 13 90 99 100 134 149 175 188 195 209 210 223 
224 245 257 284 310 312 322 336 342 358 359 370 375 
395 410 435 457 474 480 510 545 569 574 578 590 596 
 607
 33
 17 21 22 36 86 94 97 99 103 107 134 142 
166 188 243 266 271 276 328 329 355 372 405 432 437 
 493 531 538 547 564 597 605 618
 26
 10 20 50 56 101 108 119 170 171 224 233 268 
279 295 312 331 389 401 429 434 514 525 531 560 611 
 618
 18
 11 12 32 131 147 152 236 237 268 371 398 444 
 463 516 520 521 583 601
 37
 7 15 21 24 55 65 67 83 91 119 129 153 
180 183 202 214 222 225 249 252 267 312 313 321 395 
 410 429 447 472 495 501 539 545 551 559 569 583
 30
 39 47 73 137 140 161 164 262 298 309 317 322 
332 355 356 377 401 457 481 488 490 492 541 555 572 
 573 608 610 618 620
 28
 18 24 39 147 149 169 235 251 289 310 327 329 
348 355 366 395 399 422 433 458 539 540 547 557 561 
 611 616 625
 38
 15 31 43 62 63 84 98 130 140 171 174 197 
209 231 243 302 326 336 362 387 396 402 404 417 432 
453 457 466 471 510 518 532 553 558 565 594 614 615 
 34
 33 70 74 111 118 135 170 202 220 223 228 246 
287 296 327 354 364 376 377 378 397 460 469 517 519 
 528 535 541 576 577 598 615 618 625
 36
 59 64 70 95 100 152 155 218 229 280 282 306 
339 343 373 378 400 413 431 432 441 450 480 487 496 
 508 512 522 549 563 580 596 601 608 617 622
 28
 4 6 24 51 57 61 85 106 123 187 284 291 
321 385 398 433 457 512 534 540 543 545 562 583 593 
 594 602 605
 34
 1 8 10 15 30 49 72 75 97 117 132 146 
161 192 201 211 213 247 323 337 357 364 371 375 382 
 383 424 437 475 505 510 537 543 604
 39
 14 40 53 78 136 145 180 191 193 200 207 236 
270 274 308 320 329 339 351 355 399 402 432 439 465 
472 495 498 509 516 521 531 533 567 582 595 603 614 
 619
 27
 2 7 54 56 74 79 97 100 109 137 143 152 
174 197 198 227 256 266 328 362 413 532 546 564 567 
 569 581
 29
 7 13 51 68 89 96 168 210 231 232 272 297 
308 311 312 328 355 376 380 432 436 444 460 468 497 
 508 517 585 627
 29
 26 72 81 93 98 100 121 125 154 166 220 260 
274 329 356 370 373 390 464 473 505 533 562 572 581 
 599 603 604 626
 26
 26 28 64 137 174 175 218 247 253 263 269 287 
305 307 312 322 412 428 448 469 491 535 541 593 620 
 624
 45
 8 17 20 29 31 61 86 96 99 124 126 136 
161 164 189 233 243 244 256 258 260 268 289 331 337 
361 404 413 418 419 426 432 433 453 465 496 504 505 
 510 553 558 575 577 587 624
 35
 6 42 50 55 78 145 146 147 152 179 195 196 
229 239 243 252 253 268 299 354 355 358 364 379 381 
 457 469 482 488 495 516 519 549 577 584
 24
 79 82 97 213 221 242 280 305 308 350 361 373 
 438 458 505 513 520 550 564 565 580 609 619 625
 39
 6 21 26 31 44 55 65 77 88 94 109 121 
130 148 163 175 188 205 243 257 285 287 299 306 311 
323 398 412 418 481 491 520 567 568 576 590 603 611 
 617
 23
 17 63 150 160 182 293 299 313 326 350 355 384 
 392 418 436 518 520 523 524 528 530 601 618
 39
 8 67 73 75 105 111 138 152 159 175 231 250 
252 258 291 298 305 319 322 325 369 391 411 420 423 
425 429 454 455 471 495 510 520 530 539 542 545 615 
 626
 24
 21 64 118 145 152 161 165 184 231 233 237 246 
 255 270 327 334 410 450 470 510 580 581 601 602
 26
 21 59 63 98 112 136 206 207 247 256 302 339 
371 378 424 433 436 458 459 462 540 542 594 599 608 
 623
 34
 64 72 99 127 130 133 181 193 200 245 248 260 
285 307 313 323 327 373 420 440 443 477 483 504 510 
 515 524 533 567 583 599 600 603 616
 28
 20 69 95 96 99 104 131 134 140 143 146 169 
176 205 246 261 272 320 347 438 449 482 491 517 522 
 549 619 626
 33
 39 40 71 95 102 104 127 158 187 199 208 223 
252 253 267 283 315 371 373 376 379 386 410 412 433 
 439 487 523 552 563 588 610 616
 38
 5 44 50 60 80 93 104 108 134 135 144 208 
270 284 285 287 326 337 388 397 408 415 425 442 462 
498 505 509 545 546 566 567 571 572 585 600 613 620 
 38
 46 51 65 69 82 100 125 129 139 147 173 176 
188 204 217 250 255 293 302 306 308 310 331 338 347 
393 443 487 516 519 541 548 585 588 590 603 626 627 
 32
 2 37 58 59 154 201 207 214 244 274 297 300 
318 384 392 401 404 426 456 487 490 498 513 518 524 
 535 541 544 552 561 566 575
 26
 29 38 53 64 73 164 185 230 235 239 257 259 
274 286 288 309 348 400 412 445 446 481 496 573 597 
 603
 35
 18 35 38 62 91 97 103 105 132 151 164 200 
205 213 216 264 295 358 372 389 413 422 424 467 496 
 507 510 533 536 548 568 582 600 611 613
 45
 3 27 70 90 96 123 151 160 179 189 199 203 
204 212 242 257 266 283 290 293 298 315 338 344 382 
445 449 458 467 472 473 485 487 488 493 506 525 532 
 537 540 551 555 564 591 617
 27
 26 28 29 30 132 135 200 205 233 240 246 289 
343 355 358 384 392 425 426 428 465 526 548 556 568 
 580 625
 27
 8 40 66 91 141 195 241 263 301 323 340 341 
362 366 396 398 412 452 477 482 490 514 534 570 585 
 594 627
 32
 3 6 22 49 64 75 82 83 106 119 130 137 
141 179 197 201 207 243 245 246 255 285 289 348 349 
 379 429 516 526 551 559 596
 35
 1 5 8 23 60 61 66 77 91 92 101 129 
142 151 165 200 202 204 210 223 241 248 251 265 283 
 359 361 423 449 507 522 524 537 556 561
 25
 5 153 165 171 177 189 235 244 254 288 306 318 
354 362 397 406 409 416 420 432 445 491 500 526 536 
 33
 26 57 59 79 119 197 201 206 208 210 254 260 
270 304 319 330 333 335 351 363 400 403 433 500 503 
 527 532 533 577 585 601 611 618
 30
 33 94 96 134 161 242 267 268 302 345 351 361 
438 441 448 483 494 495 500 511 514 524 554 566 569 
 572 573 589 592 607
 34
 20 31 34 36 64 73 95 119 134 161 176 211 
233 249 255 267 279 281 282 283 368 438 475 482 511 
 512 542 560 561 567 594 603 609 610
 24
 7 16 32 119 150 162 178 179 229 247 322 326 
 339 377 383 441 452 463 467 484 495 503 529 595
 27
 11 25 33 70 117 138 174 289 295 296 317 333 
360 405 441 449 458 463 506 512 525 528 531 536 537 
 579 618
 32
 13 68 69 79 90 101 107 135 137 144 193 240 
253 260 297 298 311 365 367 388 389 414 416 453 459 
 464 468 476 510 513 533 597
 28
 21 22 57 62 144 189 212 219 240 245 247 258 
260 271 274 313 342 358 359 367 380 429 443 528 547 
 604 618 626
 25
 9 16 25 57 80 100 113 131 157 198 237 238 
261 266 402 448 488 514 520 547 550 551 570 585 610 
 28
 2 10 12 52 120 142 162 172 237 258 279 313 
354 364 427 455 462 478 488 495 501 531 571 590 593 
 609 621 622
 34
 13 21 81 107 112 128 137 138 155 178 191 201 
218 262 269 270 279 296 302 311 315 349 382 418 437 
 454 488 492 535 558 561 567 583 615
 31
 17 44 148 167 172 178 180 182 211 219 233 236 
258 259 274 282 285 295 303 307 318 325 354 407 456 
 481 512 513 534 538 577
 33
 1 12 48 61 67 85 86 93 116 125 134 164 
173 223 333 355 364 389 392 436 452 471 476 483 485 
 489 519 538 539 542 568 597 611
 46
 5 25 78 102 131 136 137 152 166 196 197 209 
217 231 259 267 276 294 301 313 330 336 356 360 375 
381 389 403 408 411 414 431 434 468 484 504 510 517 
 529 537 538 540 550 571 575 580
 25
 4 12 26 92 111 129 144 201 244 289 291 314 
315 334 422 461 463 468 477 479 486 524 537 592 603 
 24
 14 17 30 60 73 106 126 167 293 311 315 353 
 442 449 499 517 518 539 557 594 596 600 602 604
 35
 52 85 129 130 136 158 169 175 208 209 227 229 
250 257 258 271 301 315 342 366 400 413 422 426 461 
 478 481 495 496 530 538 542 557 620 625
 38
 13 14 15 29 62 77 83 155 156 163 168 169 
183 185 190 235 241 257 284 322 341 355 363 378 395 
396 402 403 409 429 440 441 460 491 511 517 568 577 
 43
 2 12 52 53 57 67 94 111 118 134 199 202 
216 217 221 229 230 236 243 289 291 294 296 309 329 
341 347 361 368 381 396 401 405 409 412 455 510 519 
 521 533 556 574 604
 33
 4 6 13 37 52 55 107 136 163 170 187 204 
219 228 264 296 359 395 428 440 441 443 445 503 507 
 518 528 530 535 551 555 579 612
 31
 47 52 62 77 104 124 126 135 148 174 203 207 
239 254 305 314 324 369 415 427 436 437 440 478 484 
 492 493 496 544 567 624
 24
 12 80 152 161 162 163 172 226 262 282 355 374 
 378 391 406 423 509 510 514 527 544 546 573 584
 30
 11 47 53 54 64 121 129 145 199 250 261 271 
292 295 325 369 384 394 409 423 425 429 452 459 462 
 465 472 501 586 620
 43
 3 26 39 45 54 55 91 102 110 130 133 143 
149 156 157 196 203 245 260 269 283 285 328 348 357 
374 382 383 387 406 413 417 431 469 488 510 572 585 
 588 591 593 620 622
 37
 2 9 25 46 52 69 104 121 132 162 167 186 
228 284 291 295 299 301 314 317 319 375 378 385 389 
 398 405 414 420 489 500 508 512 515 548 588 600
 30
 6 8 20 23 41 47 117 140 157 212 213 215 
247 254 265 290 311 317 331 350 352 367 400 415 423 
 435 481 535 560 577
 36
 13 35 46 83 111 114 133 139 140 160 175 202 
203 211 250 262 263 271 276 290 315 317 333 334 379 
 390 395 398 424 455 459 466 498 512 526 527
 41
 1 29 33 50 59 81 90 91 92 97 115 171 
194 197 221 278 280 282 284 287 293 297 300 316 320 
332 345 377 404 415 424 453 456 457 501 508 549 559 
 572 598 624
 29
 2 5 13 21 29 36 58 72 98 123 135 168 
179 188 208 230 246 265 336 379 409 425 431 481 507 
 521 580 588 592
 33
 8 15 28 34 37 71 178 181 186 258 279 281 
304 339 369 379 398 416 426 427 430 476 486 491 494 
 496 497 519 524 596 605 613 618
 31
 27 31 35 79 86 125 138 175 245 249 281 286 
290 296 360 376 395 410 438 493 510 530 540 546 559 
 560 571 585 586 587 607
 32
 8 24 30 37 71 76 184 202 289 310 311 322 
327 364 373 383 393 417 442 465 484 500 509 518 538 
 552 563 581 608 610 620 621
 29
 40 128 131 136 170 177 183 208 209 216 243 251 
298 301 320 328 351 352 368 380 387 428 449 483 486 
 498 547 575 586
 25
 56 70 216 291 313 351 368 456 464 467 476 492 
503 515 561 566 573 574 575 582 604 610 619 624 626 
 26
 15 31 45 61 66 105 110 130 164 197 238 245 
252 254 267 278 284 291 333 398 404 450 465 497 516 
 593
 32
 17 99 129 138 161 162 171 182 184 198 203 238 
267 283 324 337 356 376 427 439 452 462 472 483 507 
 521 537 562 574 577 615 623
 27
 24 58 85 133 134 135 179 300 340 367 399 428 
436 486 513 529 530 536 544 545 550 551 563 564 566 
 594 599
 26
 4 43 81 88 110 112 127 138 143 182 183 245 
250 296 308 318 356 383 402 410 445 457 532 537 575 
 600
 43
 36 58 60 98 130 145 146 148 155 160 165 199 
200 201 204 216 217 230 245 248 251 261 286 292 304 
367 386 395 403 404 411 429 453 460 498 520 526 540 
 553 555 556 588 604
 27
 1 5 62 69 103 147 152 198 202 206 210 252 
317 324 341 356 368 371 372 403 485 487 504 569 587 
 591 621
 34
 71 75 159 219 224 227 244 264 265 272 294 313 
320 367 389 489 491 507 517 521 528 530 532 568 572 
 577 586 593 600 609 612 621 622 626
 26
 17 65 76 140 150 186 226 243 245 257 266 269 
282 295 319 330 395 447 451 540 549 552 579 592 606 
 613
 34
 7 10 60 102 150 174 179 194 204 243 248 269 
273 278 293 323 347 364 396 407 417 428 434 442 483 
 488 493 495 511 527 559 590 607 624
 35
 7 27 47 54 57 143 180 224 238 243 293 314 
317 329 356 365 368 380 395 420 437 466 475 509 521 
 525 533 549 553 557 565 569 584 610 617
 31
 12 13 22 23 58 64 66 111 162 186 205 223 
252 255 263 277 283 376 397 400 426 430 439 443 486 
 491 509 529 552 558 589
 20
 11 22 44 45 93 94 158 177 195 224 243 285 
 397 419 428 488 497 526 554 587
 26
 12 18 27 73 141 197 228 232 253 272 292 329 
355 360 370 396 406 414 479 507 515 551 582 596 599 
 622
 32
 20 26 38 56 61 134 141 144 155 191 234 237 
328 361 362 365 369 371 372 398 410 425 427 479 485 
 497 531 540 547 573 578 603
 27
 6 15 26 32 62 80 81 93 136 144 246 265 
282 294 302 345 359 380 387 399 418 443 458 502 520 
 565 610
 30
 31 101 104 105 134 148 178 226 234 236 250 300 
330 392 394 410 423 440 444 445 456 503 515 554 559 
 564 574 589 597 626
 40
 6 13 16 27 42 81 88 115 135 179 194 200 
232 244 247 257 266 269 276 278 287 292 311 330 336 
395 401 402 432 494 503 510 569 572 575 576 585 591 
 613 615
 36
 5 6 43 51 62 70 71 94 109 111 135 156 
159 161 201 218 283 315 321 370 394 397 404 411 412 
 419 438 482 486 535 539 546 547 558 582 617
 31
 1 9 21 76 83 92 142 144 160 178 197 199 
222 249 292 311 318 340 356 359 369 370 372 405 406 
 435 473 482 559 562 577
 33
 16 116 137 140 146 158 163 186 204 220 243 280 
305 312 315 316 332 335 340 346 349 355 365 366 393 
 405 417 459 469 490 496 525 558
 29
 34 65 153 159 160 188 192 228 245 246 309 322 
332 339 370 372 403 465 495 498 499 512 539 555 565 
 594 597 602 622
 32
 8 16 62 71 75 86 106 163 182 184 253 261 
273 324 356 369 374 396 397 416 439 489 492 499 552 
 554 557 586 592 604 607 617
 33
 7 9 23 64 84 117 119 130 139 157 193 195 
207 221 225 254 281 293 304 334 380 398 405 412 451 
 455 489 528 536 538 558 575 586
 32
 67 70 79 81 92 109 167 200 209 238 244 260 
275 289 313 346 376 424 432 452 483 488 499 504 548 
 576 579 592 595 599 600 608
 32
 12 101 108 116 147 177 238 243 246 259 262 269 
274 314 330 356 378 401 447 475 493 508 518 539 547 
 556 570 581 595 603 620 626
 29
 3 20 25 56 64 102 105 126 129 190 197 266 
293 352 400 417 422 426 430 436 455 466 478 522 542 
 552 555 609 617
 29
 25 52 72 76 96 141 144 151 166 172 262 285 
300 308 343 344 409 423 425 430 477 484 510 544 573 
 591 623 624 627
 41
 11 36 37 73 86 122 130 133 142 146 152 173 
188 197 199 221 230 267 282 285 346 351 354 356 366 
372 397 407 411 415 429 471 496 499 504 508 509 537 
 541 572 619
 35
 10 18 22 25 70 109 113 114 130 190 221 225 
227 256 284 313 323 337 343 349 361 369 419 453 455 
 484 485 503 524 527 562 565 579 589 619
 32
 27 44 51 64 91 99 107 135 137 152 173 175 
214 216 223 232 315 321 327 349 385 389 454 480 491 
 493 501 525 529 541 562 617
 32
 15 28 34 38 96 133 143 157 162 254 272 284 
288 332 362 403 438 441 452 455 459 466 481 485 490 
 567 583 591 599 600 606 623
 35
 29 67 71 106 111 113 129 131 140 163 164 172 
179 203 206 219 224 233 246 284 285 290 298 322 349 
 401 416 423 506 514 516 538 564 571 598
 23
 6 17 20 22 34 48 130 147 299 384 434 472 
 494 536 538 549 556 557 571 589 592 605 621
 39
 17 18 76 91 94 100 108 131 132 142 148 154 
156 160 171 172 209 211 246 259 260 272 282 286 347 
376 425 443 445 464 473 476 485 521 523 553 559 609 
 610
 37
 38 93 105 106 107 108 140 187 208 239 259 268 
298 304 309 313 366 374 399 451 454 464 472 473 478 
 481 495 512 534 543 558 574 576 577 580 589 595
 41
 22 66 67 88 90 92 103 114 122 167 171 187 
192 194 204 206 232 239 244 298 335 356 358 366 371 
381 391 399 423 455 462 466 515 531 536 537 558 562 
 611 617 624
 27
 6 9 66 86 90 124 137 153 157 173 200 202 
210 258 303 323 344 381 407 408 435 470 488 505 513 
 520 605
 30
 35 78 129 174 175 225 234 235 250 314 364 380 
385 395 452 462 465 468 484 491 510 525 531 545 548 
 550 587 588 610 626
 35
 19 22 68 120 121 130 135 154 175 192 205 271 
280 284 300 328 333 355 370 383 394 418 430 434 458 
 460 488 535 537 538 541 557 563 592 606
 32
 16 18 29 51 59 113 116 133 144 169 172 190 
256 270 273 320 323 346 362 451 457 459 471 499 511 
 531 533 573 582 587 605 609
 36
 1 10 24 41 51 66 93 112 146 151 208 228 
231 242 243 282 312 321 323 324 328 332 337 375 393 
 434 435 444 451 456 463 481 567 597 601 607
 47
 6 27 69 75 104 110 127 136 137 144 146 147 
160 162 183 203 211 214 222 249 264 278 285 297 303 
312 318 325 396 433 435 455 461 532 539 546 548 550 
 558 560 562 578 586 599 605 608 621
 31
 31 34 36 38 91 96 108 109 123 134 138 218 
249 282 286 297 377 381 435 485 486 487 529 540 544 
 551 554 585 588 616 623
 26
 17 48 52 87 120 177 200 208 234 264 282 291 
355 358 365 403 408 420 454 457 524 527 543 544 570 
 585
 28
 3 30 50 74 91 95 114 126 131 171 176 184 
198 215 312 373 394 399 432 497 502 511 513 516 592 
 595 612 627
 32
 24 59 97 115 178 207 232 245 259 289 294 304 
311 313 343 361 408 422 425 446 460 479 480 530 556 
 567 573 579 585 590 599 608
 35
 5 13 15 21 25 34 35 36 50 55 219 243 
269 270 287 330 368 383 388 393 395 400 409 444 446 
 454 466 480 482 511 515 517 554 560 566
 25
 3 66 103 121 163 189 206 227 243 251 315 317 
340 350 355 462 469 512 513 542 564 571 578 582 587 
 27
 4 25 61 62 104 111 117 175 186 230 248 256 
356 402 420 429 449 453 456 498 509 519 548 562 563 
 565 572
 44
 3 4 7 22 54 57 74 88 108 127 138 151 
164 197 221 223 224 227 233 281 283 293 301 320 323 
352 362 371 374 379 405 406 426 478 494 501 529 535 
 537 544 550 562 574 626
 41
 8 29 36 60 75 76 80 98 99 132 145 148 
154 167 173 180 199 201 216 236 244 246 256 283 324 
371 379 421 423 440 451 504 511 526 534 544 562 567 
 575 598 613
 35
 4 9 14 28 36 50 65 85 93 99 130 156 
176 211 239 262 306 317 341 344 350 396 400 461 487 
 488 494 495 501 515 519 528 580 584 606
 37
 15 37 58 73 101 134 148 160 162 171 177 185 
206 211 247 258 259 311 316 320 332 341 365 370 395 
 411 427 450 481 522 548 551 570 581 604 619 626
 29
 38 72 73 76 97 100 130 241 245 256 271 292 
354 417 440 451 453 462 529 533 541 544 545 553 595 
 600 609 621 625
 34
 4 52 53 54 91 104 162 166 192 207 210 212 
254 272 277 327 331 350 362 396 401 413 425 429 458 
 461 465 516 522 547 556 569 578 620
 24
 4 42 121 135 152 162 179 180 274 282 297 351 
 382 425 432 456 466 506 519 521 532 546 587 597
 31
 10 18 22 48 56 58 61 82 111 114 133 139 
153 178 203 249 264 273 286 296 322 342 359 361 367 
 370 427 457 524 595 605
 25
 4 57 94 112 155 199 206 209 225 238 282 344 
372 381 399 428 429 438 486 516 539 566 582 584 618 
 35
 61 63 83 123 132 135 138 148 152 165 189 195 
203 232 250 282 286 294 297 302 314 326 425 442 451 
 471 510 544 560 569 581 583 591 606 618
 34
 15 17 38 51 63 75 88 126 146 147 167 168 
217 222 226 272 279 285 311 316 322 355 361 362 373 
 391 446 452 453 483 537 545 572 620
 37
 14 35 39 40 58 65 69 79 85 115 149 173 
204 225 250 251 256 283 320 326 328 359 368 395 402 
 426 481 482 489 527 528 539 545 566 586 602 608
 38
 1 3 7 35 56 97 107 113 135 144 149 150 
205 207 208 215 260 282 285 288 310 317 320 366 421 
462 464 491 506 508 517 519 532 535 540 555 560 591 
 40
 1 8 19 38 41 44 46 55 65 96 107 144 
147 166 170 173 174 197 199 221 226 227 284 288 307 
316 326 368 370 396 486 489 545 554 561 563 566 585 
 605 616
 34
 19 27 28 41 61 130 132 137 164 183 189 198 
230 253 260 268 277 286 290 298 325 376 400 404 423 
 425 434 493 523 530 539 543 554 597
 31
 19 36 156 163 164 191 198 202 204 235 263 267 
270 295 301 318 366 377 396 403 415 417 452 482 484 
 490 509 512 513 529 615
 34
 1 24 39 63 73 79 91 98 109 136 184 192 
227 245 283 304 316 328 344 365 400 406 408 426 470 
 487 494 502 504 526 534 546 598 602
 28
 10 11 39 45 55 126 224 244 269 294 298 333 
426 429 430 450 459 464 480 482 509 516 546 562 583 
 596 610 613
 38
 9 42 44 62 64 78 103 105 120 140 168 191 
209 224 229 233 247 251 272 299 300 320 326 337 342 
346 348 364 376 438 448 457 505 567 578 579 581 585 
 39
 56 60 61 69 89 99 102 108 110 143 174 183 
189 197 213 217 220 223 257 271 295 312 364 423 426 
444 448 470 490 492 522 550 551 561 562 569 590 608 
 617
 32
 32 94 101 104 135 152 161 165 210 211 237 249 
275 276 311 355 369 421 447 456 461 467 468 523 529 
 536 537 538 550 563 567 627
 22
 6 17 54 115 132 147 185 243 246 267 289 312 
 325 334 342 419 454 464 467 474 607 627
 25
 18 67 139 160 165 186 258 279 280 297 352 358 
368 385 386 437 457 482 511 528 551 552 609 617 624 
 25
 23 140 149 164 213 239 248 324 329 332 342 375 
438 469 499 519 527 542 561 563 568 581 601 602 604 
 31
 63 69 84 94 114 124 150 153 162 166 198 219 
239 295 312 326 358 359 405 416 450 484 492 538 552 
 571 578 579 586 588 619
 29
 14 58 63 91 156 161 164 165 172 195 233 246 
249 317 361 380 398 482 490 496 514 518 564 565 575 
 580 584 615 622
 26
 26 51 53 95 102 172 270 276 277 295 299 312 
319 320 322 394 431 469 484 508 513 521 539 559 588 
 603
 32
 10 14 34 42 62 68 127 181 207 209 220 266 
272 284 309 317 324 326 330 369 387 431 433 436 452 
 463 469 474 479 483 494 597
 29
 57 62 70 72 95 170 175 192 212 225 251 254 
262 299 343 349 413 422 490 492 520 535 542 547 551 
 558 567 570 617
 35
 7 13 27 33 52 56 87 125 133 137 151 192 
213 270 272 276 307 312 331 385 389 392 396 432 433 
 469 487 500 502 555 561 575 577 582 591
 26
 2 77 105 107 124 163 169 193 206 266 282 334 
380 411 447 460 475 489 515 522 529 531 545 568 586 
 602
 26
 9 40 45 70 93 184 201 217 243 282 288 289 
307 324 340 355 368 381 395 423 494 509 527 539 541 
 599
 25
 15 54 159 161 280 283 286 311 319 394 397 410 
423 458 492 493 498 499 515 560 573 577 593 621 624 
 27
 8 29 62 131 140 193 213 223 234 265 294 309 
334 338 348 377 381 384 422 450 515 524 574 585 590 
 614 621
 24
 2 4 90 129 139 188 205 250 252 283 344 352 
 378 396 401 431 456 482 489 507 514 541 600 607
 31
 33 34 64 70 98 99 150 187 208 253 287 297 
300 313 336 339 406 428 443 458 459 477 489 503 512 
 514 535 545 578 590 607
 21
 4 7 67 92 93 95 100 105 149 199 203 218 
 251 404 455 458 559 560 569 585 617
 32
 22 50 54 66 105 118 144 162 217 226 232 252 
281 311 316 317 322 361 382 398 403 411 457 460 466 
 470 495 504 514 547 567 584
 22
 1 2 51 52 62 95 118 138 241 244 293 299 
 338 365 396 456 503 510 513 562 580 614
 28
 2 10 41 52 67 100 107 145 169 206 234 243 
246 289 314 316 390 410 423 478 509 554 558 570 576 
 601 611 627
 36
 3 13 15 52 57 61 72 74 93 160 185 194 
211 214 226 235 281 285 292 320 321 328 329 366 407 
 433 499 563 573 579 580 591 613 615 619 627
 27
 11 23 36 55 145 163 170 259 280 311 330 356 
360 382 388 392 400 404 440 444 459 525 540 544 548 
 552 557
 38
 27 28 32 43 58 77 95 99 113 145 207 215 
219 224 250 298 302 317 340 356 358 363 368 376 397 
412 427 430 442 452 546 556 564 593 595 602 613 623 
 32
 5 16 40 110 156 167 190 221 222 228 262 274 
278 295 313 316 324 325 345 353 355 363 388 404 453 
 456 493 520 542 574 578 617
 24
 1 25 43 56 60 82 168 182 220 320 340 370 
 373 393 420 424 428 429 437 493 529 553 580 617
 36
 18 117 154 201 220 237 240 251 254 255 275 297 
304 307 331 335 346 357 360 365 368 384 405 426 437 
 477 499 513 514 558 564 584 586 597 612 621
 33
 11 13 17 92 96 139 142 160 168 190 194 203 
205 220 260 261 284 286 314 336 353 360 365 367 438 
 451 459 486 572 583 596 598 616
 40
 11 19 49 98 114 135 151 154 169 179 181 182 
203 209 222 251 254 267 273 275 300 325 342 353 358 
377 379 403 404 415 452 463 480 513 517 563 564 565 
 575 587
 38
 19 37 42 51 53 72 103 112 121 132 150 191 
205 214 219 223 243 259 272 316 326 327 415 426 429 
465 484 512 513 516 527 565 575 588 591 599 611 612 
 30
 6 50 52 96 102 118 129 130 145 195 284 295 
314 325 339 342 355 359 361 372 377 403 409 413 454 
 479 482 508 525 574
 36
 39 54 64 73 85 87 110 116 143 149 161 165 
167 172 175 191 198 205 253 268 279 295 321 383 411 
 425 476 484 489 496 543 564 582 591 618 622
 30
 41 45 92 100 109 129 131 161 162 163 170 196 
240 265 286 311 320 360 450 451 453 468 485 502 509 
 517 551 560 601 614
 43
 3 13 18 35 55 111 125 129 137 167 197 208 
216 226 249 255 279 289 318 319 321 380 395 429 439 
453 473 484 485 494 498 508 512 541 557 565 574 576 
 586 589 600 605 624
 29
 10 32 39 64 67 116 117 138 161 211 225 241 
251 257 315 395 419 421 430 434 458 460 482 491 501 
 560 579 592 620
 33
 30 35 37 40 42 49 57 90 104 107 139 191 
199 213 237 245 247 288 329 338 345 346 394 398 442 
 447 450 500 518 521 541 555 592
 44
 22 45 53 77 82 84 92 93 97 127 136 150 
160 182 188 189 199 210 255 261 294 301 303 315 316 
321 342 348 349 358 366 397 425 432 447 468 474 479 
 536 538 599 601 606 609
 29
 1 54 87 105 109 122 137 157 162 169 170 257 
263 273 283 286 308 330 371 382 395 424 452 453 475 
 490 506 537 590
 42
 13 16 21 23 35 52 68 75 115 152 175 176 
179 187 198 201 229 234 244 247 249 256 278 287 306 
323 327 359 399 433 479 494 514 520 525 526 536 544 
 558 563 568 583
 34
 9 28 31 57 59 60 79 84 106 108 133 159 
166 197 199 208 211 212 228 232 250 268 308 319 349 
 386 409 436 474 486 512 568 592 610
 22
 2 37 42 81 103 117 133 143 146 170 182 200 
 234 250 291 440 486 497 524 553 566 627
 26
 9 12 17 91 129 162 300 331 338 356 360 389 
406 412 446 460 461 506 551 553 562 581 586 589 598 
 618
 26
 1 43 68 87 103 105 110 120 148 256 279 316 
335 341 386 392 426 430 437 444 485 513 529 548 550 
 617
 28
 55 97 118 128 150 166 190 193 253 265 323 346 
357 369 435 446 449 451 459 489 500 509 549 553 573 
 588 597 624
 34
 5 7 47 55 66 82 94 143 159 162 166 168 
205 261 269 289 343 352 374 375 389 390 413 440 449 
 452 463 483 489 507 521 544 590 617
 31
 60 83 89 90 106 122 162 216 226 278 302 309 
313 314 328 351 353 355 361 383 397 401 407 408 416 
 451 521 571 599 604 623
 37
 28 32 34 38 40 43 57 118 132 144 158 172 
203 214 222 241 259 269 270 322 326 332 336 348 366 
 401 461 464 490 506 510 518 520 537 600 602 619
 35
 8 14 17 32 50 68 114 137 139 207 213 244 
260 261 265 266 276 307 318 336 345 363 367 371 400 
 450 495 499 502 523 553 571 582 595 617
 25
 48 58 127 130 131 138 183 248 377 408 423 426 
427 434 440 442 454 467 471 473 496 506 575 596 615 
 34
 3 19 33 70 73 122 124 131 143 161 164 178 
192 193 205 214 234 253 255 275 292 336 349 414 421 
 438 454 457 480 511 543 557 617 619
 24
 18 25 27 53 56 81 138 139 200 225 249 313 
 336 363 456 467 588 591 595 598 606 612 619 625
 40
 66 88 96 112 116 134 163 183 184 188 196 207 
209 258 270 288 311 327 363 372 375 378 394 418 436 
454 501 513 516 518 519 529 558 566 583 588 593 596 
 598 627
 33
 2 18 41 56 59 93 116 174 189 209 216 218 
221 248 251 326 362 415 416 427 433 434 461 471 493 
 529 531 546 550 558 585 586 625
 28
 4 60 105 140 170 185 218 237 242 245 246 247 
254 286 300 315 343 360 378 400 427 428 449 576 590 
 602 613 618
 40
 16 20 53 62 129 136 142 157 166 176 178 181 
184 186 200 216 220 225 263 286 363 364 395 441 443 
469 472 485 514 516 518 526 560 585 595 597 599 606 
 616 627
 32
 22 36 49 57 61 66 68 69 78 93 133 151 
153 227 232 326 335 341 372 387 399 450 492 497 500 
 560 576 590 597 602 604 608
 24
 14 55 101 103 122 131 169 198 202 227 231 255 
 408 430 449 454 459 568 572 580 581 583 596 606
 24
 43 54 85 105 133 142 198 210 279 311 314 387 
 407 430 432 466 469 507 518 554 584 591 599 611
 31
 18 19 25 56 76 102 121 165 176 201 205 206 
211 243 261 277 303 316 344 356 366 404 464 466 536 
 539 545 559 568 600 625
 37
 8 39 54 55 56 63 71 80 111 139 143 155 
162 189 208 247 257 293 349 352 357 380 405 438 441 
 447 448 455 483 493 496 513 521 528 537 589 611
 28
 9 12 30 82 101 130 185 237 247 261 282 288 
296 326 331 338 348 371 405 409 416 424 534 548 567 
 576 604 625
 32
 21 23 25 46 51 103 107 136 147 153 174 240 
245 256 329 334 359 360 363 364 369 402 406 478 495 
 498 501 505 515 522 566 618
 32
 17 39 54 80 90 99 126 139 161 192 199 202 
214 219 307 317 395 439 442 458 481 485 490 505 522 
 553 569 580 583 588 603 613
 25
 15 38 68 90 148 164 222 223 226 257 265 277 
284 312 323 325 329 405 408 471 484 531 548 598 620 
 34
 60 89 104 124 125 135 145 175 185 205 217 264 
267 287 320 356 357 373 390 425 433 488 506 512 516 
 527 577 579 585 587 588 590 596 603
 37
 43 58 64 83 97 160 168 195 222 237 252 260 
305 314 333 358 370 373 390 404 406 410 426 451 472 
 485 487 502 519 536 540 542 558 564 575 605 617
 34
 28 114 141 145 146 177 181 210 227 242 261 273 
363 377 380 401 410 414 417 433 435 442 487 508 523 
 532 540 549 563 569 587 597 613 620
 24
 10 12 41 59 106 113 136 149 178 188 254 321 
 427 434 494 506 512 540 559 560 573 575 579 606
 29
 56 57 81 86 138 144 149 150 222 229 248 291 
318 331 376 402 414 415 428 442 463 470 504 543 567 
 568 605 621 625
 35
 32 33 72 91 114 127 136 145 162 165 171 180 
203 227 319 325 344 357 363 375 398 402 415 430 457 
 462 472 475 477 498 528 534 543 618 621
 30
 27 60 61 65 72 74 111 113 114 146 170 182 
188 244 294 295 332 334 357 359 397 411 412 492 502 
 519 521 550 587 617
 37
 2 9 17 38 55 60 84 118 158 163 197 212 
231 251 254 259 262 270 278 285 291 332 334 364 367 
 381 423 467 474 490 518 519 530 557 580 592 595
 27
 11 57 59 70 71 94 110 164 168 178 183 197 
209 235 258 267 277 286 344 345 390 392 394 527 549 
 564 603
 36
 9 12 14 67 71 108 154 163 171 173 181 198 
201 204 235 252 260 319 336 341 397 403 408 483 511 
 526 541 573 584 586 587 598 599 600 612 625
 40
 11 14 27 53 84 90 105 145 154 159 166 204 
227 231 266 269 272 289 327 348 364 385 404 415 423 
442 445 468 479 484 504 513 529 534 550 559 582 590 
 596 606
 29
 29 48 74 91 118 134 141 159 187 189 223 231 
256 259 303 370 383 389 399 487 502 516 526 560 561 
 564 583 594 626
 34
 4 87 121 141 160 161 171 173 179 199 260 262 
267 272 275 293 338 339 342 391 421 442 460 467 490 
 513 549 560 563 573 591 608 615 619
 34
 1 11 47 49 108 141 147 168 203 204 207 228 
241 249 288 312 318 361 362 369 383 402 405 421 429 
 431 451 479 514 540 565 572 592 622
 33
 12 13 17 47 71 86 90 95 119 126 138 160 
204 228 245 263 318 319 359 365 381 398 403 406 408 
 420 453 460 467 495 523 556 587
 34
 3 23 53 58 69 71 83 116 122 129 165 198 
206 229 281 285 308 319 334 359 366 372 374 384 386 
 390 444 501 531 571 583 586 587 622
 31
 11 16 59 70 79 111 169 172 204 206 213 240 
249 273 298 356 357 362 382 386 397 459 478 481 514 
 517 539 542 593 606 611
 32
 53 74 118 140 143 165 166 250 258 266 310 314 
315 333 335 356 363 400 407 444 458 472 476 486 495 
 539 546 547 581 598 604 619
 37
 14 18 33 44 54 56 84 101 104 133 134 140 
231 253 282 301 313 318 333 347 361 377 408 410 425 
 461 467 493 512 534 539 542 543 546 589 598 617
 34
 2 10 30 56 78 92 97 105 107 139 140 229 
245 260 271 274 292 302 305 357 367 409 425 434 463 
 473 477 495 521 532 569 596 607 625
 39
 7 12 34 63 74 93 103 112 128 142 163 165 
176 196 197 204 207 209 213 243 246 293 301 327 347 
354 365 436 453 490 500 530 537 542 558 559 565 592 
 623
 49
 3 5 7 10 34 55 69 77 83 119 135 160 
170 199 204 212 230 236 250 256 305 316 318 319 329 
346 350 372 386 397 416 418 430 435 450 455 497 509 
 515 526 527 528 555 566 579 592 597 602 617
 35
 12 17 46 53 105 150 161 167 201 206 258 264 
267 277 293 311 316 347 350 385 415 417 469 505 516 
 533 541 560 573 575 577 581 600 615 625
 31
 6 25 35 51 56 61 72 82 83 137 144 146 
225 248 263 296 304 316 320 337 339 384 388 427 431 
 518 536 543 581 583 613
 33
 52 64 67 75 94 106 107 108 145 199 244 303 
318 337 340 364 399 411 418 429 440 446 453 462 463 
 475 492 517 524 569 600 605 617
 32
 4 9 20 39 47 68 70 81 113 129 133 235 
236 239 244 275 313 321 324 328 344 359 370 385 393 
 408 434 496 536 570 615 626
 32
 2 131 139 145 165 170 183 205 217 255 257 274 
290 314 325 335 344 361 369 386 404 423 428 452 481 
 492 561 562 563 579 598 617
 34
 64 65 96 112 115 125 135 160 162 169 176 201 
220 254 257 278 284 286 291 341 360 380 405 416 419 
 450 461 510 522 523 533 583 585 613
 33
 5 48 88 184 194 208 212 244 253 282 291 330 
334 345 363 370 384 410 412 418 427 449 463 483 486 
 496 510 561 578 588 598 610 613
 36
 3 8 11 30 51 53 61 87 100 101 107 108 
120 132 139 167 174 177 193 206 268 392 432 435 441 
 449 453 486 487 488 518 527 541 571 603 611
 31
 15 20 92 100 140 164 174 238 241 249 253 281 
296 311 350 361 363 371 388 418 458 467 470 480 484 
 500 525 526 570 583 596
 32
 58 61 94 98 144 166 184 196 201 243 248 256 
304 343 357 376 399 430 452 459 465 506 546 559 566 
 578 584 586 591 599 602 625
