 200 215
 1 1 1 1 1 1 1 1 1 1 1 1 
 1 1 1 1 1 1 1 2 2 2 2 2 
 2 2 2 2 2 2 2 2 2 2 2 2 
 2 2 2 3 3 3 3 3 3 3 3 3 
 3 3 3 3 3 3 3 3 3 3 3 3 
 3 3 3 3 3 3 3 3 3 4 4 4 
 4 4 4 4 4 4 4 4 4 4 4 4 
 4 4 4 4 4 4 5 5 5 5 5 5 
 5 5 5 5 5 5 5 5 5 5 5 5 
 5 5 5 5 5 6 6 6 6 6 6 6 
 6 6 6 7 7 7 7 7 8 8 8 8 
 8 8 8 8 8 8 8 8 8 8 8 9 
 9 9 9 9 9 9 9 9 9 9 9 9 
 9 10 10 10 10 10 11 11 11 11 11 11 
 11 11 11 11 11 11 12 12 12 12 12 12 
 12 13 13 13 13 13 13 13 13 14 14 14 
 14 14 14 15 15 16 16 16 16 17 17 17 
 17 18 18 18 18 20 20 20 21 21 22 
 4
 19 57 135 213
 6
 8 11 20 140 162 190
 5
 9 43 106 130 167
 3
 112 115 202
 3
 55 148 182
 10
 117 143 153 155 158 176 181 202 204 211
 8
 32 48 71 72 125 129 147 159
 7
 43 50 60 71 120 134 170
 5
 7 14 17 97 164
 6
 100 118 144 171 190 198
 8
 49 68 73 87 95 182 183 213
 3
 16 61 108
 4
 1 145 188 208
 5
 10 67 68 107 114
 5
 6 49 131 180 198
 6
 21 123 130 140 182 184
 4
 22 27 162 168
 2
 3 168
 6
 11 72 158 190 194 197
 4
 20 40 70 116
 7
 53 54 74 123 133 164 215
 6
 21 30 103 113 120 152
 3
 24 110 208
 4
 66 122 185 202
 7
 24 77 84 89 160 166 183
 4
 40 50 146 168
 5
 150 187 195 204 212
 4
 9 41 56 206
 7
 136 149 158 179 191 210 215
 7
 37 100 116 150 158 176 214
 7
 7 49 53 74 132 136 185
 4
 42 76 207 214
 7
 45 50 81 129 164 176 180
 6
 20 62 85 161 175 184
 3
 83 111 183
 7
 10 55 81 107 114 199 211
 4
 6 12 198 209
 2
 30 40
 4
 73 96 132 200
 6
 1 8 96 121 163 178
 5
 115 157 173 195 203
 4
 1 75 175 198
 6
 87 91 93 124 145 165
 6
 7 33 66 78 153 176
 4
 116 142 190 210
 4
 94 139 156 178
 4
 1 126 131 149
 8
 32 48 94 101 129 141 171 214
 3
 38 88 92
 9
 36 45 144 147 158 171 174 194 197
 5
 5 55 84 169 170
 3
 12 60 156
 4
 45 58 71 152
 1
 52
 2
 61 109
 5
 25 91 179 193 210
 4
 3 23 99 186
 5
 4 47 51 73 161
 5
 37 64 73 97 215
 1
 43
 5
 5 25 73 76 196
 7
 8 11 74 106 133 163 203
 6
 103 124 139 171 181 206
 7
 114 152 154 161 163 172 196
 5
 13 39 96 135 176
 5
 1 6 20 59 114
 8
 9 42 60 85 101 131 146 159
 3
 185 207 208
 5
 22 35 52 94 151
 6
 44 46 50 107 129 154
 6
 3 43 137 182 200 206
 4
 59 134 141 191
 4
 7 55 169 207
 4
 2 105 127 175
 6
 10 22 147 148 199 203
 6
 5 6 54 85 126 133
 3
 6 21 59
 4
 25 82 109 145
 4
 180 189 205 207
 5
 16 41 60 62 203
 2
 20 40
 4
 15 47 97 175
 3
 3 70 149
 4
 43 111 139 150
 6
 20 57 59 95 128 201
 7
 56 91 95 115 116 127 129
 6
 63 101 106 166 182 201
 6
 24 102 144 175 206 213
 5
 3 14 184 196 198
 2
 110 167
 9
 12 31 70 97 121 125 190 199 206
 4
 57 61 72 133
 6
 2 4 51 98 141 195
 8
 49 97 104 132 155 161 199 213
 6
 38 58 73 161 169 196
 6
 16 92 95 112 172 179
 3
 65 117 147
 4
 71 80 145 177
 8
 20 26 29 32 107 165 169 198
 3
 41 80 193
 6
 53 62 92 110 184 210
 2
 140 200
 7
 44 117 131 133 141 170 199
 8
 42 122 124 143 146 149 177 207
 6
 49 129 159 192 198 201
 5
 34 56 114 131 176
 5
 44 109 126 187 196
 4
 10 12 189 206
 5
 5 71 119 136 204
 4
 33 100 104 159
 4
 55 136 146 150
 5
 21 28 93 132 185
 2
 2 200
 7
 23 72 76 79 114 137 178
 8
 25 63 80 92 95 115 128 202
 5
 21 65 71 99 198
 3
 53 146 157
 5
 36 86 120 162 193
 5
 36 65 91 94 211
 4
 46 124 139 170
 2
 103 192
 2
 79 211
 4
 45 61 113 186
 4
 40 138 184 191
 6
 67 89 98 152 192 196
 5
 1 64 125 144 167
 4
 13 93 135 215
 5
 46 72 158 174 177
 4
 91 160 175 206
 5
 41 75 158 210 212
 7
 23 27 31 42 44 99 148
 10
 4 42 77 82 93 123 126 138 164 206
 9
 41 92 95 115 146 154 160 172 181
 4
 100 116 135 159
 5
 22 165 200 204 214
 3
 94 151 166
 3
 31 99 186
 4
 24 105 151 198
 8
 78 88 92 121 149 202 206 208
 4
 7 17 145 163
 7
 14 91 131 132 134 175 199
 3
 58 166 175
 7
 13 26 29 30 81 86 214
 5
 40 46 114 136 183
 4
 15 100 124 166
 3
 9 22 111
 6
 37 63 74 78 127 168
 7
 2 28 31 163 173 199 202
 7
 23 50 102 135 192 194 214
 3
 83 153 209
 4
 108 169 186 213
 2
 117 204
 3
 48 124 138
 7
 47 70 98 143 167 168 178
 2
 18 159
 3
 2 122 130
 3
 47 210 213
 6
 90 156 162 172 178 183
 4
 47 56 101 105
 3
 29 148 170
 2
 42 191
 6
 2 76 78 118 160 165
 6
 8 9 39 183 213 215
 4
 48 140 190 200
 4
 40 75 96 128
 6
 21 70 75 133 142 144
 2
 52 201
 9
 22 52 56 74 103 121 130 182 213
 6
 5 44 48 79 98 188
 3
 3 50 191
 7
 24 27 28 93 134 175 184
 4
 8 99 167 207
 6
 2 10 41 106 137 200
 10
 5 26 35 51 75 77 114 115 147 177
 8
 44 45 51 52 64 66 80 91
 4
 26 29 119 120
 6
 51 70 79 105 164 186
 8
 3 72 101 102 115 163 164 192
 7
 33 46 96 124 127 163 180
 4
 4 54 177 207
 7
 58 132 137 151 164 202 213
 4
 41 155 163 210
 7
 188 197 199 203 209 214 215
 7
 27 34 42 86 165 167 200
 7
 165 174 187 194 205 211 212
 5
 41 43 69 162 209
 7
 6 34 94 98 125 130 144
 2
 23 41
 4
 4 47 54 122
 6
 1 43 104 108 144 191
 7
 14 25 40 82 118 119 179
 5
 45 57 93 160 213
 3
 13 57 115
 8
 119 137 138 173 183 193 201 211
 8
 17 40 54 91 125 145 168 185
 5
 30 76 125 142 148
 5
 32 40 46 138 158
 9
 4 11 53 77 83 134 166 193 199
 11
 35 48 92 117 118 126 130 144 182 190 203
 8
 15 28 49 70 84 102 104 165
