 300 453
 1 1 1 1 1 1 1 1 1 1 1 1 
 1 1 1 1 1 1 1 1 1 1 1 1 
 1 1 1 1 2 2 2 2 2 2 2 2 
 2 2 2 2 2 2 2 2 2 2 2 2 
 2 2 2 2 2 2 2 2 2 2 2 2 
 3 3 3 3 3 3 3 3 3 3 3 3 
 3 3 3 3 3 3 3 3 3 3 3 3 
 3 3 3 4 4 4 4 4 4 4 4 4 
 4 4 4 4 4 4 4 4 4 4 4 4 
 4 4 4 4 4 4 4 4 4 4 4 4 
 4 5 5 5 5 5 5 5 5 5 5 5 
 5 5 5 5 5 5 5 5 5 5 5 5 
 5 5 5 6 6 6 6 6 6 6 6 6 
 6 6 6 6 6 6 6 6 6 6 6 6 
 6 6 6 6 6 6 6 7 7 7 7 7 
 7 7 7 7 7 7 7 7 7 7 7 7 
 7 7 7 7 7 7 7 7 7 7 7 7 
 7 7 7 8 8 8 8 8 8 8 8 8 
 8 8 8 8 8 8 8 8 8 8 8 8 
 8 8 8 8 8 8 8 8 8 8 8 9 
 9 9 9 9 9 9 9 9 9 9 9 9 
 9 9 9 9 9 9 9 9 9 9 9 9 
 9 9 9 9 9 10 10 10 10 10 10 10 
 10 10 10 10 10 10 10 10 10 10 10 10 
 10 10 10 10 10 11 11 11 11 11 11 11 
 11 11 11 11 11 11 11 11 11 11 11 11 
 11 11 11 11 11 11 12 12 12 12 12 12 
 12 12 12 12 12 12 12 12 12 12 12 12 
 12 12 12 12 12 12 13 13 13 13 13 13 
 13 13 13 13 13 13 13 13 13 13 13 13 
 13 13 13 13 13 13 13 13 13 13 14 14 
 14 14 14 14 14 14 14 14 14 14 14 14 
 14 14 15 15 15 15 15 15 15 15 15 15 
 15 15 16 16 16 16 16 16 16 16 16 16 
 16 17 17 17 17 17 17 17 18 18 18 18 
 18 18 18 18 18 18 18 18 19 19 19 19 
 19 19 19 19 19 20 20 20 20 20 20 20 
 21 21 22 22 22 22 24 25 26 
 26
 18 27 29 35 38 59 92 144 177 187 247 254 
299 300 304 322 327 328 329 352 357 361 412 416 437 
 450
 20
 24 46 49 59 108 122 135 149 153 201 204 218 
 235 278 306 310 311 334 362 442
 38
 29 45 49 50 60 90 94 98 105 114 116 120 
122 129 132 146 151 161 186 222 263 267 288 305 321 
328 347 365 371 374 388 397 405 426 431 439 451 453 
 26
 4 42 44 65 123 130 133 149 153 157 186 198 
213 235 262 294 298 304 336 340 356 377 401 409 424 
 427
 31
 17 24 29 39 49 58 90 128 135 137 147 159 
161 169 192 195 209 210 219 224 247 276 294 295 297 
 313 343 390 397 402 446
 27
 11 26 35 103 122 138 173 211 216 223 226 257 
262 273 293 353 365 385 389 394 403 404 419 431 437 
 441 446
 22
 6 50 116 129 131 155 156 195 229 246 268 301 
 333 334 343 352 357 408 414 436 437 438
 35
 2 13 28 30 32 39 45 56 57 75 77 94 
99 102 105 125 141 181 235 241 244 246 253 271 274 
 290 295 323 338 340 384 421 431 432 440
 23
 32 38 58 127 154 157 173 190 193 205 231 251 
 280 300 322 326 346 355 388 411 418 422 442
 25
 6 19 104 108 122 133 153 182 222 228 242 243 
249 286 297 374 385 389 400 401 429 433 441 445 447 
 29
 6 14 25 52 63 90 131 157 173 199 209 210 
250 270 282 307 320 346 347 352 364 377 380 387 390 
 402 416 423 442
 18
 9 27 49 52 72 93 104 143 160 175 188 213 
 218 253 299 415 439 449
 22
 74 132 141 163 179 191 274 292 293 297 301 303 
 308 338 339 358 383 401 423 437 444 451
 29
 2 7 47 70 72 89 116 154 158 162 174 175 
200 215 236 285 328 345 347 350 372 380 385 390 397 
 408 409 421 422
 23
 11 29 56 65 83 94 133 159 169 176 208 215 
 219 241 251 312 320 331 334 341 371 374 453
 30
 6 14 59 65 69 71 91 93 122 128 142 152 
176 181 209 212 215 218 223 234 237 245 257 259 278 
 299 352 368 389 425
 21
 12 37 91 134 139 141 180 192 193 222 223 232 
 303 313 341 345 361 375 404 411 436
 24
 1 4 45 65 74 81 86 105 110 151 157 181 
 201 219 220 237 243 278 297 308 323 372 378 418
 20
 15 18 20 25 40 43 61 66 107 124 140 194 
 208 274 294 307 360 381 429 452
 32
 19 68 96 100 144 162 163 202 214 256 260 263 
280 302 310 330 331 344 352 356 358 360 363 372 389 
 399 406 410 418 430 437 448
 24
 11 13 60 71 95 125 130 159 178 190 201 216 
 275 287 291 330 352 359 360 388 404 419 433 443
 25
 35 37 51 60 72 80 130 149 159 201 209 272 
274 279 300 316 366 383 387 397 400 421 422 441 442 
 21
 6 31 32 40 62 96 113 150 213 227 232 290 
 293 312 321 362 388 418 420 431 446
 25
 17 31 40 47 52 68 111 113 126 135 209 286 
333 364 373 387 395 419 429 434 437 442 447 449 453 
 29
 3 4 26 38 47 69 79 83 87 138 152 159 
163 170 186 192 211 246 248 252 300 333 335 340 384 
 387 394 425 453
 23
 40 48 66 78 135 138 154 249 259 264 279 288 
 320 345 353 355 416 423 432 433 439 444 449
 22
 38 92 99 104 143 172 176 207 236 243 253 273 
 292 297 305 327 341 405 410 414 417 430
 26
 2 35 39 44 86 98 120 155 171 184 190 210 
240 284 295 309 315 339 359 375 376 400 416 435 439 
 453
 21
 4 36 37 42 45 74 79 129 158 213 223 240 
 242 250 263 269 288 362 371 378 392
 33
 3 34 53 69 93 103 105 108 113 118 132 154 
168 173 178 217 227 230 261 276 279 282 287 291 297 
 302 326 351 353 371 411 414 418
 21
 31 50 65 115 149 182 194 232 265 285 298 312 
 319 320 322 346 359 395 401 417 445
 26
 1 34 36 51 69 89 101 123 150 177 182 202 
213 228 233 262 275 287 298 326 346 360 373 410 419 
 441
 24
 12 44 57 83 93 109 113 120 163 164 199 222 
 228 255 293 300 368 370 375 421 427 437 439 453
 26
 3 7 36 70 101 122 181 183 205 243 248 252 
280 283 311 325 329 347 349 361 370 380 400 402 419 
 420
 27
 31 63 77 98 124 146 148 153 182 188 221 240 
241 250 255 288 310 320 332 341 367 394 404 415 417 
 428 442
 13
 21 34 36 44 68 112 163 198 249 250 275 335 
 345
 24
 22 45 51 54 74 75 100 136 203 216 233 268 
 271 288 311 313 329 338 350 402 405 415 433 448
 17
 3 126 139 140 144 155 160 164 180 226 256 266 
 281 282 330 375 378
 33
 7 37 46 48 63 86 110 124 147 189 195 219 
238 248 257 263 267 273 303 305 311 320 327 333 351 
 369 374 376 392 395 437 438 440
 24
 5 20 27 37 49 52 63 64 86 118 134 156 
 169 188 192 227 258 273 311 342 354 393 422 428
 19
 38 58 104 132 146 152 162 165 187 226 247 318 
 358 366 376 390 398 424 449
 16
 3 9 11 32 44 62 92 129 157 188 197 301 
 315 331 332 347
 30
 1 3 17 29 62 162 166 179 201 227 229 240 
246 271 276 282 289 305 319 324 325 331 359 373 374 
 378 387 420 422 431
 16
 4 56 107 113 124 178 236 240 271 279 283 288 
 354 376 396 421
 28
 93 127 134 151 157 192 206 222 245 248 264 277 
281 283 294 299 324 327 367 379 385 386 404 425 428 
 435 440 450
 32
 16 20 48 81 88 91 123 124 134 152 161 171 
178 196 201 218 221 244 249 257 273 297 307 316 323 
 347 393 405 408 421 429 433
 23
 76 101 130 145 150 162 177 208 210 236 246 315 
 318 354 365 381 386 393 414 431 434 438 452
 24
 5 94 97 118 133 173 194 199 212 239 241 267 
 275 292 310 324 337 350 351 355 371 379 394 442
 22
 26 59 68 91 100 126 135 164 198 232 238 298 
 320 323 340 347 352 361 366 402 425 451
 30
 6 9 26 39 45 49 51 57 58 85 88 95 
109 123 132 161 174 180 185 191 209 210 214 216 225 
 281 286 398 399 452
 19
 7 69 75 98 111 135 169 177 191 208 263 274 
 306 315 348 404 425 439 449
 18
 16 23 30 66 102 111 125 129 202 225 277 281 
 328 372 396 407 430 452
 19
 3 15 34 73 87 103 124 143 151 221 260 276 
 310 357 413 432 437 442 449
 26
 1 3 6 43 90 97 99 100 114 139 157 196 
210 211 218 242 248 271 277 309 319 330 354 362 401 
 441
 25
 39 47 51 100 176 181 183 184 194 232 247 262 
272 277 278 285 300 321 384 403 410 416 417 440 450 
 33
 18 20 29 35 36 45 61 73 93 101 103 107 
108 123 134 154 155 180 193 245 252 276 277 296 329 
 346 378 380 385 387 390 400 450
 19
 17 50 61 65 83 87 96 182 196 210 217 286 
 296 327 352 379 386 431 438
 30
 20 22 33 43 63 74 93 110 120 157 171 187 
210 228 242 247 249 275 298 308 321 324 325 343 344 
 380 424 430 431 441
 20
 5 43 73 85 91 93 97 125 140 168 186 210 
 212 227 278 314 336 364 420 425
 28
 27 63 107 138 144 193 197 207 222 264 267 277 
308 326 343 344 348 350 361 366 382 403 404 429 432 
 435 443 448
 24
 11 44 71 79 94 109 152 153 169 170 181 190 
 193 199 209 211 279 285 294 322 330 344 411 422
 15
 15 19 46 69 96 207 225 231 317 334 365 372 
 407 430 446
 27
 7 73 78 117 160 168 182 190 196 198 226 237 
256 259 264 293 310 320 331 378 388 392 402 432 436 
 438 447
 25
 37 41 44 53 55 57 63 72 106 109 124 155 
158 168 189 201 229 265 290 299 335 391 399 419 434 
 24
 32 53 73 88 91 104 116 122 152 172 184 185 
 188 210 212 269 331 354 362 382 393 413 416 439
 27
 31 43 50 61 92 95 129 154 161 176 196 219 
292 293 295 299 310 349 350 353 372 374 405 416 420 
 434 441
 17
 34 38 57 108 140 184 191 221 235 306 313 319 
 342 377 379 445 450
 23
 2 7 14 20 36 41 89 98 106 118 160 172 
 180 185 193 198 227 246 260 296 344 357 447
 21
 10 29 63 71 93 148 162 192 195 252 270 288 
 291 303 324 341 356 366 376 427 453
 33
 1 16 47 52 80 94 115 139 145 163 176 219 
228 241 255 258 266 302 303 314 321 328 349 357 359 
 361 371 379 387 402 420 432 439
 27
 1 8 29 54 59 63 67 69 70 105 132 136 
148 154 158 208 212 252 285 320 324 350 351 357 381 
 401 451
 25
 2 5 7 10 12 33 35 44 73 84 90 94 
116 142 215 235 247 249 310 359 377 380 396 414 424 
 28
 5 29 32 59 67 84 89 156 163 165 200 217 
223 224 225 298 301 314 316 325 348 364 381 392 410 
 420 430 451
 29
 45 68 84 95 126 155 185 189 232 264 265 273 
289 290 307 312 319 354 359 375 385 389 396 410 413 
 417 420 421 453
 24
 14 15 98 100 109 114 122 140 141 172 182 185 
 191 266 276 294 300 340 352 387 415 431 439 451
 26
 8 18 58 59 75 128 148 149 164 197 211 212 
231 244 272 280 286 363 380 385 388 399 418 426 441 
 447
 25
 67 110 111 114 126 208 215 216 251 256 289 294 
304 355 369 373 382 401 407 410 420 424 427 438 448 
 19
 12 15 47 66 89 92 106 148 153 167 196 206 
 252 313 355 356 358 390 417
 25
 32 40 42 52 89 104 113 156 216 246 257 271 
341 351 357 358 364 387 391 412 424 440 441 444 451 
 27
 5 9 28 31 64 106 127 147 158 182 183 221 
225 244 255 258 261 313 324 334 338 343 382 389 394 
 407 418
 18
 1 66 100 102 107 129 138 147 180 187 252 296 
 310 312 319 362 368 373
 15
 15 29 110 139 194 263 305 343 370 373 387 388 
 402 403 413
 20
 23 47 50 57 61 80 94 180 241 256 261 270 
 284 290 304 370 374 387 391 445
 28
 25 27 32 40 43 89 110 111 114 119 125 138 
141 149 150 165 181 213 218 276 296 315 320 342 346 
 416 419 438
 24
 12 15 16 23 61 89 122 131 162 164 168 178 
 202 219 244 283 302 332 374 378 388 393 407 430
 24
 3 16 25 30 34 46 49 89 96 101 144 181 
 211 221 234 261 265 279 297 307 309 327 328 422
 21
 2 30 31 36 48 66 67 94 99 143 166 176 
 181 224 253 276 315 328 363 408 444
 18
 8 20 53 58 83 190 198 199 201 210 237 367 
 393 395 402 414 445 451
 17
 33 92 111 117 130 183 273 337 347 361 377 382 
 405 417 436 441 443
 25
 66 67 77 134 135 148 228 229 251 281 303 325 
329 343 358 363 375 403 405 406 419 420 425 426 429 
 22
 6 25 34 55 70 114 136 137 156 158 188 236 
 256 276 280 290 306 342 381 434 439 451
 29
 8 14 41 44 50 72 114 126 152 165 190 204 
231 258 262 281 301 303 310 311 340 342 357 368 373 
 400 414 439 440
 24
 24 41 42 50 58 64 92 134 151 155 156 159 
 163 167 209 244 260 268 282 299 354 355 409 413
 29
 35 68 73 91 118 121 124 126 136 146 150 178 
221 222 238 313 328 332 337 343 348 358 369 377 388 
 419 442 444 451
 25
 18 35 39 62 69 73 75 81 91 109 148 162 
175 252 270 291 302 343 353 355 359 379 392 402 428 
 29
 16 20 21 71 72 117 125 126 133 136 144 152 
158 170 203 209 225 230 237 277 295 297 323 340 370 
 376 380 386 399
 26
 16 90 91 112 184 187 189 190 202 240 245 254 
263 294 300 301 352 367 375 379 387 401 402 413 438 
 451
 21
 7 48 58 95 102 139 152 154 173 198 200 216 
 275 303 317 351 426 428 432 446 449
 26
 1 2 12 15 39 88 127 131 157 177 191 197 
220 237 253 261 267 298 301 313 347 351 352 372 394 
 418
 19
 21 29 37 42 68 82 90 114 122 148 152 154 
 257 327 330 364 396 410 432
 19
 2 7 17 33 40 54 63 65 153 166 213 221 
 230 244 252 371 386 419 432
 24
 1 19 29 67 148 150 165 181 183 208 239 256 
 294 299 306 334 344 374 404 421 423 435 444 453
 21
 26 94 95 98 127 206 208 246 257 279 284 312 
 326 339 348 356 367 386 419 438 446
 17
 11 13 32 36 63 67 81 87 95 100 129 217 
 302 344 383 384 412
 30
 3 31 80 89 95 110 125 137 161 177 183 228 
238 243 249 251 255 297 304 306 317 322 324 345 354 
 356 384 417 434 451
 22
 23 25 61 67 111 115 156 168 181 196 238 250 
 255 293 319 325 346 347 349 396 415 441
 23
 12 13 101 108 126 149 150 154 250 261 272 307 
 344 372 376 378 387 390 397 412 416 430 435
 24
 22 29 30 56 63 64 81 88 111 179 199 211 
 214 229 256 287 308 322 339 341 372 412 432 436
 28
 26 29 42 43 84 93 131 155 183 213 216 253 
256 266 274 288 289 296 331 337 348 361 374 386 406 
 433 434 447
 25
 28 35 100 104 134 139 142 171 177 192 235 251 
253 254 255 261 305 316 318 350 403 405 413 438 439 
 24
 3 10 12 44 96 119 140 178 180 181 216 243 
 245 247 254 262 280 293 314 347 361 397 399 440
 25
 3 6 13 60 70 78 85 87 90 93 110 128 
178 189 199 219 229 243 289 344 373 398 408 438 445 
 32
 3 9 14 30 31 33 56 63 79 80 100 114 
126 133 137 150 195 198 208 236 239 266 277 286 295 
 296 297 329 375 418 438 443
 20
 2 22 28 41 46 69 120 167 193 195 259 272 
 317 323 333 374 397 410 441 446
 29
 10 74 81 96 102 105 135 139 151 155 162 182 
188 225 235 267 301 315 348 350 393 400 404 416 420 
 425 431 440 452
 20
 8 29 37 61 89 92 124 136 168 174 189 201 
 212 254 259 278 283 392 433 452
 25
 6 38 47 75 128 134 151 166 170 197 254 255 
262 265 275 279 282 283 284 285 308 324 357 376 391 
 29
 11 41 48 63 78 87 100 121 127 153 169 191 
195 214 231 241 248 251 269 276 323 335 345 372 382 
 426 441 445 451
 19
 38 69 77 92 107 122 146 150 271 296 371 373 
 376 389 394 402 425 447 450
 24
 9 30 43 50 63 64 95 104 156 170 178 189 
 233 280 289 325 326 339 355 359 419 435 446 453
 21
 4 46 64 80 99 147 189 196 200 249 259 268 
 272 274 298 312 320 348 404 424 453
 25
 5 62 72 73 96 102 109 125 126 184 194 218 
240 263 297 313 332 350 361 376 405 422 435 443 447 
 27
 22 45 67 86 97 102 143 158 166 167 194 218 
249 263 266 272 273 282 284 343 345 378 385 410 413 
 418 420
 23
 17 19 37 51 81 124 138 149 152 179 209 242 
 257 277 309 319 351 356 369 399 400 415 423
 24
 5 13 20 33 36 40 55 119 127 128 150 190 
 192 234 237 284 300 308 309 343 346 352 414 438
 29
 7 22 113 115 145 153 163 176 179 209 210 239 
241 247 270 290 295 298 304 305 309 317 327 344 349 
 351 393 410 441
 24
 5 19 30 35 62 149 185 204 216 244 265 271 
 299 316 322 353 355 357 379 395 413 424 429 438
 24
 2 11 13 67 101 123 138 177 180 241 243 261 
 274 285 306 326 328 344 352 368 376 430 431 438
 24
 9 14 77 95 97 126 146 153 157 188 208 248 
 253 272 280 285 287 377 387 399 426 434 439 444
 30
 3 32 35 37 40 41 51 72 87 89 93 122 
156 160 186 214 217 223 225 294 306 310 318 336 365 
 369 401 417 430 447
 36
 33 84 93 99 106 112 116 117 124 129 151 152 
173 200 202 215 250 270 298 303 321 329 336 338 341 
 365 374 383 389 392 400 426 427 437 438 447
 22
 8 66 69 149 151 156 188 193 195 204 207 243 
 246 248 274 278 321 324 349 390 402 432
 29
 6 10 15 34 41 42 46 56 78 82 91 123 
135 160 192 241 257 279 294 305 326 346 347 371 373 
 391 399 418 450
 33
 9 12 47 73 92 93 97 113 148 155 171 172 
175 177 178 189 215 220 254 258 265 272 273 288 322 
 345 355 371 392 417 424 433 434
 24
 64 65 75 85 104 138 141 151 186 210 235 243 
 247 263 281 294 365 391 412 420 425 427 449 453
 17
 3 40 67 68 88 143 160 164 186 187 202 210 
 240 275 278 334 431
 21
 15 30 82 92 96 123 159 195 212 234 262 276 
 289 302 307 321 360 391 422 447 453
 22
 30 49 71 89 156 198 203 241 270 314 342 348 
 351 364 380 390 394 397 402 411 413 434
 28
 2 9 23 36 40 76 98 99 166 182 213 233 
248 251 272 273 274 332 346 348 351 352 373 406 415 
 421 424 429
 23
 16 32 39 51 64 90 93 122 125 151 154 181 
 208 221 249 282 321 326 387 392 399 419 446
 20
 48 82 88 97 102 103 108 133 145 162 166 209 
 233 250 257 287 331 382 436 444
 19
 28 52 77 79 176 196 197 262 303 319 336 342 
 349 371 377 411 425 445 452
 19
 18 37 71 75 95 101 131 153 197 199 220 237 
 282 317 320 405 409 410 449
 19
 36 79 81 159 191 282 290 296 299 301 323 324 
 346 368 371 386 387 419 439
 27
 2 22 25 39 53 55 61 64 92 95 137 180 
230 240 242 244 253 256 291 319 333 375 386 433 447 
 448 452
 29
 4 5 20 26 29 30 39 52 95 135 150 161 
174 179 194 200 212 234 276 283 286 355 400 410 413 
 432 434 445 453
 21
 22 68 70 88 89 115 150 243 244 248 271 276 
 282 333 335 357 372 388 406 409 425
 25
 13 28 45 55 74 93 98 159 178 226 230 267 
270 277 292 295 306 321 323 347 351 361 379 411 433 
 26
 1 3 33 70 121 133 166 177 178 179 190 209 
210 252 261 274 300 302 304 322 324 350 391 401 407 
 438
 28
 1 74 110 120 123 128 130 132 143 144 195 211 
213 216 229 230 240 281 301 319 322 325 360 380 425 
 429 431 438
 28
 8 36 41 42 44 49 50 66 68 74 75 121 
142 149 158 161 167 170 233 240 257 343 354 363 388 
 436 445 448
 19
 8 40 43 107 111 152 154 233 276 305 328 345 
 350 355 377 394 411 426 439
 16
 50 66 122 130 149 150 183 188 209 366 378 391 
 414 426 430 446
 21
 18 29 41 82 84 126 140 160 170 180 190 191 
 225 226 230 287 304 325 351 384 399
 26
 54 56 65 83 128 132 161 176 194 211 302 333 
336 350 361 377 395 396 401 408 409 418 440 449 452 
 453
 27
 6 21 32 40 45 76 87 102 132 139 148 153 
166 168 202 206 255 259 288 302 309 315 330 335 349 
 418 429
 30
 10 28 30 61 64 67 68 82 91 99 149 176 
197 230 236 252 253 276 277 285 290 296 323 330 333 
 344 348 399 418 434
 24
 1 13 19 79 96 103 127 130 153 154 155 191 
 197 206 236 245 272 273 277 357 401 419 427 442
 22
 24 38 72 131 140 195 215 229 241 245 271 277 
 294 300 329 342 345 366 387 423 429 447
 29
 16 38 47 60 76 88 142 151 180 187 189 227 
243 275 278 283 309 318 324 330 369 388 412 418 429 
 435 436 439 451
 28
 6 31 52 90 119 131 157 176 190 206 224 260 
275 283 289 322 331 333 343 356 400 401 413 430 437 
 445 451 453
 24
 8 14 41 42 53 62 94 106 110 125 155 158 
 168 223 284 296 314 325 353 356 389 403 406 437
 23
 31 39 72 89 161 188 224 252 254 261 270 281 
 286 294 303 306 321 338 381 423 435 441 447
 23
 10 21 32 44 48 61 148 149 166 177 180 188 
 203 210 266 275 297 339 341 343 349 359 392
 22
 46 94 121 125 139 145 149 183 187 193 208 257 
 260 322 354 360 362 367 385 427 428 432
 21
 5 62 99 106 123 130 154 187 205 209 223 262 
 267 317 339 381 387 412 421 427 437
 36
 8 11 16 26 62 70 71 75 78 81 84 92 
94 98 155 160 184 185 234 242 246 248 253 264 296 
 308 316 326 355 362 373 394 399 428 445 446
 29
 9 53 59 66 133 143 156 158 159 177 181 191 
192 198 200 244 259 273 277 287 344 350 368 374 376 
 396 401 432 444
 27
 40 70 71 72 101 112 121 145 155 176 185 186 
250 263 307 314 336 337 342 357 364 372 386 401 416 
 428 452
 18
 1 14 18 23 30 46 126 177 183 185 231 320 
 345 357 399 414 443 447
 27
 7 11 31 50 54 83 130 150 151 161 167 200 
214 261 278 292 323 347 348 358 402 410 413 414 440 
 448 453
 26
 10 36 37 62 74 89 102 112 118 123 128 135 
182 186 238 244 247 251 337 349 351 377 392 404 414 
 443
 19
 6 22 33 91 145 170 184 194 205 211 234 269 
 271 286 397 411 420 422 443
 21
 7 17 43 129 156 164 182 242 244 249 260 297 
 319 335 343 345 375 381 389 415 442
 21
 1 3 32 41 62 63 71 77 78 116 125 161 
 210 233 254 299 302 322 346 347 423
 25
 10 19 20 45 66 80 90 94 102 174 176 199 
201 277 280 285 304 340 352 372 384 409 422 427 431 
 28
 31 33 71 95 98 129 133 148 151 171 179 213 
219 264 268 271 273 305 319 356 363 373 395 402 403 
 426 430 448
 21
 11 29 30 63 70 86 123 145 146 161 184 234 
 299 300 358 364 381 392 412 429 430
 16
 5 14 37 85 129 149 171 206 208 245 251 273 
 287 407 416 451
 26
 8 35 39 65 88 105 119 164 165 178 214 220 
224 230 231 236 244 256 261 272 302 314 325 412 413 
 424
 22
 7 61 66 80 122 167 173 177 212 220 225 240 
 246 247 256 274 278 295 346 377 439 453
 23
 11 14 76 89 90 111 138 170 197 217 230 232 
 255 278 283 288 319 363 364 391 395 398 442
 16
 14 53 60 77 94 101 112 125 153 179 195 216 
 258 304 329 351
 25
 27 31 33 49 54 61 63 100 149 183 195 209 
221 224 271 286 290 295 326 350 386 413 433 434 449 
 22
 38 46 73 92 103 105 182 208 216 218 259 309 
 317 319 335 343 347 351 354 378 400 411
 24
 78 104 127 137 156 239 269 286 291 349 358 374 
 380 392 398 413 426 431 439 440 441 442 445 450
 29
 1 10 53 73 74 86 148 155 174 191 210 218 
226 243 250 258 263 325 348 349 361 364 366 371 373 
 383 391 393 434
 27
 28 35 42 55 61 62 71 91 97 110 149 196 
218 242 249 260 264 270 281 373 389 410 421 435 442 
 445 449
 21
 21 33 35 72 77 79 103 105 108 124 147 152 
 255 306 316 337 338 356 391 400 433
 17
 10 48 82 132 209 244 246 260 270 298 334 337 
 358 389 390 408 446
 22
 4 9 29 30 82 115 129 144 150 182 267 279 
 302 328 391 408 419 420 422 440 444 453
 22
 22 67 98 103 154 242 243 252 254 258 272 276 
 301 331 343 345 353 367 382 391 393 416
 26
 4 27 36 37 69 105 131 160 189 197 203 205 
236 241 250 255 262 271 281 286 305 388 418 431 444 
 452
 16
 2 6 15 19 103 108 117 167 218 230 278 305 
 327 332 344 380
 26
 15 35 40 54 64 88 106 136 179 198 215 216 
224 232 240 272 274 300 302 310 360 362 367 399 415 
 452
 19
 44 64 67 75 84 105 128 148 264 266 270 279 
 308 330 357 365 378 397 451
 22
 8 53 55 65 66 82 87 108 169 186 204 254 
 267 270 278 307 345 359 364 379 422 453
 27
 2 19 21 33 62 90 119 122 123 125 141 160 
214 217 220 240 250 291 319 320 323 332 345 346 404 
 422 438
 31
 1 4 16 18 33 38 46 65 76 99 112 117 
138 201 207 253 272 294 296 299 301 323 349 378 379 
 387 390 397 398 420 429
 22
 9 52 107 109 136 143 150 160 183 185 186 193 
 194 208 240 248 322 344 355 404 428 452
 27
 66 90 95 130 131 136 145 157 188 231 254 282 
304 307 321 324 325 356 362 371 392 394 409 428 432 
 437 446
 23
 27 38 53 72 88 97 106 142 176 182 220 260 
 273 287 292 343 344 345 346 357 372 447 451
 25
 37 38 45 51 55 68 70 75 141 143 158 217 
224 264 279 294 296 327 328 335 366 368 389 406 452 
 17
 34 62 85 103 125 244 295 317 327 330 346 356 
 362 370 399 415 443
 20
 8 11 30 47 50 220 228 252 269 281 288 289 
 303 336 388 393 398 410 429 431
 19
 21 23 41 42 99 109 125 128 162 267 270 271 
 303 313 315 318 334 336 379
 16
 30 39 49 82 91 130 202 223 226 243 247 304 
 317 320 359 448
 21
 3 23 38 44 46 47 65 88 90 197 220 222 
 241 285 306 317 345 349 381 405 435
 21
 32 43 49 64 67 76 123 149 177 179 188 190 
 208 217 248 278 301 399 402 407 433
 22
 10 29 41 51 52 68 119 133 150 151 154 187 
 198 257 271 289 295 314 365 371 393 402
 22
 53 82 91 101 115 130 176 200 282 301 309 320 
 339 350 361 376 389 391 406 417 421 448
 24
 18 25 26 36 56 63 102 107 121 176 187 214 
 242 261 275 294 302 327 339 341 351 363 417 421
 18
 21 29 48 54 88 117 137 159 212 239 247 320 
 363 370 378 384 394 397
 22
 1 4 25 54 65 74 90 104 118 128 135 141 
 150 152 159 215 293 294 305 308 370 375
 25
 33 34 46 78 83 105 130 132 179 185 187 205 
233 254 275 323 370 398 400 403 417 428 429 443 445 
 30
 30 32 79 128 132 137 148 159 169 183 208 210 
223 257 284 311 333 362 383 403 409 417 418 420 423 
 428 429 441 444 448
 16
 16 17 100 126 136 140 149 163 215 242 251 301 
 337 405 414 448
 26
 33 45 48 81 100 125 133 160 187 199 211 213 
229 273 299 309 325 331 358 386 411 417 429 440 444 
 451
 25
 19 66 67 90 118 127 137 142 211 215 220 242 
245 247 252 269 293 327 340 364 365 383 430 444 451 
 25
 31 71 88 126 135 157 169 179 182 188 226 260 
264 270 290 297 329 332 335 379 383 388 431 435 438 
 16
 4 10 56 60 110 193 211 270 295 302 318 345 
 366 377 406 420
 23
 5 12 24 49 67 72 128 183 243 247 252 316 
 335 351 367 389 400 402 406 411 417 419 445
 30
 2 4 12 23 34 35 43 54 76 80 104 122 
131 136 178 202 264 266 278 311 323 328 345 354 383 
 417 430 440 442 448
 22
 5 58 74 92 140 185 207 208 211 228 242 245 
 274 275 294 302 309 323 324 380 427 450
 23
 2 22 24 38 49 55 64 77 95 168 181 211 
 241 253 258 270 312 344 347 349 392 412 447
 28
 31 35 64 79 80 91 98 104 153 156 157 204 
217 220 229 246 265 277 280 319 325 334 353 360 421 
 440 446 449
 18
 62 67 99 102 158 167 186 211 273 274 296 320 
 343 361 362 380 423 450
 20
 5 17 34 37 38 60 127 131 143 164 172 243 
 283 322 335 341 349 398 407 452
 24
 1 2 4 12 62 69 73 105 108 120 153 183 
 191 200 232 269 292 298 316 319 388 432 445 446
 19
 8 63 70 86 115 126 192 223 232 239 262 298 
 301 304 379 399 425 438 449
 18
 15 33 61 126 172 187 203 215 223 241 242 253 
 275 326 332 349 390 412
 24
 6 24 34 43 46 80 89 101 150 166 190 202 
 222 231 240 296 298 328 371 379 390 396 399 443
 23
 4 30 48 61 83 118 120 128 138 152 169 179 
 193 218 222 241 319 322 345 346 376 387 437
 22
 4 14 22 96 122 134 139 141 154 218 222 231 
 280 306 366 371 401 407 429 440 443 453
 26
 5 13 65 85 106 123 141 154 163 171 177 179 
187 196 246 262 284 294 297 333 337 343 350 371 377 
 438
 22
 23 30 56 80 101 108 112 121 125 132 182 240 
 280 298 328 374 377 405 415 431 432 439
 20
 35 42 47 57 62 77 130 224 240 243 244 272 
 284 313 352 356 363 383 384 407
 17
 17 22 48 52 75 91 92 254 275 299 300 327 
 344 376 418 426 428
 25
 25 42 49 68 70 73 102 164 185 221 228 238 
309 319 321 348 349 363 380 383 384 403 406 421 445 
 23
 107 115 127 131 145 150 176 204 209 240 245 254 
 313 321 332 340 372 394 395 400 408 422 453
 26
 8 57 116 134 137 148 152 155 162 172 178 186 
217 227 249 284 308 319 329 353 389 394 403 439 443 
 451
 14
 24 41 127 128 170 214 216 261 274 356 360 400 
 414 439
 27
 9 12 15 23 66 72 78 85 88 91 103 119 
140 186 219 315 332 334 336 360 375 383 402 409 430 
 449 451
 30
 19 111 133 167 184 209 225 227 231 259 270 291 
294 312 320 322 324 330 338 342 348 366 369 373 382 
 391 400 421 430 453
 21
 44 69 73 95 101 113 133 162 170 195 212 219 
 248 268 287 300 336 395 408 446 447
 18
 1 34 65 88 129 178 191 214 308 313 322 329 
 359 372 385 407 411 438
 21
 3 55 57 74 85 100 108 123 151 212 229 250 
 266 270 330 368 371 396 397 432 440
 15
 8 18 40 48 52 102 119 129 161 177 212 260 
 285 307 365
 19
 39 106 113 168 180 208 227 231 247 257 304 315 
 321 324 378 381 411 417 436
 24
 59 62 75 76 98 99 101 115 122 127 192 250 
 271 295 343 347 360 368 384 407 423 435 443 451
 19
 32 42 96 103 112 139 183 189 190 198 245 246 
 291 306 311 348 415 420 445
 20
 9 13 84 93 99 111 117 127 132 134 164 188 
 213 233 280 285 298 343 356 403
 21
 6 55 68 86 180 184 198 211 213 214 234 303 
 312 338 353 358 359 367 401 423 432
 27
 94 137 141 174 247 250 251 260 268 272 289 292 
297 298 299 318 373 412 415 429 435 441 443 448 450 
 451 452
 20
 4 65 70 106 147 164 165 175 189 194 211 214 
 244 281 291 295 308 358 425 451
 20
 18 31 40 45 77 78 116 136 151 165 181 220 
 241 245 292 398 411 415 445 446
 15
 38 62 97 155 180 201 240 271 314 339 346 358 
 372 395 431
 18
 1 29 37 40 71 84 97 104 142 180 191 312 
 316 343 344 390 399 412
 28
 9 27 54 78 100 124 131 133 148 163 183 208 
213 215 266 293 295 326 346 354 364 369 389 397 406 
 417 440 442
 26
 13 30 31 39 127 151 184 208 224 225 227 242 
274 326 332 338 355 372 381 387 395 396 430 435 444 
 445
 22
 7 52 138 142 160 179 185 193 196 199 200 221 
 226 231 236 259 279 296 369 384 409 413
 23
 21 34 43 79 122 124 134 136 146 160 165 184 
 192 210 214 218 242 354 366 368 372 388 433
 27
 4 36 71 89 92 99 101 113 151 157 177 199 
235 243 265 301 307 310 314 344 346 382 390 403 408 
 423 432
 18
 3 6 8 31 76 97 109 117 137 214 217 283 
 296 331 399 405 424 436
 17
 2 3 12 19 64 69 77 151 179 234 238 240 
 258 281 314 353 389
 22
 1 61 76 83 98 103 127 158 174 175 203 222 
 297 321 329 349 363 365 385 392 394 419
 28
 50 85 96 99 122 123 124 131 133 144 156 178 
179 190 222 251 253 258 266 271 314 336 337 393 408 
 409 436 443
 24
 2 5 51 90 92 96 114 148 153 224 228 251 
 256 284 300 324 339 345 367 374 401 422 429 449
 24
 21 34 57 64 65 98 112 142 148 194 200 242 
 245 272 311 347 348 383 388 401 423 432 433 435
 27
 11 32 61 62 69 73 74 80 88 129 130 142 
171 175 181 256 281 348 382 396 403 420 427 435 445 
 447 448
 30
 16 34 47 66 91 104 105 167 169 205 215 217 
223 226 242 263 305 311 321 323 325 329 343 388 391 
 395 411 416 421 424
 27
 4 23 26 46 51 68 88 121 122 127 199 212 
221 253 272 279 283 285 331 348 354 372 381 403 406 
 418 426
 22
 16 32 44 76 94 106 115 162 165 192 207 223 
 268 284 303 309 329 338 353 397 427 430
 28
 10 14 15 20 28 79 124 132 159 204 220 246 
265 281 283 295 350 359 375 377 381 389 405 407 412 
 415 424 433
 23
 1 2 18 43 54 70 89 96 97 107 158 177 
 184 200 218 245 274 362 375 391 396 426 427
 21
 30 41 114 165 223 226 234 241 258 291 339 392 
 404 421 422 425 431 436 441 449 451
 28
 39 41 65 68 70 100 112 141 144 152 167 193 
219 228 234 262 273 327 336 340 344 370 376 398 406 
 410 419 429
 26
 21 78 88 136 140 153 166 176 180 212 246 248 
286 287 311 331 340 347 355 382 396 400 419 429 448 
 450
 20
 34 95 109 157 163 165 176 203 219 226 230 233 
 235 294 316 390 404 417 427 429
 24
 3 35 42 48 64 82 97 140 142 148 196 197 
 214 219 224 251 282 283 287 335 395 414 423 447
 28
 17 21 24 36 68 83 120 128 147 148 156 229 
256 284 287 299 308 346 363 371 374 393 404 410 418 
 423 429 440
 20
 7 18 25 62 71 96 143 146 153 178 203 206 
 210 240 249 265 289 330 408 430
 27
 6 17 24 32 36 42 51 55 64 90 94 116 
150 159 173 185 208 213 228 232 233 277 303 352 359 
 360 387
 17
 39 64 106 112 122 131 149 192 193 221 239 240 
 307 360 433 446 448
 15
 5 33 61 66 107 109 163 187 221 249 353 370 
 417 419 431
 16
 2 203 209 214 292 310 319 345 368 371 375 408 
 430 434 436 452
 21
 37 84 88 138 212 215 222 241 250 258 299 315 
 344 348 375 407 424 430 433 442 447
 25
 1 20 63 165 172 177 217 225 235 237 255 259 
286 291 326 346 353 360 363 390 393 410 412 421 451 
 27
 7 17 76 88 107 124 146 148 158 178 184 186 
208 209 240 241 269 276 304 312 326 351 358 373 411 
 429 445
 17
 10 41 81 97 180 189 208 213 217 235 238 273 
 295 319 322 432 439
 27
 7 33 65 90 106 123 134 139 149 179 194 209 
211 258 304 305 306 307 311 356 357 358 390 396 411 
 423 433
 24
 45 51 54 61 92 96 98 102 103 175 176 181 
 196 216 225 270 288 350 355 369 385 401 410 414
 30
 4 13 67 81 83 107 123 137 172 186 220 237 
244 255 260 268 280 295 334 344 347 365 375 382 393 
 398 403 405 436 443
 21
 29 37 39 66 68 105 163 171 212 226 249 291 
 316 362 372 374 394 411 424 429 452
 28
 12 36 42 43 56 69 72 75 93 132 137 157 
185 227 241 245 251 279 280 282 305 337 343 371 434 
 445 448 451
 29
 5 10 67 124 129 135 144 148 152 155 159 168 
217 222 227 242 255 264 275 292 300 338 360 378 406 
 434 436 440 451
 32
 11 13 14 17 24 31 34 53 56 134 182 184 
189 194 224 245 279 290 307 312 321 325 353 354 367 
 373 410 412 415 418 426 440
 24
 9 55 69 76 77 97 161 227 230 248 265 311 
 333 342 345 361 363 371 376 400 410 418 419 430
 28
 2 13 19 31 33 61 62 79 81 97 164 174 
184 197 202 203 219 229 237 239 259 270 323 334 344 
 347 350 449
 33
 2 5 7 47 61 78 99 160 162 189 205 232 
238 240 245 259 271 275 280 289 290 298 303 321 348 
 353 354 369 372 395 409 417 422
