 200 215
 1 1 1 1 1 1 1 2 2 2 2 2 
 2 2 2 2 2 3 3 3 3 3 3 3 
 3 3 3 3 3 3 3 3 4 4 4 4 
 4 4 4 4 4 5 5 5 5 5 5 5 
 5 5 5 5 5 5 5 5 6 6 6 6 
 6 6 6 7 7 7 7 7 7 7 7 7 
 8 8 8 8 8 8 8 9 9 9 9 9 
 9 9 10 10 10 10 10 10 10 10 10 10 
 11 11 11 11 11 11 11 12 12 12 12 12 
 12 12 13 13 13 13 13 14 14 14 15 15 
 15 15 15 15 15 15 16 16 16 16 16 16 
 16 16 16 16 17 17 17 17 17 17 17 17 
 17 18 18 18 18 18 18 18 18 19 19 19 
 19 19 20 20 20 20 20 21 21 22 22 22 
 22 23 23 24 24 24 25 25 25 25 25 25 
 25 27 27 28 28 29 29 30 30 30 31 31 
 31 31 32 32 34 35 36 37 38 38 38 40 
 42 43 44 44 44 45 47 47 48 56 67 
 3
 8 110 160
 10
 39 51 75 101 113 128 156 159 188 200
 5
 3 35 36 87 202
 5
 33 70 150 159 190
 7
 78 113 123 126 146 166 174
 6
 46 60 98 113 118 213
 6
 23 119 139 152 189 192
 4
 21 78 87 149
 4
 40 94 174 186
 7
 21 74 75 104 142 199 215
 6
 45 74 87 150 180 186
 4
 8 19 66 131
 3
 16 20 117
 5
 8 16 76 79 82
 6
 83 117 139 141 172 206
 4
 12 42 56 193
 7
 10 36 81 96 145 173 214
 6
 25 57 69 100 164 175
 6
 18 99 108 132 138 151
 7
 49 91 94 105 106 141 178
 2
 19 150
 4
 1 15 123 127
 5
 77 154 178 196 211
 9
 42 44 59 83 107 153 173 177 211
 4
 43 77 93 127
 4
 64 151 177 200
 4
 18 54 72 214
 5
 42 87 137 185 191
 4
 9 50 202 207
 5
 46 126 148 155 201
 6
 158 165 198 201 206 209
 4
 37 65 68 205
 2
 59 147
 7
 35 79 111 155 187 192 211
 7
 4 42 47 58 80 159 211
 5
 9 88 118 144 182
 5
 18 45 98 157 172
 6
 34 53 102 115 156 199
 5
 21 44 129 150 202
 6
 9 89 95 116 159 176
 8
 10 46 49 85 90 139 192 215
 3
 49 111 114
 5
 23 42 50 111 162
 13
 143 145 146 147 169 172 186 189 194 196 200 204 
 213
 4
 5 71 90 179
 7
 63 65 105 112 137 190 202
 7
 9 70 87 91 148 171 195
 6
 27 72 104 147 173 202
 6
 27 44 82 89 128 206
 4
 132 200 205 212
 5
 6 138 154 160 167
 6
 47 96 125 198 205 207
 5
 45 79 108 185 192
 5
 13 23 57 87 201
 6
 46 66 90 170 177 191
 1
 94
 3
 118 163 208
 2
 130 210
 4
 124 125 170 174
 5
 11 77 94 106 167
 5
 108 181 190 203 206
 8
 20 31 47 101 111 137 175 198
 7
 30 65 89 91 106 172 175
 7
 3 5 33 43 76 150 176
 6
 62 124 166 177 207 210
 6
 9 44 47 119 152 164
 3
 26 105 159
 7
 48 64 97 113 128 166 167
 5
 1 20 34 124 128
 7
 18 31 45 66 82 126 148
 8
 35 65 82 84 87 176 186 188
 2
 12 129
 4
 19 155 163 184
 7
 8 19 24 71 74 152 188
 4
 72 146 173 192
 5
 1 6 28 96 170
 4
 17 42 121 186
 2
 146 202
 4
 14 99 113 161
 5
 8 73 128 133 184
 4
 147 182 208 210
 6
 90 102 109 180 181 213
 4
 48 117 140 184
 4
 104 138 154 176
 6
 132 144 157 197 199 213
 6
 81 114 140 165 174 186
 8
 130 144 146 152 163 179 195 214
 5
 19 46 80 84 172
 9
 57 78 83 93 118 152 188 196 200
 6
 4 27 54 94 111 119
 7
 45 51 53 87 149 165 177
 9
 2 22 107 112 142 161 166 186 206
 3
 28 82 87
 7
 35 39 60 76 122 131 149
 2
 15 63
 3
 64 92 182
 7
 92 160 168 190 195 205 211
 6
 97 158 161 180 205 209
 5
 25 30 104 141 191
 5
 41 86 166 201 210
 3
 57 150 151
 6
 31 42 67 131 132 213
 4
 64 84 131 162
 6
 20 41 93 112 164 196
 2
 3 208
 2
 38 172
 4
 58 104 175 212
 7
 14 44 95 98 120 201 207
 7
 5 20 44 61 107 166 174
 2
 46 187
 7
 51 73 105 138 161 201 213
 4
 153 156 164 204
 5
 17 119 128 168 180
 6
 120 175 191 197 207 209
 3
 89 142 191
 3
 128 176 199
 4
 8 43 143 179
 4
 12 140 149 205
 5
 22 26 80 175 201
 6
 4 40 70 147 186 199
 4
 39 92 108 154
 10
 92 103 120 135 157 167 171 179 185 203
 3
 97 98 162
 6
 9 116 140 182 200 201
 6
 110 134 136 142 178 211
 6
 85 97 133 149 181 200
 7
 7 10 29 30 55 200 212
 3
 1 49 148
 6
 13 73 74 114 185 213
 9
 61 64 66 67 86 119 122 146 172
 4
 11 33 48 127
 3
 15 90 213
 9
 73 107 116 127 148 155 160 206 210
 7
 8 13 22 70 87 119 200
 3
 8 134 201
 5
 43 116 131 139 192
 6
 71 80 153 167 184 185
 3
 62 148 173
 6
 22 89 96 129 162 212
 5
 2 64 74 112 210
 5
 48 52 75 135 146
 4
 43 48 137 183
 1
 80
 5
 106 123 148 171 183
 6
 11 38 69 81 138 151
 2
 42 146
 6
 12 28 100 121 170 202
 5
 29 109 116 189 197
 2
 24 194
 3
 34 58 85
 5
 40 67 171 175 203
 4
 55 166 202 214
 7
 68 104 105 134 147 165 212
 3
 75 147 151
 4
 3 24 37 93
 4
 54 100 121 137
 6
 88 99 105 168 203 208
 5
 32 52 97 125 129
 3
 88 141 214
 6
 1 11 57 61 130 210
 7
 122 127 136 169 207 211 215
 5
 93 110 115 194 208
 8
 45 60 83 133 161 195 200 214
 5
 63 99 147 170 197
 5
 21 52 91 95 120
 5
 26 80 81 163 166
 5
 25 43 110 143 149
 6
 10 18 68 176 184 212
 3
 48 109 121
 4
 18 98 100 184
 6
 25 47 95 111 130 171
 3
 36 120 130
 4
 35 53 90 211
 7
 34 38 50 91 117 129 189
 7
 168 187 188 193 212 214 215
 7
 23 33 62 108 146 191 195
 5
 10 65 88 97 104
 6
 2 8 44 123 127 177
 6
 19 57 83 164 178 191
 5
 148 159 173 198 208
 4
 11 18 85 107
 5
 43 56 59 102 175
 6
 101 147 167 168 184 193
 3
 59 73 81
 8
 14 23 47 87 92 120 127 193
 6
 133 135 169 178 179 183
 4
 34 122 163 194
 6
 67 69 76 84 89 97
 3
 51 88 112
 2
 32 132
 4
 49 103 198 207
 3
 21 81 121
 2
 189 215
 5
 9 29 209 212 213
 8
 18 24 55 88 129 162 186 188
 7
 2 22 50 58 154 176 210
 3
 69 192 203
 3
 33 117 146
 3
 68 88 204
 6
 37 106 109 116 159 160
