 200 168
 1 1 1 1 1 1 1 1 1 1 1 1 
 2 2 2 2 2 2 2 2 2 2 2 2 
 2 2 2 3 3 3 3 3 3 3 3 3 
 3 3 3 4 4 4 4 4 4 4 4 4 
 4 4 4 4 5 5 5 5 5 5 5 5 
 6 6 6 6 6 6 6 6 6 7 7 7 
 7 7 7 7 7 7 7 7 8 8 8 8 
 8 8 9 9 9 9 9 10 10 10 10 10 
 10 11 11 11 11 11 11 11 12 12 12 12 
 12 12 12 12 12 12 13 13 13 13 13 13 
 13 14 14 14 14 14 14 14 14 14 14 15 
 15 15 15 15 15 15 16 16 17 18 18 18 
 18 18 19 20 22 22 23 23 24 24 25 27 
 27 27 28 28 29 32 34 39 43 51 57 58 
 2
 84 150
 4
 22 44 88 163
 4
 2 98 128 164
 2
 2 108
 5
 18 74 78 99 137
 3
 14 48 71
 3
 71 112 168
 4
 103 127 157 158
 5
 50 55 115 155 160
 7
 3 6 60 89 122 141 157
 4
 61 101 158 168
 8
 3 24 29 42 56 100 115 165
 2
 14 115
 3
 63 88 156
 4
 46 110 126 142
 1
 79
 5
 6 17 33 98 141
 5
 1 73 87 105 124
 2
 15 97
 4
 36 108 122 142
 5
 41 95 108 126 143
 5
 53 73 99 132 159
 6
 16 19 59 62 75 78
 6
 92 96 112 119 141 147
 6
 68 101 105 125 133 136
 3
 28 49 137
 3
 35 117 146
 1
 12
 6
 32 34 62 65 88 92
 4
 66 98 155 157
 4
 11 45 104 119
 5
 1 17 20 77 135
 1
 11
 3
 114 156 158
 4
 38 40 147 152
 3
 16 35 98
 3
 84 147 154
 4
 59 62 87 164
 5
 8 76 116 152 161
 3
 41 73 123
 5
 37 43 67 123 157
 2
 104 155
 3
 70 107 142
 5
 35 41 61 93 147
 2
 18 134
 3
 19 105 135
 3
 14 29 108
 2
 70 149
 2
 13 61
 2
 43 140
 6
 21 76 106 132 146 153
 2
 71 162
 5
 20 30 99 131 164
 6
 103 105 108 131 132 162
 2
 57 105
 5
 71 82 94 113 135
 3
 99 153 167
 3
 110 122 148
 3
 78 128 148
 1
 26
 5
 13 14 19 21 166
 6
 83 89 118 130 166 168
 4
 44 75 116 141
 6
 30 67 111 117 125 135
 6
 8 14 50 62 83 168
 4
 17 36 73 163
 2
 28 132
 4
 28 56 71 110
 2
 91 159
 4
 52 61 135 164
 5
 40 109 129 142 149
 4
 13 87 98 165
 2
 21 158
 2
 49 168
 4
 1 30 72 106
 8
 1 4 18 29 47 48 125 166
 2
 18 98
 4
 7 32 42 105
 3
 13 85 139
 3
 58 95 96
 3
 24 25 67
 4
 9 24 72 161
 2
 82 105
 5
 13 44 68 142 155
 3
 57 85 86
 5
 5 31 107 126 167
 3
 145 156 167
 7
 39 54 72 87 121 154 161
 4
 20 30 80 105
 4
 42 54 125 145
 2
 51 153
 4
 7 28 129 152
 3
 61 94 112
 3
 10 40 75
 3
 6 77 134
 7
 6 41 79 132 133 140 151
 4
 13 59 75 160
 1
 3
 6
 88 94 98 161 164 165
 4
 19 69 87 127
 2
 47 164
 6
 4 84 110 134 164 166
 3
 74 120 144
 1
 29
 4
 72 92 107 125
 4
 5 73 75 159
 4
 1 72 91 99
 5
 2 66 83 101 118
 1
 9
 5
 2 3 74 115 126
 4
 58 77 103 126
 3
 45 48 133
 4
 82 120 136 161
 6
 61 62 71 81 83 156
 5
 84 116 134 157 162
 3
 53 106 130
 2
 32 130
 5
 4 29 93 149 151
 2
 64 166
 3
 20 138 149
 9
 16 33 49 81 116 124 129 143 153
 2
 17 35
 3
 90 122 151
 3
 93 106 159
 4
 34 76 124 159
 2
 92 165
 2
 28 128
 6
 3 30 34 37 141 163
 3
 11 53 115
 4
 55 115 118 139
 1
 69
 2
 44 64
 3
 10 27 163
 3
 70 151 164
 3
 57 70 78
 8
 32 40 72 100 105 106 116 127
 4
 86 97 143 145
 3
 2 102 166
 2
 70 100
 6
 31 46 74 75 107 162
 6
 33 55 106 119 133 143
 3
 9 127 136
 7
 45 46 53 106 109 111 116
 3
 56 85 165
 4
 26 73 109 124
 2
 15 55
 6
 55 92 102 132 153 156
 2
 43 168
 4
 47 63 144 148
 2
 53 124
 7
 28 54 81 108 111 123 151
 3
 38 86 165
 4
 27 93 109 127
 4
 3 81 102 149
 3
 79 139 160
 4
 76 112 120 129
 2
 43 100
 3
 99 123 161
 4
 33 96 133 156
 5
 2 5 42 101 117
 3
 74 131 142
 1
 107
 3
 51 66 73
 5
 7 14 65 141 149
 6
 54 58 64 70 115 141
 5
 13 46 70 105 136
 4
 16 23 44 144
 3
 117 137 157
 2
 23 109
 3
 22 34 166
 4
 54 56 113 133
 5
 63 65 80 141 153
 4
 111 124 134 167
 4
 163 165 166 168
 9
 4 25 54 63 65 80 105 137 138
 3
 41 148 160
 4
 41 106 123 150
 3
 57 95 130
 7
 121 123 138 139 152 154 167
 4
 5 42 76 143
 3
 2 43 89
 1
 45
 3
 22 74 107
 3
 107 122 144
 6
 26 31 77 122 131 155
 1
 10
 2
 82 132
 4
 8 113 141 154
 2
 40 151
 2
 1 151
 4
 23 52 70 94
 5
 25 42 110 132 167
 6
 128 140 149 150 156 160
 6
 60 115 117 147 152 162
 3
 40 102 106
 6
 1 53 93 133 158 166
 4
 15 31 64 100
 2
 146 164
 6
 1 15 71 72 81 90
 3
 36 82 106