 200 220
 1 1 1 1 1 1 1 1 1 1 1 1 
 1 1 1 1 1 1 1 2 2 2 2 2 
 2 2 2 2 2 2 2 2 2 2 2 2 
 2 2 2 2 2 3 3 3 3 3 3 3 
 3 3 3 3 3 3 3 3 3 3 3 3 
 3 3 4 4 4 4 4 4 4 4 4 4 
 4 4 4 4 4 4 4 4 4 5 5 5 
 5 5 5 5 5 5 5 5 5 5 5 5 
 5 5 5 5 6 6 6 6 6 6 6 6 
 6 6 7 7 7 7 7 7 7 7 7 7 
 7 7 7 7 7 7 8 8 8 8 8 8 
 8 8 8 8 8 8 9 9 9 9 9 9 
 9 9 9 9 9 9 9 9 9 10 10 10 
 10 10 10 10 10 10 10 10 11 11 11 11 
 12 12 12 12 12 12 12 12 12 12 12 12 
 12 12 12 12 12 12 13 13 13 13 14 14 
 14 14 14 15 15 15 15 15 16 16 16 16 
 16 17 18 18 19 19 19 20 20 20 21 21 
 22 24 27 30 
 4
 32 65 87 101
 4
 14 121 137 165
 5
 45 130 148 160 172
 7
 2 40 54 82 86 136 215
 8
 69 71 77 145 155 172 178 188
 3
 24 28 98
 6
 43 46 76 122 205 214
 3
 1 2 15
 5
 85 104 138 202 205
 6
 20 83 101 139 144 177
 8
 58 64 82 128 146 165 199 218
 5
 63 87 175 178 185
 7
 13 48 64 79 105 133 159
 7
 3 50 54 120 161 184 196
 4
 15 84 115 167
 3
 34 113 174
 7
 4 16 157 161 188 203 208
 8
 20 52 65 103 108 168 172 191
 7
 22 27 111 148 165 179 219
 5
 46 67 68 197 213
 6
 28 72 78 130 212 218
 8
 31 104 141 159 166 187 201 207
 9
 27 54 63 95 97 123 170 173 212
 9
 10 47 82 96 106 149 192 209 215
 6
 67 78 113 147 151 212
 6
 17 25 34 87 115 191
 3
 100 162 202
 3
 72 145 190
 3
 70 154 197
 9
 7 21 30 83 117 166 179 197 204
 5
 1 70 164 170 171
 11
 16 17 41 79 84 127 135 178 179 203 207
 4
 75 181 217 218
 3
 32 99 154
 3
 16 20 81
 2
 64 74
 1
 18
 6
 13 69 108 121 190 193
 7
 5 63 93 116 119 168 206
 8
 11 46 49 61 69 102 144 172
 4
 38 44 73 142
 5
 26 31 167 177 181
 8
 22 32 63 111 125 134 148 169
 8
 76 128 139 148 163 205 206 207
 3
 152 153 163
 4
 28 86 165 193
 5
 118 169 182 190 209
 3
 116 147 212
 5
 2 25 130 157 196
 9
 53 63 65 93 124 128 182 201 212
 3
 12 23 45
 5
 2 6 26 43 80
 7
 67 103 126 131 135 162 192
 5
 4 27 67 162 182
 5
 114 140 167 171 172
 4
 34 66 101 175
 8
 18 35 43 70 72 88 140 171
 6
 11 30 94 101 129 218
 5
 9 10 23 174 205
 5
 11 36 52 77 85
 5
 23 27 64 94 181
 8
 21 86 87 94 114 130 154 207
 4
 45 178 183 184
 4
 8 148 155 160
 4
 63 65 143 213
 5
 24 84 111 139 210
 2
 1 68
 10
 49 88 121 128 149 168 170 171 199 219
 6
 20 33 102 104 131 154
 7
 44 83 86 104 107 109 123
 6
 12 53 133 143 186 187
 4
 43 143 146 159
 3
 45 55 194
 8
 13 101 129 131 188 199 217 218
 5
 29 59 147 157 193
 8
 58 85 115 147 156 166 169 204
 6
 191 202 206 211 214 219
 6
 9 21 57 74 93 135
 4
 3 147 167 175
 5
 7 86 103 169 189
 7
 118 153 187 188 210 215 216
 4
 25 43 170 209
 5
 87 113 142 180 209
 4
 5 64 71 127
 6
 29 134 155 159 198 208
 4
 23 35 41 82
 11
 31 102 111 135 150 156 160 163 180 213 218
 6
 33 35 137 143 151 220
 5
 82 132 140 189 215
 4
 2 20 66 122
 6
 48 107 156 172 201 206
 7
 52 95 106 129 131 138 198
 5
 44 81 85 106 209
 3
 14 127 193
 7
 26 52 89 196 200 202 217
 6
 22 23 43 56 70 191
 7
 28 75 106 187 189 215 218
 2
 89 209
 2
 42 47
 5
 8 84 90 141 170
 5
 3 65 143 160 220
 5
 49 139 141 195 217
 2
 159 164
 7
 10 22 44 55 109 112 188
 3
 5 156 157
 7
 24 39 66 92 156 157 200
 3
 42 91 203
 7
 1 28 42 65 70 145 173
 9
 10 59 75 98 107 131 158 169 199
 5
 79 173 181 192 194
 4
 25 132 145 158
 6
 88 136 170 204 212 220
 3
 33 132 203
 2
 24 92
 2
 8 100
 2
 73 214
 5
 137 185 199 203 219
 8
 23 83 119 140 142 161 174 181
 6
 195 200 208 209 210 218
 3
 124 207 215
 5
 30 38 85 146 179
 3
 29 111 218
 8
 48 82 140 144 149 150 157 217
 8
 13 69 83 112 127 151 186 188
 6
 21 74 105 115 177 182
 3
 121 187 198
 7
 37 63 83 96 104 174 197
 7
 90 110 142 196 198 201 213
 8
 47 119 129 132 142 151 166 217
 6
 117 133 139 149 156 170
 6
 77 82 129 169 182 204
 4
 62 84 144 217
 4
 27 98 114 118
 5
 42 51 56 57 210
 8
 22 44 47 72 99 120 211 220
 5
 20 45 103 134 207
 4
 3 43 82 200
 4
 6 127 169 213
 4
 51 68 180 216
 4
 3 68 155 210
 4
 31 58 215 220
 8
 24 64 66 85 136 155 173 190
 5
 78 143 146 197 203
 4
 120 129 139 215
 3
 15 21 50
 4
 26 91 113 216
 8
 42 63 88 97 103 150 154 166
 8
 47 64 111 141 167 169 185 220
 5
 6 71 75 180 212
 6
 6 72 101 140 158 176
 4
 50 127 141 163
 6
 35 77 102 117 123 202
 3
 60 97 211
 2
 14 21
 8
 37 42 44 89 113 150 183 200
 2
 37 165
 2
 42 92
 6
 5 12 34 94 102 145
 7
 49 73 82 91 116 127 158
 8
 45 50 61 69 88 130 138 175
 4
 7 8 92 217
 7
 9 33 56 85 90 117 208
 7
 51 67 85 175 176 196 216
 4
 19 154 161 198
 3
 1 111 165
 7
 1 9 22 42 84 114 141
 6
 4 71 93 139 173 209
 6
 25 99 101 133 171 219
 6
 12 89 90 112 132 178
 5
 20 84 96 176 183
 5
 46 74 169 171 180
 5
 55 102 125 136 204
 7
 36 80 140 184 198 210 211
 3
 7 90 115
 5
 29 68 82 109 201
 4
 8 24 116 146
 4
 4 66 91 112
 7
 43 46 87 134 171 192 217
 8
 76 89 108 126 144 183 191 206
 6
 25 32 112 166 177 201
 7
 155 160 174 177 186 194 220
 7
 7 26 86 184 189 192 196
 8
 51 78 85 112 119 122 130 213
 5
 39 76 83 154 192
 6
 3 21 40 80 105 165
 5
 48 60 154 177 195
 11
 57 105 110 158 162 168 173 183 197 207 211
 9
 73 101 111 152 176 194 205 211 215
 4
 84 103 112 212
 2
 5 120
 6
 30 48 83 155 175 196
 6
 62 66 95 101 191 207
 4
 11 36 71 142
 3
 4 46 104
 2
 2 187
 4
 6 63 128 197
 5
 53 84 202 212 219
 5
 125 128 161 176 213
 7
 164 168 174 176 179 193 216
 7
 83 114 118 124 184 189 220
