 300 488
 1 1 1 1 1 1 1 1 1 1 1 1 
 1 1 1 1 1 1 1 1 1 1 1 1 
 1 1 1 1 1 1 1 1 2 2 2 2 
 2 2 2 2 2 2 2 2 2 2 2 2 
 2 2 2 2 2 2 2 2 3 3 3 3 
 3 3 3 3 3 3 3 3 3 3 3 3 
 3 3 3 3 3 3 3 3 3 3 3 3 
 3 3 4 4 4 4 4 4 4 4 4 4 
 4 4 4 4 4 4 4 4 4 4 4 4 
 4 4 4 4 4 4 4 4 4 4 4 4 
 5 5 5 5 5 5 5 5 5 5 5 5 
 5 5 5 5 5 5 5 5 5 5 5 5 
 5 5 5 6 6 6 6 6 6 6 6 6 
 6 6 6 6 6 6 6 6 6 6 6 6 
 6 6 6 6 6 6 6 6 6 6 6 6 
 6 6 6 6 7 7 7 7 7 7 7 7 
 7 7 7 7 7 7 7 7 7 7 7 7 
 7 7 7 7 7 7 7 8 8 8 8 8 
 8 8 8 8 8 8 8 8 8 8 8 8 
 8 8 8 8 8 8 8 8 8 8 8 8 
 8 8 8 8 8 9 9 9 9 9 9 9 
 9 9 9 9 9 9 9 9 9 9 9 9 
 9 9 9 9 10 10 10 10 10 10 10 10 
 10 10 10 10 10 10 10 10 10 10 10 10 
 10 10 10 10 10 10 10 10 10 10 10 10 
 10 11 11 11 11 11 11 11 11 11 11 11 
 11 11 11 11 11 11 11 11 11 11 11 11 
 11 12 12 12 12 12 12 12 12 12 12 12 
 12 12 12 12 12 12 12 12 12 12 12 12 
 12 13 13 13 13 13 13 13 13 13 13 13 
 13 13 13 13 13 13 13 13 13 13 13 13 
 14 14 14 14 14 14 14 14 14 14 14 14 
 14 14 14 14 14 14 14 14 14 14 14 14 
 14 14 14 14 15 15 15 15 15 15 15 15 
 15 15 15 15 15 15 15 15 15 15 15 15 
 15 15 15 16 16 16 16 16 16 16 17 17 
 17 17 17 17 17 17 17 17 17 17 17 17 
 18 18 18 18 18 19 19 19 19 19 19 19 
 19 19 19 19 19 19 20 20 20 20 20 20 
 20 20 20 20 20 21 21 21 21 21 21 21 
 22 23 23 23 24 26 29 32 
 23
 1 7 24 34 53 57 75 103 111 187 200 202 
 217 229 311 361 362 381 412 429 449 455 482
 24
 42 57 74 98 113 142 144 175 186 199 200 266 
 332 354 355 375 381 390 419 420 446 467 479 482
 21
 1 13 14 56 74 79 90 178 207 220 232 250 
 251 253 257 270 338 341 380 381 466
 31
 7 39 74 112 123 155 161 186 187 191 206 213 
234 262 273 280 302 319 320 322 343 344 345 350 370 
 387 400 412 424 436 484
 32
 33 50 73 91 107 161 170 187 188 197 212 213 
234 250 277 297 306 313 336 349 356 358 359 367 378 
 381 415 421 446 450 483 484
 16
 29 46 49 153 156 163 166 203 289 329 336 354 
 413 452 463 476
 20
 9 37 38 48 92 117 143 149 163 187 213 244 
 278 297 352 376 387 418 437 478
 34
 34 60 71 81 107 156 179 193 216 217 267 274 
286 297 307 312 323 340 347 353 376 381 387 393 398 
 413 440 457 470 481 482 485 487 488
 28
 27 47 63 76 107 120 130 138 154 200 222 253 
255 256 286 298 300 350 353 401 403 404 443 450 469 
 470 477 482
 25
 8 24 26 64 83 91 101 127 141 168 171 183 
197 289 330 333 378 389 392 399 438 439 457 474 486 
 24
 3 45 76 93 111 126 131 149 155 168 184 187 
 191 221 235 270 272 292 302 311 321 330 359 465
 31
 20 33 39 54 61 64 107 118 145 158 181 186 
187 196 216 264 265 274 278 294 299 304 325 336 346 
 368 404 443 446 479 482
 23
 1 7 9 24 39 41 114 137 163 193 215 220 
 227 229 252 270 304 315 379 389 418 434 466
 23
 6 20 67 89 102 120 146 151 185 233 250 258 
 259 271 288 329 334 348 361 364 366 367 488
 21
 2 35 38 58 59 62 151 202 278 312 326 343 
 360 375 377 382 401 414 439 456 464
 21
 18 42 73 87 115 137 143 181 193 204 212 251 
 292 315 324 351 396 418 455 466 478
 24
 44 53 67 76 123 148 167 280 281 303 307 345 
 350 370 394 411 424 428 430 443 463 482 483 488
 29
 3 4 13 21 62 80 95 116 138 180 190 194 
225 230 248 249 287 302 308 331 354 368 373 380 435 
 452 475 476 485
 24
 19 21 22 29 68 125 130 150 158 196 226 239 
 300 318 326 329 356 399 445 448 462 467 474 478
 18
 7 47 67 72 112 122 152 163 185 192 241 255 
 271 310 383 476 477 483
 28
 18 21 54 106 122 128 130 150 156 177 194 196 
206 258 269 273 295 304 350 356 364 401 424 432 436 
 454 455 479
 26
 44 62 64 68 78 96 104 131 135 263 279 314 
342 355 366 374 375 378 391 405 416 430 437 452 453 
 468
 25
 2 16 83 103 106 147 148 162 169 172 182 213 
224 273 278 284 306 309 339 367 383 406 427 429 435 
 22
 1 27 46 50 87 88 101 106 114 156 167 196 
 227 233 262 270 300 301 318 378 403 448
 26
 2 13 21 54 79 101 112 119 136 153 198 222 
247 248 261 280 287 359 377 388 402 407 412 417 418 
 466
 22
 23 57 66 77 82 95 104 107 113 148 151 157 
 179 186 247 275 311 337 386 409 442 484
 23
 7 28 34 37 96 102 104 188 234 242 265 284 
 292 305 345 373 386 450 451 468 469 471 475
 28
 9 30 43 49 57 62 67 94 107 113 137 158 
161 164 168 178 200 202 223 238 243 253 302 354 363 
 379 385 425
 27
 23 43 47 60 109 121 144 155 160 193 204 218 
228 283 285 291 312 425 429 447 450 453 454 459 475 
 486 487
 23
 14 59 62 63 79 126 144 161 221 225 258 261 
 273 282 306 335 340 344 366 369 376 393 474
 22
 17 58 77 118 155 162 166 171 177 186 233 244 
 250 255 261 352 355 388 445 463 467 476
 32
 15 35 47 58 69 90 107 112 162 170 171 177 
184 186 204 216 270 274 284 289 301 303 326 356 362 
 376 395 398 402 469 471 481
 29
 1 6 40 41 42 44 51 52 83 84 94 105 
110 124 131 155 173 179 193 202 216 241 246 252 269 
 303 304 391 468
 18
 28 55 69 121 160 162 163 243 269 274 276 284 
 334 338 410 441 450 469
 24
 14 17 23 44 63 86 108 109 148 149 232 292 
 300 307 309 342 387 435 444 456 459 460 486 488
 21
 51 100 103 106 114 128 131 142 162 220 248 264 
 278 319 347 358 397 463 472 481 484
 19
 25 81 85 104 114 218 223 243 272 295 298 313 
 320 342 369 389 442 465 481
 28
 15 19 41 43 97 98 129 149 159 162 187 219 
223 233 271 274 275 279 283 335 371 382 395 409 437 
 447 458 480
 18
 26 58 87 89 100 113 125 131 148 212 256 271 
 273 295 354 376 381 467
 19
 16 33 94 145 197 198 217 236 302 303 321 333 
 344 355 427 434 442 465 483
 28
 2 5 21 77 87 151 159 161 199 231 276 279 
280 283 305 329 337 352 417 424 430 436 441 450 452 
 470 473 477
 30
 6 36 52 59 86 92 93 116 127 139 152 169 
212 230 237 248 264 272 291 313 340 379 409 428 433 
 440 446 459 477 484
 30
 4 8 21 27 37 110 180 185 198 203 207 213 
256 264 273 277 282 290 315 336 344 376 385 389 394 
 396 422 432 434 471
 22
 12 14 17 26 92 230 239 289 296 298 311 338 
 363 373 376 419 434 448 470 473 475 483
 25
 4 123 133 149 181 182 192 194 198 217 237 247 
253 285 302 303 308 364 410 431 441 445 447 460 475 
 16
 11 75 78 92 109 121 125 131 134 205 222 226 
 403 407 464 468
 24
 3 6 87 91 97 102 103 122 147 150 183 185 
 199 223 252 338 365 374 401 403 423 433 445 453
 33
 26 61 71 72 78 84 126 142 168 186 187 189 
192 194 204 232 278 294 318 359 374 379 383 400 405 
 407 439 454 458 465 475 478 488
 26
 47 52 70 72 109 121 128 129 135 181 216 256 
276 279 297 302 364 368 371 378 404 427 430 477 481 
 482
 18
 18 84 104 113 170 211 247 257 289 350 357 395 
 400 403 411 435 479 484
 29
 61 83 100 109 132 138 190 192 206 214 227 246 
259 284 313 322 329 354 355 357 367 402 417 433 438 
 439 465 472 475
 32
 11 25 29 31 78 95 102 105 122 136 147 160 
161 203 212 248 276 281 282 317 327 333 349 380 408 
 414 418 427 437 469 475 481
 25
 18 48 79 134 143 150 151 153 164 180 201 219 
262 264 282 295 328 367 384 391 398 401 439 448 477 
 22
 11 12 59 95 126 132 152 238 271 359 367 388 
 410 417 424 426 443 449 451 455 476 487
 27
 27 43 57 63 67 81 97 108 144 146 190 206 
235 238 249 264 272 333 335 342 358 361 375 406 423 
 435 470
 23
 11 46 69 140 141 152 160 170 189 219 273 288 
 341 355 391 402 406 418 447 465 466 467 479
 33
 28 41 64 75 93 119 139 151 159 169 176 213 
228 236 255 267 270 279 284 290 326 347 351 354 362 
 385 393 405 413 421 446 454 465
 26
 10 33 89 94 107 138 152 154 169 193 212 214 
225 248 256 274 282 284 289 307 328 374 385 431 440 
 460
 28
 12 79 94 105 128 161 173 176 197 210 215 231 
247 256 288 291 302 334 336 368 372 375 391 443 449 
 464 483 486
 39
 33 38 39 43 56 63 68 87 121 124 136 138 
141 149 173 183 192 194 201 202 209 225 303 329 331 
339 343 361 364 392 402 410 415 418 423 448 464 484 
 488
 31
 48 61 94 109 127 129 161 168 188 242 266 281 
305 314 321 358 373 374 415 416 420 427 428 434 453 
 457 463 470 473 483 486
 19
 9 20 36 52 59 63 139 142 158 163 164 215 
 216 236 397 411 430 442 479
 33
 12 26 68 86 88 90 91 101 126 129 145 148 
153 180 185 196 198 201 214 227 246 249 252 280 293 
 307 337 379 383 393 409 436 438
 18
 22 73 90 97 124 128 215 224 242 260 338 353 
 381 385 393 408 409 435
 29
 75 146 157 174 199 202 219 222 228 229 239 274 
277 313 323 326 328 345 376 440 448 452 454 465 470 
 472 479 482 484
 31
 34 60 69 74 96 102 123 162 167 168 178 195 
213 232 235 241 258 260 271 275 286 304 329 338 389 
 421 431 455 465 469 481
 25
 33 48 60 70 80 89 105 128 145 155 158 199 
213 230 232 235 240 315 336 352 360 404 446 450 455 
 22
 1 3 85 122 173 174 187 213 215 218 251 313 
 362 363 374 375 385 402 417 456 475 481
 18
 10 68 76 121 166 212 225 227 246 251 330 334 
 361 377 424 426 452 488
 26
 14 37 57 78 106 119 132 140 158 174 188 195 
212 213 220 231 278 323 370 372 377 384 422 439 443 
 449
 24
 51 95 152 160 216 220 229 250 306 319 332 335 
 340 344 370 400 404 407 435 438 448 481 482 487
 24
 36 58 66 86 135 194 217 282 304 317 318 331 
 348 354 379 389 393 401 410 420 443 449 459 476
 17
 25 58 127 189 190 207 214 218 292 336 337 362 
 383 387 413 419 472
 26
 59 74 163 187 222 231 235 243 246 275 281 286 
295 311 339 353 357 365 378 403 415 422 438 456 471 
 478
 29
 4 31 62 64 90 100 106 160 196 205 216 218 
219 232 241 244 254 275 338 350 394 404 411 412 416 
 425 438 451 481
 25
 15 37 82 90 94 102 114 148 152 189 199 201 
214 216 267 282 294 316 332 334 352 365 377 422 431 
 25
 57 58 59 72 78 122 140 185 195 202 258 269 
314 332 342 357 360 376 407 423 425 432 445 473 484 
 24
 6 19 72 92 110 111 149 175 213 221 253 282 
 296 302 306 309 314 327 351 357 400 445 457 466
 23
 26 44 62 143 182 183 244 248 261 272 317 332 
 350 392 406 409 416 431 432 450 452 480 485
 32
 16 19 25 33 56 77 92 99 122 128 141 149 
164 206 208 212 214 217 220 240 250 252 298 319 364 
 377 378 381 388 423 453 460
 31
 65 70 84 88 103 104 108 118 134 165 166 169 
195 203 224 236 238 247 269 270 355 357 362 364 373 
 386 431 436 453 466 483
 33
 2 26 35 81 89 90 102 105 123 140 147 153 
156 159 161 173 186 196 219 273 274 285 330 331 351 
 360 361 366 391 412 428 433 483
 22
 3 73 97 104 109 119 144 145 149 156 172 173 
 201 213 232 275 359 370 394 439 462 477
 26
 2 46 56 87 106 127 206 225 241 254 257 302 
317 333 336 342 359 376 402 405 424 426 431 437 441 
 458
 25
 4 7 28 52 58 98 152 168 219 236 254 278 
281 293 310 342 376 383 390 401 403 426 429 432 447 
 33
 6 25 38 43 59 61 93 103 110 143 180 185 
188 195 198 203 226 230 242 246 278 340 377 381 384 
 398 415 427 445 453 454 474 479
 36
 33 40 50 57 64 68 96 106 115 134 155 164 
165 188 191 195 203 216 235 246 267 272 274 309 337 
 343 350 353 373 390 398 408 421 433 447 478
 18
 17 35 39 88 89 102 125 257 283 303 309 316 
 322 326 331 357 386 457
 32
 2 7 13 21 36 43 59 61 84 94 109 114 
121 170 172 187 189 227 228 229 247 272 287 295 317 
 324 396 409 411 419 434 458
 31
 4 16 36 40 41 49 65 76 87 92 174 183 
190 192 194 231 242 248 255 266 278 309 323 388 394 
 398 402 403 468 473 480
 26
 9 15 21 50 67 73 149 152 216 226 230 272 
276 277 297 324 373 380 384 439 440 451 466 467 473 
 481
 38
 37 41 42 72 90 95 99 125 126 136 159 164 
186 190 214 228 229 237 249 253 266 268 301 308 315 
361 363 374 380 392 401 402 432 433 443 452 456 476 
 30
 5 16 17 68 71 80 108 151 156 160 187 207 
208 217 227 234 255 274 313 331 357 373 381 402 411 
 441 450 458 479 484
 25
 3 5 11 22 88 135 136 150 182 216 255 305 
307 322 356 389 390 395 403 405 416 433 436 483 487 
 33
 72 82 84 113 122 134 157 178 190 196 214 215 
219 230 244 248 261 270 307 310 313 339 347 363 366 
 382 406 411 445 463 471 475 476
 26
 1 44 50 65 87 88 120 131 156 165 169 198 
236 248 269 305 334 357 362 366 384 399 406 447 469 
 474
 26
 11 38 55 80 107 128 197 214 222 246 257 258 
280 281 283 284 326 332 359 365 375 384 387 426 433 
 453
 17
 4 40 58 61 62 125 166 191 212 227 240 276 
 283 299 386 397 425
 27
 3 95 105 113 122 142 151 154 183 198 213 221 
223 270 303 311 316 328 331 343 371 381 389 439 465 
 467 477
 24
 18 20 34 58 65 70 73 99 108 121 130 135 
 139 150 192 220 237 239 276 278 322 330 399 481
 20
 7 36 63 105 131 156 182 195 245 249 272 288 
 329 337 369 375 386 406 411 475
 28
 1 3 23 30 33 54 55 111 119 151 196 239 
248 256 293 311 331 356 372 374 375 379 382 409 438 
 466 478 483
 37
 41 57 93 94 96 99 113 124 126 130 135 136 
137 141 146 160 169 184 197 211 212 272 290 365 392 
 411 412 423 425 440 446 449 463 471 476 478 483
 29
 29 31 34 46 47 50 90 95 131 202 273 274 
317 339 352 375 382 398 399 401 405 413 418 436 437 
 443 458 461 470
 21
 13 36 65 115 122 126 147 204 213 224 232 275 
 326 339 368 385 425 433 453 456 461
 25
 22 33 47 57 92 105 112 117 157 166 213 230 
236 260 283 296 314 326 351 352 383 429 457 463 480 
 19
 3 18 23 38 96 97 149 180 191 202 220 296 
 384 440 446 452 458 478 485
 25
 5 20 63 77 103 149 174 203 221 235 238 279 
285 344 346 357 367 378 407 424 434 441 451 455 487 
 33
 9 10 39 46 65 69 71 77 85 91 96 111 
122 148 155 182 185 191 204 218 248 291 320 333 339 
 360 367 376 403 420 425 427 432
 28
 12 39 59 65 77 125 137 157 163 182 215 223 
259 265 268 294 296 299 310 313 375 384 414 416 421 
 432 450 451
 21
 4 25 26 74 105 116 119 121 136 153 154 197 
 212 270 276 325 327 332 366 410 419
 22
 29 42 67 69 125 126 128 167 188 191 214 251 
 268 296 307 313 339 351 376 430 467 474
 28
 44 70 94 98 121 138 181 215 221 229 247 248 
276 299 302 328 329 369 375 394 401 402 406 429 446 
 466 475 483
 21
 4 44 75 79 80 107 109 121 134 204 206 224 
 226 244 262 271 290 401 412 419 469
 24
 34 57 61 82 192 222 223 239 240 246 249 251 
 293 322 329 332 339 386 395 404 410 418 465 481
 31
 3 30 37 47 49 86 159 165 171 173 176 185 
205 218 222 285 305 310 311 317 318 326 338 349 350 
 369 397 416 432 476 479
 30
 11 14 24 54 59 63 101 112 128 131 152 154 
192 201 242 249 259 263 288 292 299 312 344 350 401 
 405 431 435 471 476
 20
 67 73 90 97 126 133 207 216 229 242 254 278 
 301 327 330 346 398 402 452 459
 25
 3 10 31 62 82 89 90 165 166 167 191 193 
222 283 312 357 385 390 396 399 424 442 455 477 481 
 30
 17 29 34 40 58 59 60 138 151 162 186 204 
205 211 271 278 282 285 287 303 338 392 428 439 454 
 455 456 461 462 467
 26
 7 12 17 58 62 73 77 98 185 202 203 215 
270 287 302 312 327 332 344 353 357 385 425 434 481 
 485
 29
 4 27 78 112 115 124 139 180 186 197 209 230 
234 244 248 249 250 255 262 319 361 384 401 403 413 
 435 442 470 486
 25
 21 32 45 66 76 78 92 99 105 120 124 130 
150 154 188 190 215 279 322 336 409 425 447 463 486 
 34
 9 34 43 47 102 134 141 157 181 195 200 201 
205 209 217 225 235 260 271 276 310 327 341 352 382 
 407 415 424 425 437 451 457 480 481
 20
 12 57 75 105 167 172 174 207 232 255 302 337 
 339 358 383 424 426 440 446 466
 28
 21 22 55 76 93 150 153 156 159 174 195 223 
229 266 281 289 297 302 312 333 343 351 361 369 379 
 406 467 482
 24
 2 39 97 112 139 164 175 190 198 219 226 334 
 337 345 352 379 392 395 403 423 424 425 429 460
 26
 21 33 34 37 44 49 81 83 89 95 101 131 
133 138 226 231 248 251 260 269 271 280 290 300 429 
 440
 20
 21 31 53 64 73 116 127 132 212 213 225 243 
 273 291 304 324 339 363 380 443
 24
 28 74 101 111 135 144 187 219 261 289 308 311 
 329 349 356 383 385 408 428 437 440 442 462 472
 18
 1 24 43 46 99 164 184 219 288 318 355 371 
 380 391 396 406 435 436
 31
 27 35 37 45 46 59 60 95 97 98 121 124 
162 164 188 212 214 222 244 312 356 388 391 406 408 
 434 443 447 460 472 486
 12
 64 101 140 197 206 277 362 389 423 456 459 468 
 26
 2 5 35 36 49 102 110 113 129 152 157 164 
224 225 263 280 297 302 323 336 365 411 447 456 463 
 486
 29
 3 20 25 38 56 99 127 142 159 169 175 197 
221 223 229 241 253 261 275 312 337 427 435 438 451 
 453 456 471 480
 32
 24 28 64 72 83 103 110 127 165 183 214 247 
254 269 297 304 309 320 330 334 354 376 378 411 416 
 418 431 452 453 459 460 467
 23
 9 12 30 35 51 61 89 90 93 129 134 201 
 229 231 276 289 358 396 412 432 454 473 484
 30
 17 34 38 65 74 80 92 99 106 118 147 150 
176 182 224 226 241 254 262 350 362 368 374 396 415 
 420 437 458 466 475
 22
 2 83 141 144 148 202 213 220 258 273 287 306 
 314 378 385 386 392 403 434 435 444 451
 26
 15 24 100 157 158 199 224 231 249 285 329 330 
346 353 354 365 377 390 403 406 460 466 475 480 482 
 484
 24
 2 32 41 79 96 118 140 170 204 208 218 230 
 260 267 286 299 350 378 399 422 430 438 452 482
 30
 9 87 143 167 189 207 209 246 248 276 282 310 
326 329 330 339 366 373 376 389 394 414 417 446 448 
 453 455 468 469 475
 28
 14 32 39 60 64 67 151 176 183 193 250 261 
270 274 281 283 301 325 331 352 368 375 393 404 407 
 466 468 482
 17
 4 42 107 126 178 185 192 205 259 261 280 323 
 373 376 425 471 487
 24
 8 58 76 97 113 121 130 135 154 235 238 258 
 306 321 323 327 360 402 409 432 434 450 468 481
 20
 8 48 49 63 65 110 129 214 253 269 286 297 
 319 340 342 350 366 428 463 465
 32
 12 17 23 35 42 45 88 91 114 126 130 149 
179 187 199 213 214 218 270 273 320 327 344 360 403 
 415 439 441 453 459 477 487
 22
 19 68 70 116 147 188 224 238 271 278 286 290 
 316 322 330 342 354 399 437 455 456 486
 31
 13 23 62 74 88 91 92 93 100 104 117 146 
157 171 178 221 246 263 275 294 296 306 308 333 335 
 341 346 366 375 396 464
 32
 5 39 40 91 162 166 174 211 212 255 292 295 
302 308 314 317 356 361 375 376 377 385 391 410 413 
 417 421 426 452 464 471 487
 30
 6 13 50 72 96 132 149 168 170 179 199 203 
218 245 253 265 274 289 307 308 327 330 369 372 373 
 376 408 416 442 457
 31
 9 34 46 97 125 133 145 150 175 233 236 246 
269 282 285 288 296 314 328 332 345 349 357 363 405 
 422 425 431 433 436 474
 20
 36 75 123 148 175 177 204 215 247 257 260 302 
 335 385 408 424 452 463 464 468
 28
 7 46 48 64 67 104 127 175 186 189 192 201 
219 231 249 252 296 319 325 335 360 393 432 446 467 
 481 487 488
 30
 9 11 27 30 36 48 66 82 93 95 96 159 
188 192 237 240 247 261 270 277 281 356 367 373 392 
 409 429 457 463 486
 27
 15 22 53 60 108 129 190 213 219 229 243 295 
303 312 313 323 327 353 357 386 424 428 447 463 465 
 477 486
 17
 7 8 56 87 91 114 168 190 193 217 220 222 
 304 326 328 409 444
 24
 33 35 47 71 74 101 124 193 200 234 245 250 
 257 316 340 350 358 364 401 414 415 430 431 447
 33
 10 19 33 41 42 59 66 87 90 92 121 129 
150 177 188 226 227 233 246 249 284 289 300 335 340 
 351 358 404 405 408 411 425 445
 21
 34 35 87 89 93 103 151 190 226 271 273 316 
 321 362 374 402 439 447 451 466 482
 19
 9 59 63 108 128 130 140 165 187 268 284 350 
 354 381 391 413 417 426 445
 31
 1 17 19 25 45 70 100 103 106 117 133 185 
188 200 218 227 251 261 277 286 287 295 304 365 374 
 389 411 414 415 433 466
 38
 20 29 59 60 64 112 113 122 140 143 163 176 
185 188 189 193 197 205 217 251 252 279 284 309 316 
327 353 356 373 377 390 391 401 405 412 420 436 469 
 21
 4 5 65 80 84 121 153 195 200 214 227 240 
 249 275 308 321 364 374 383 454 486
 30
 31 85 113 124 125 130 137 148 158 168 191 228 
231 270 277 286 326 328 340 348 391 396 444 446 451 
 458 468 472 475 480
 20
 5 16 61 81 98 104 151 170 185 187 188 234 
 269 277 291 309 333 373 386 480
 18
 22 61 71 111 135 145 196 205 233 256 285 340 
 351 358 449 453 456 478
 32
 47 70 87 89 111 121 123 187 194 200 219 270 
280 281 285 293 306 308 318 331 335 341 349 355 364 
 373 374 407 444 465 467 488
 26
 22 35 50 55 88 104 122 132 134 146 170 179 
191 210 271 284 327 347 416 424 426 437 446 463 465 
 474
 23
 8 9 26 29 60 67 79 98 115 118 132 198 
 250 251 290 305 402 422 456 459 472 474 482
 24
 37 78 88 98 121 125 150 178 189 199 232 252 
 273 299 331 348 371 430 440 448 458 461 473 478
 25
 16 78 95 121 123 132 142 274 292 303 326 351 
352 355 360 377 382 388 394 411 417 432 454 469 481 
 24
 8 13 24 34 53 58 106 184 192 215 232 269 
 283 312 345 351 381 384 394 402 445 469 477 486
 21
 10 43 95 97 125 127 149 170 183 186 206 218 
 241 252 325 390 406 431 440 450 459
 26
 3 14 20 41 49 63 139 145 208 212 216 233 
260 304 341 373 382 389 397 400 403 408 410 424 440 
 488
 20
 18 24 41 85 118 169 198 200 208 250 271 293 
 309 319 376 405 414 420 429 471
 28
 13 63 69 94 102 127 128 138 150 164 165 179 
196 199 222 274 290 303 318 326 346 360 370 374 384 
 402 416 428
 33
 7 51 79 92 99 104 108 139 141 143 156 159 
190 205 236 251 260 268 270 272 277 287 294 298 305 
 355 365 371 387 402 455 463 481
 25
 2 33 45 76 85 88 111 112 114 155 159 178 
188 203 215 221 224 228 301 312 388 390 410 428 487 
 18
 15 53 103 116 171 172 208 231 247 249 281 321 
 335 342 360 374 410 457
 29
 1 2 9 21 33 53 80 84 87 98 109 115 
137 141 154 165 175 196 249 258 268 280 285 305 326 
 341 359 414 468
 18
 18 36 61 64 160 189 201 264 298 312 351 379 
 395 398 428 449 456 460
 34
 22 41 43 51 81 88 100 108 111 124 125 152 
215 222 245 253 254 266 276 293 306 326 334 366 374 
 382 383 400 402 425 426 428 478 486
 21
 10 59 61 82 88 106 117 124 129 133 150 200 
 225 268 285 300 412 426 448 457 467
 21
 3 11 38 78 80 101 110 128 130 137 148 213 
 252 253 259 282 310 327 392 437 438
 29
 1 4 5 52 65 86 102 112 117 121 128 129 
150 151 171 189 226 269 298 309 354 362 374 404 420 
 458 463 465 476
 23
 6 12 18 33 89 116 132 225 228 237 246 252 
 287 307 312 329 352 360 388 397 436 454 464
 30
 1 17 22 65 73 89 96 99 134 177 191 193 
235 251 277 311 313 335 350 351 393 396 407 427 428 
 434 441 446 450 476
 17
 39 49 70 140 158 185 245 246 291 318 319 413 
 415 429 452 454 478
 22
 90 94 110 126 153 181 190 215 246 283 302 359 
 379 382 404 444 447 461 462 479 485 486
 32
 5 15 36 48 50 91 95 105 116 149 156 157 
171 197 198 204 208 216 239 244 259 263 293 340 344 
 397 401 413 439 466 484 486
 22
 29 54 62 71 100 102 110 156 186 215 254 269 
 307 326 332 350 356 407 424 454 457 488
 22
 10 83 91 107 109 119 194 240 252 254 301 342 
 346 350 362 381 390 394 415 427 439 452
 30
 3 6 15 16 35 40 52 57 64 71 107 143 
145 153 205 247 302 316 318 368 374 375 381 383 408 
 410 437 451 464 478
 19
 45 58 60 63 66 94 99 140 149 195 256 270 
 324 358 361 368 430 456 473
 30
 20 91 96 97 101 121 135 136 161 172 190 192 
194 207 218 263 286 306 310 322 371 373 380 392 404 
 426 440 446 467 474
 19
 23 40 47 54 96 143 194 236 246 289 364 377 
 379 408 456 460 471 476 488
 33
 8 46 51 69 92 95 100 110 117 155 156 208 
223 247 256 278 298 304 328 348 354 358 359 369 376 
 395 402 403 428 433 445 464 470
 34
 25 28 37 93 105 132 139 159 178 179 182 189 
249 257 260 267 269 272 286 310 321 341 350 365 386 
 416 431 435 452 455 466 477 479 483
 21
 19 92 99 124 136 148 184 186 233 272 280 288 
 311 318 320 377 382 409 416 419 425
 33
 13 18 91 98 106 144 169 171 179 229 232 237 
241 267 269 273 283 288 303 311 350 363 368 369 384 
 403 425 447 454 463 477 482 487
 17
 3 8 11 48 76 112 191 257 269 294 332 355 
 392 427 433 434 445
 24
 6 13 38 44 95 136 185 186 227 229 237 258 
 270 272 300 307 381 384 398 414 443 463 480 488
 24
 1 24 32 73 93 100 127 154 157 158 188 190 
 192 214 220 224 231 254 280 287 352 378 464 468
 26
 63 69 133 161 163 216 223 324 350 358 373 378 
382 407 409 415 427 450 453 457 461 472 473 475 487 
 488
 19
 12 23 35 87 94 101 123 124 146 153 171 217 
 238 258 267 278 284 308 392
 31
 26 38 57 75 96 104 126 132 167 177 202 228 
240 255 270 303 304 374 377 379 386 389 414 431 435 
 436 441 455 465 468 478
 20
 8 13 90 98 101 122 134 150 224 241 259 271 
 285 323 328 342 350 370 450 471
 28
 45 54 59 61 62 183 193 215 216 220 250 258 
263 271 274 279 307 315 319 321 382 386 400 401 413 
 464 474 485
 22
 17 29 34 100 157 158 181 186 187 190 244 253 
 283 292 299 308 397 401 440 450 456 464
 34
 3 22 27 43 92 93 94 101 137 153 159 212 
213 254 263 265 279 286 294 315 328 353 355 359 373 
 383 402 420 430 438 444 452 470 482
 30
 57 88 97 113 180 185 188 189 191 209 219 283 
295 300 304 327 377 387 388 392 400 422 426 436 449 
 464 469 476 480 486
 27
 14 60 69 71 81 89 109 148 154 162 164 167 
195 210 239 262 313 315 317 325 327 380 399 421 432 
 453 484
 25
 4 14 23 58 65 88 165 201 216 260 269 288 
305 327 343 359 392 397 410 414 431 445 462 474 483 
 24
 6 11 14 16 17 37 49 66 89 91 127 185 
 231 261 270 314 343 352 387 391 415 433 438 460
 24
 25 36 40 61 82 87 129 138 153 187 189 221 
 267 269 274 310 316 332 368 381 382 429 473 487
 24
 15 41 62 65 91 101 114 115 139 198 214 218 
 222 257 269 288 302 306 310 334 370 403 408 460
 25
 7 31 83 108 121 137 148 163 175 176 228 247 
249 256 257 293 335 346 351 352 362 388 414 436 444 
 33
 5 9 15 28 68 72 81 141 151 167 205 217 
218 250 256 271 275 277 291 328 332 351 373 387 389 
 402 410 444 452 461 464 466 481
 35
 17 33 42 47 55 68 72 76 95 118 119 122 
133 146 154 201 228 234 248 269 305 308 328 348 351 
 380 412 432 446 455 462 471 475 483 487
 20
 35 42 66 135 150 158 167 173 238 246 250 322 
 350 370 383 387 411 447 477 486
 35
 5 37 48 58 62 90 98 99 123 126 141 148 
191 210 213 227 304 320 323 330 336 351 353 361 375 
 379 384 390 405 414 426 442 453 474 477
 23
 40 57 61 90 133 142 187 205 207 223 226 247 
 309 312 343 346 363 367 382 413 465 472 487
 21
 2 5 18 72 123 149 188 194 219 224 230 234 
 240 271 310 329 335 340 355 401 432
 19
 12 27 50 63 152 214 289 316 324 325 334 385 
 388 400 417 424 448 465 481
 25
 10 20 42 77 86 94 123 142 212 217 266 275 
298 328 341 367 369 380 401 423 429 433 474 485 487 
 28
 19 53 70 89 100 114 130 134 135 136 150 166 
176 189 238 247 272 278 309 341 351 357 377 386 412 
 423 474 482
 28
 43 58 65 89 98 100 155 158 187 195 197 221 
243 245 262 264 268 273 277 279 319 360 394 407 431 
 450 453 485
 23
 42 62 121 133 148 161 215 226 265 272 286 307 
 318 320 369 395 408 410 424 427 441 442 449
 15
 46 104 236 288 291 293 315 330 354 393 432 433 
 450 478 481
 22
 33 53 60 66 68 90 108 166 196 224 303 321 
 325 331 361 378 385 416 429 455 461 464
 17
 6 31 34 124 159 160 173 185 220 251 257 272 
 283 329 413 474 487
 21
 1 8 35 36 38 58 90 110 115 121 146 164 
 181 215 249 252 308 352 377 412 421
 29
 13 44 60 94 110 112 181 210 220 223 241 245 
252 265 272 274 277 324 326 328 332 333 358 378 388 
 418 435 438 441
 24
 7 61 154 168 185 186 189 245 246 247 255 301 
 303 305 308 321 351 354 360 401 419 426 428 470
 33
 44 75 87 96 105 125 155 158 160 162 217 220 
224 253 257 275 290 291 295 296 300 324 334 377 399 
 404 421 445 461 471 485 487 488
 24
 11 15 30 38 42 89 92 99 129 166 223 272 
 290 297 316 317 347 350 358 370 396 442 473 482
 23
 4 10 16 35 40 93 123 151 152 153 170 171 
 235 259 262 269 273 277 282 357 420 421 464
 26
 1 2 40 45 60 77 124 130 176 186 214 221 
224 269 299 305 310 321 368 373 387 430 434 458 465 
 476
 21
 32 64 85 88 125 137 236 268 271 303 305 314 
 333 335 388 411 419 432 441 451 459
 31
 37 41 57 61 93 108 109 134 161 166 184 220 
222 228 249 251 301 305 337 338 344 356 363 368 377 
 383 390 403 416 486 487
 28
 74 97 106 109 123 131 152 165 218 228 250 271 
278 307 312 336 337 350 353 366 371 375 413 417 422 
 431 476 487
 22
 16 45 89 107 148 149 161 186 282 288 336 375 
 382 393 414 417 464 466 471 473 474 479
 28
 10 44 68 92 93 108 138 140 151 160 169 191 
217 280 315 329 365 378 386 401 405 406 407 422 435 
 448 457 463
 28
 10 14 24 32 39 48 66 75 163 174 176 191 
221 238 243 258 283 308 352 408 420 422 428 433 451 
 463 487 488
 27
 8 38 39 44 91 100 120 143 148 191 200 209 
240 247 250 285 287 338 350 355 377 408 431 448 451 
 464 487
 27
 87 126 151 153 215 234 242 251 265 276 287 291 
306 361 372 383 406 409 413 417 426 438 442 465 467 
 485 486
 28
 4 5 53 57 74 76 121 145 171 173 203 207 
221 231 239 259 277 311 314 328 331 346 348 376 395 
 445 449 464
 31
 12 14 26 28 35 39 81 125 191 194 221 229 
232 236 237 249 254 263 287 291 292 364 374 379 393 
 400 405 406 445 469 486
 31
 12 40 44 46 48 71 88 118 124 151 154 189 
208 218 230 248 275 277 284 290 292 302 303 308 353 
 354 374 401 468 474 483
 33
 8 19 45 71 82 94 122 149 155 178 186 208 
227 233 235 248 251 253 299 305 320 321 345 347 379 
 402 405 418 431 434 436 437 449
 16
 2 5 15 33 42 55 103 124 239 263 270 328 
 367 385 402 461
 28
 3 12 47 54 59 66 88 106 133 203 217 222 
230 264 288 298 317 318 344 355 388 394 406 417 441 
 463 479 485
 30
 40 64 67 77 102 113 145 177 220 225 234 245 
246 266 286 306 310 315 349 355 357 379 391 394 429 
 434 443 458 470 473
 24
 6 54 103 121 194 197 217 226 234 237 248 264 
 314 320 337 363 397 405 447 455 464 467 474 475
 27
 8 23 25 61 62 67 98 134 142 148 149 222 
225 254 255 273 279 290 303 307 313 327 358 362 392 
 395 398
 35
 91 93 94 95 101 115 140 151 190 246 265 281 
293 306 311 316 320 341 352 363 380 386 399 419 421 
 427 432 444 458 460 466 474 480 483 484
 28
 19 20 51 53 68 70 87 96 110 128 142 151 
186 192 196 225 297 314 315 319 341 365 378 410 420 
 426 451 469
 28
 18 34 48 57 87 147 148 165 216 265 279 290 
294 326 328 379 412 419 430 436 440 445 454 465 467 
 475 478 486
 28
 30 38 99 100 111 118 150 165 172 185 189 193 
237 243 280 314 333 373 383 384 401 436 438 442 454 
 476 479 485
 25
 51 66 89 108 133 157 165 196 209 217 294 348 
351 373 380 388 415 434 441 446 458 461 466 481 488 
 26
 136 142 166 173 174 188 212 232 250 267 294 298 
309 331 334 338 345 395 397 443 455 460 476 477 480 
 488
 29
 3 57 60 69 75 88 103 112 122 195 219 242 
256 260 266 273 275 276 316 326 330 353 394 408 412 
 413 457 460 474
 28
 10 18 36 40 52 58 73 99 149 199 216 239 
242 256 259 271 315 326 336 359 373 424 436 451 462 
 467 477 478
 21
 16 65 80 96 107 132 160 168 184 212 214 230 
 233 234 250 262 282 313 349 381 479
 19
 37 60 71 85 98 120 138 150 162 178 200 218 
 228 274 279 291 292 333 337
 19
 4 13 36 70 103 111 124 133 194 199 202 218 
 219 221 304 356 358 375 461
 29
 105 132 170 192 259 265 275 310 317 326 338 374 
388 396 398 400 404 408 419 428 437 448 449 457 462 
 463 474 479 488
 19
 10 19 45 137 167 174 177 186 187 189 194 216 
 227 407 412 454 458 467 487
 12
 11 56 58 108 249 297 298 330 360 401 441 465 
 21
 60 70 85 123 138 144 174 276 315 342 350 372 
 375 387 396 399 411 412 469 470 485
 19
 16 52 76 89 181 193 206 233 301 306 311 352 
 359 379 397 404 419 424 472
 27
 11 62 73 79 93 110 189 208 209 223 230 238 
247 254 281 282 302 315 327 329 339 382 385 461 462 
 472 485
 30
 6 14 60 64 75 88 89 97 99 143 154 166 
168 171 200 206 262 340 345 347 370 391 397 409 422 
 449 468 469 484 485
 34
 66 95 111 128 130 133 144 189 214 228 235 249 
270 276 280 303 323 353 356 363 365 384 394 403 407 
 418 427 435 441 451 462 464 468 480
 34
 45 52 66 70 74 90 92 98 100 114 119 123 
127 156 201 213 222 247 264 305 309 319 362 380 387 
 414 416 427 429 433 444 453 458 466
 26
 2 7 98 122 180 185 197 203 204 211 263 276 
281 303 329 334 335 354 380 393 410 431 444 453 463 
 472
 33
 15 25 51 55 69 71 123 139 147 154 172 211 
223 240 255 258 277 305 313 337 350 353 365 366 384 
 390 393 425 427 434 451 455 485
 24
 17 50 51 73 111 117 122 135 169 172 173 190 
 193 196 199 217 286 307 343 356 371 380 450 459
 22
 10 41 116 120 123 169 172 175 188 212 215 260 
 280 292 293 366 367 375 387 401 407 459
 29
 1 27 46 57 82 84 88 102 104 123 127 172 
180 192 193 199 202 266 299 339 347 373 379 393 414 
 439 454 481 487
 17
 2 7 37 125 128 172 191 214 293 332 378 380 
 381 402 442 459 468
 14
 37 43 49 52 91 130 152 182 243 257 427 468 
 472 484
 24
 4 9 10 32 63 67 77 102 126 131 148 195 
 279 295 306 347 378 384 409 424 426 437 443 450
 20
 23 39 72 87 97 136 153 210 259 267 287 322 
 361 374 405 415 417 450 464 485
 23
 20 57 59 69 70 124 129 177 212 279 285 309 
 316 324 341 390 401 406 413 423 429 459 467
 29
 34 38 43 57 58 60 131 146 157 179 184 212 
252 261 269 275 304 310 317 322 325 327 338 348 349 
 351 353 371 425
 30
 1 5 8 13 27 36 38 66 97 121 129 135 
136 144 146 175 188 198 221 237 275 305 331 343 360 
 364 382 389 404 407
 19
 40 61 91 132 157 225 308 373 377 378 385 419 
 426 437 442 452 454 472 488
 24
 16 20 35 42 45 67 71 90 133 134 158 160 
 177 210 225 246 248 272 275 307 320 331 387 470
 24
 30 57 58 87 88 91 96 126 141 164 176 226 
 290 302 309 328 372 374 424 456 462 478 481 485
 26
 5 8 41 49 74 75 115 122 155 180 256 262 
281 289 306 318 372 378 405 418 439 451 454 457 477 
 479
 17
 6 11 39 49 58 67 71 78 148 163 195 266 
 294 356 363 390 421
 32
 2 33 68 116 117 124 125 127 132 139 144 163 
179 185 214 221 284 325 359 380 382 383 390 404 424 
 437 438 448 462 469 481 487
 19
 22 24 28 33 50 68 129 149 172 220 296 304 
 317 343 369 389 463 467 483
 21
 6 16 34 59 137 175 206 255 320 333 358 364 
 387 389 404 408 433 438 439 442 464
 19
 6 15 57 66 103 117 159 167 211 251 263 302 
 311 314 350 367 395 420 430
 23
 1 79 109 131 148 150 162 170 182 217 223 233 
 253 254 304 330 353 368 386 391 424 435 459
 20
 11 19 69 72 83 90 114 127 150 190 207 210 
 226 304 311 345 372 404 434 487
 29
 1 14 34 54 69 92 93 101 122 123 155 197 
198 201 204 205 207 237 252 279 281 296 333 334 375 
 380 470 476 488
