 300 498
 1 1 1 1 1 1 1 1 1 1 1 1 
 1 1 1 1 1 1 1 1 2 2 2 2 
 2 2 2 2 2 2 2 2 2 2 2 2 
 2 2 2 2 2 2 2 2 2 2 2 2 
 2 2 3 3 3 3 3 3 3 3 3 3 
 3 3 3 3 3 3 3 3 3 3 3 3 
 3 3 3 3 3 3 3 3 3 3 3 3 
 3 3 3 3 3 3 3 3 3 3 3 4 
 4 4 4 4 4 4 4 4 4 4 4 4 
 4 4 4 4 4 4 4 5 5 5 5 5 
 5 5 5 5 5 5 5 5 5 5 5 5 
 5 5 5 5 5 5 5 5 5 6 6 6 
 6 6 6 6 6 6 6 6 6 6 6 6 
 6 6 6 6 6 6 6 6 7 7 7 7 
 7 7 7 7 7 7 7 7 7 7 7 7 
 7 7 7 7 7 7 7 7 7 7 7 7 
 8 8 8 8 8 8 8 8 8 8 8 8 
 8 8 8 8 8 8 8 8 8 8 8 8 
 8 8 8 8 8 8 9 9 9 9 9 9 
 9 9 9 9 9 9 9 9 9 9 9 9 
 9 9 9 9 9 9 9 9 9 9 9 10 
 10 10 10 10 10 10 10 10 10 10 10 10 
 10 10 10 10 10 10 10 10 10 10 10 10 
 10 10 10 10 10 10 10 10 10 10 10 10 
 11 11 11 11 11 11 11 11 11 11 11 11 
 11 11 11 11 11 11 11 11 11 11 11 12 
 12 12 12 12 12 12 12 12 12 12 12 12 
 12 12 12 12 12 12 12 12 12 12 13 13 
 13 13 13 13 13 13 13 13 13 13 13 13 
 13 13 13 13 13 13 14 14 14 14 14 14 
 14 14 14 14 14 14 14 14 14 14 14 14 
 14 14 14 15 15 15 15 15 15 15 15 15 
 15 15 15 15 15 15 15 15 15 15 15 15 
 15 15 15 16 16 16 16 16 16 16 16 16 
 16 16 16 17 17 17 17 17 17 17 17 17 
 17 17 17 17 17 17 17 17 17 18 18 18 
 18 18 18 18 18 18 18 18 18 19 19 19 
 19 19 19 19 19 19 19 19 19 19 19 19 
 19 19 19 20 20 20 20 20 20 20 20 20 
 20 21 21 21 21 21 21 22 22 22 22 23 
 23 23 23 23 24 24 24 24 25 25 25 25 
 26 26 26 27 29 29 
 34
 27 39 44 108 166 181 196 197 199 213 218 225 
232 236 239 240 245 248 253 261 272 278 306 313 315 
 379 387 436 437 467 468 477 488 490
 26
 1 27 32 51 54 63 130 140 143 155 161 162 
195 204 251 316 364 403 426 432 443 444 451 460 462 
 476
 29
 1 8 21 22 27 47 49 59 72 75 76 77 
79 127 149 183 217 226 232 244 299 314 331 347 380 
 426 477 485 498
 26
 4 11 37 77 82 131 145 161 166 201 207 221 
235 256 263 324 329 347 370 386 393 394 409 413 432 
 439
 23
 8 32 33 49 57 75 90 92 126 132 136 150 
 196 206 265 281 292 316 346 394 448 482 497
 26
 13 51 100 115 116 129 170 171 238 265 269 310 
333 335 351 358 360 409 421 423 438 446 447 461 480 
 496
 38
 17 26 65 66 83 107 118 133 154 155 170 177 
179 180 183 194 196 203 226 252 266 289 292 299 311 
336 361 383 402 418 426 446 449 454 470 471 484 496 
 29
 2 31 35 97 106 110 154 170 176 183 227 236 
263 287 311 312 337 343 363 372 391 394 400 407 443 
 448 453 459 480
 24
 21 56 100 101 121 125 141 208 212 214 221 223 
 240 255 260 313 315 362 371 408 412 422 465 483
 26
 28 37 38 112 113 130 147 174 179 227 232 243 
254 292 293 338 348 372 394 405 407 413 426 454 481 
 494
 25
 21 109 156 184 213 223 224 231 275 312 328 335 
344 371 385 391 414 415 420 438 443 450 460 463 484 
 23
 24 60 64 70 121 156 182 190 191 215 219 223 
 237 299 308 314 339 356 368 379 460 468 493
 28
 61 79 84 88 101 143 166 173 175 307 317 322 
337 341 348 355 357 389 399 415 422 426 440 464 465 
 466 473 495
 28
 1 20 44 57 67 99 111 126 151 152 161 264 
270 271 277 286 289 290 336 341 358 384 400 403 420 
 430 484 493
 30
 23 25 31 52 74 119 123 134 171 176 188 201 
205 243 251 255 285 305 307 332 343 357 359 391 423 
 430 451 460 486 490
 29
 28 52 58 62 77 83 88 94 115 174 185 195 
206 229 232 309 328 332 352 367 390 395 406 412 421 
 438 463 482 498
 29
 2 30 36 38 73 101 102 104 106 110 118 126 
140 172 175 195 200 254 256 264 292 301 341 386 435 
 449 461 495 498
 26
 6 13 37 86 108 130 143 144 148 165 168 176 
231 258 273 290 299 306 319 356 358 366 376 395 436 
 498
 30
 3 6 17 28 40 42 87 97 106 114 144 168 
170 172 185 224 289 310 312 316 362 366 385 412 419 
 422 423 483 495 497
 27
 14 40 69 82 113 121 135 201 217 220 242 253 
281 304 313 319 323 329 340 357 368 369 448 460 462 
 486 496
 28
 5 8 18 57 60 64 105 107 138 146 153 167 
178 199 207 220 221 239 253 255 259 291 293 312 360 
 399 424 474
 39
 6 9 29 52 54 62 69 88 92 133 143 157 
161 216 237 248 263 275 290 294 295 304 305 325 327 
333 356 370 371 400 412 432 444 461 478 480 488 493 
 495
 19
 15 61 62 97 166 182 221 254 269 282 309 331 
 369 385 426 433 439 461 478
 28
 16 35 42 88 93 96 131 153 163 178 197 259 
260 269 270 279 295 328 337 374 385 392 402 411 413 
 420 452 493
 23
 4 43 65 80 103 104 154 201 206 242 284 291 
 300 339 345 432 436 440 452 461 467 475 481
 32
 10 32 60 72 83 85 89 90 99 143 145 151 
152 153 156 187 200 204 205 222 229 231 251 339 348 
 356 370 377 378 379 397 489
 25
 9 38 68 99 140 153 158 169 185 208 228 233 
315 327 330 347 361 364 401 426 428 434 455 475 498 
 19
 12 43 71 139 203 205 212 225 276 303 345 382 
 415 425 439 441 475 478 489
 16
 9 122 134 155 157 199 261 284 345 408 417 424 
 429 434 476 483
 30
 7 38 45 52 70 81 96 102 104 135 142 146 
151 155 165 176 204 206 223 224 253 273 284 293 315 
 338 341 424 425 456
 15
 2 44 52 88 96 101 105 169 205 234 308 313 
 365 467 487
 30
 19 59 60 82 84 98 103 105 116 142 149 152 
216 218 230 246 263 284 285 314 327 359 378 385 410 
 437 446 469 471 478
 29
 2 29 55 61 72 76 99 125 126 129 150 199 
233 270 272 300 313 328 335 337 350 380 446 449 469 
 470 480 485 490
 26
 3 23 44 51 70 134 139 169 189 222 233 238 
246 264 338 344 367 377 383 401 406 447 454 482 485 
 489
 24
 13 14 22 50 54 89 97 111 133 142 159 173 
 195 197 200 230 237 305 328 371 433 468 481 488
 25
 15 37 85 143 144 150 183 190 199 207 210 212 
241 244 259 277 311 314 339 367 368 430 431 478 493 
 24
 4 21 23 26 34 35 103 109 222 248 252 276 
 316 346 347 364 366 381 393 436 447 472 478 480
 20
 3 51 83 100 120 134 198 263 280 302 314 357 
 358 406 415 419 421 435 437 445
 21
 17 34 98 103 138 181 191 196 234 241 268 298 
 299 329 336 370 391 396 430 447 482
 24
 29 66 92 102 133 202 249 254 296 304 309 355 
 371 400 406 415 426 442 450 453 454 469 475 485
 28
 23 24 58 60 76 96 98 123 138 154 165 169 
174 258 277 301 340 362 386 390 392 404 432 443 457 
 464 471 491
 28
 1 5 8 13 25 37 56 71 75 87 98 108 
121 147 215 232 262 289 290 307 343 378 410 442 454 
 473 475 490
 26
 4 11 59 64 92 98 102 115 117 168 178 206 
218 223 225 239 255 333 351 381 410 412 418 463 483 
 495
 18
 6 23 30 109 117 152 160 171 183 230 246 338 
 350 377 396 430 466 496
 33
 12 23 40 58 61 71 97 132 142 144 146 147 
193 194 232 239 250 265 274 302 303 336 338 347 362 
 364 383 412 418 423 449 466 485
 23
 22 23 38 75 91 124 184 186 208 244 293 314 
 351 356 379 388 395 396 399 406 458 474 477
 37
 11 20 82 84 89 90 98 127 132 172 193 194 
197 198 207 209 212 235 245 262 263 271 335 355 359 
 363 380 381 382 394 402 416 421 443 466 489 493
 33
 8 11 14 21 24 31 101 108 116 148 154 194 
256 269 273 306 315 369 382 385 393 398 403 409 425 
 443 445 454 459 462 465 482 490
 27
 20 34 46 127 137 162 189 196 228 265 267 268 
274 302 310 326 336 350 382 405 406 412 420 442 454 
 471 489
 31
 6 15 31 43 49 65 79 84 113 133 143 155 
206 227 229 247 259 300 318 324 355 358 377 393 394 
 414 422 428 451 476 494
 19
 10 45 86 112 149 182 252 257 283 299 300 312 
 344 353 370 385 416 461 482
 27
 9 22 23 25 94 114 155 160 169 174 209 233 
296 300 305 307 319 342 345 357 394 404 416 418 457 
 466 495
 26
 1 32 111 113 119 133 135 149 160 167 175 196 
197 204 270 293 307 322 344 349 362 365 392 425 436 
 442
 23
 25 29 48 120 131 158 165 211 230 291 328 330 
 345 347 376 398 407 410 412 419 458 461 484
 21
 4 11 15 38 66 70 114 117 194 202 250 267 
 291 301 325 341 346 401 414 472 481
 25
 53 64 88 110 142 145 161 177 205 212 253 294 
301 323 326 340 353 388 430 433 453 460 466 473 487 
 36
 1 32 40 54 68 69 80 91 118 124 145 147 
167 176 181 195 202 207 223 230 259 283 293 318 334 
 339 355 357 373 397 413 416 433 451 464 488
 20
 22 51 64 108 142 143 197 200 202 238 258 291 
 339 356 364 388 431 463 480 481
 19
 27 48 61 71 133 171 176 211 234 239 243 264 
 303 372 373 430 455 462 473
 30
 30 34 39 41 77 122 124 125 144 146 184 198 
210 229 235 238 289 293 294 334 336 348 365 366 396 
 398 401 431 437 453
 42
 10 37 81 84 86 99 112 129 130 165 169 176 
201 218 226 234 249 277 287 289 290 293 296 301 313 
325 342 348 360 373 388 412 419 425 435 442 445 451 
 460 468 476 484
 22
 6 80 102 116 121 183 190 192 223 260 294 295 
 322 334 338 357 380 382 431 439 484 491
 27
 22 24 46 55 56 107 109 140 180 218 227 236 
239 252 253 267 280 292 321 362 365 396 414 472 473 
 480 483
 26
 27 35 51 63 65 81 116 128 173 187 209 224 
258 268 289 293 303 323 361 365 377 402 441 442 493 
 496
 17
 19 64 131 173 177 203 225 247 290 318 358 375 
 413 433 458 481 485
 28
 35 70 72 96 161 184 200 202 203 223 257 294 
297 303 345 358 362 378 381 382 389 392 416 417 431 
 442 472 479
 28
 5 6 29 34 55 68 69 73 131 142 162 163 
193 209 226 228 237 245 268 274 292 320 356 373 412 
 441 461 494
 22
 4 12 64 91 117 130 133 141 165 174 191 217 
 224 228 241 340 348 379 384 463 478 494
 18
 13 83 151 193 220 223 224 227 259 262 296 302 
 331 342 364 391 424 429
 24
 4 53 54 65 73 74 112 128 204 220 223 228 
 257 376 413 417 418 432 444 445 450 456 491 495
 24
 8 28 76 90 102 117 127 134 143 158 168 210 
 261 307 312 331 377 386 404 408 413 448 450 463
 20
 2 17 32 55 105 118 157 204 206 227 233 265 
 268 308 319 336 342 404 435 488
 26
 8 24 29 47 73 86 101 123 126 129 152 171 
181 242 247 298 315 318 352 370 401 442 444 461 465 
 487
 21
 1 8 41 67 102 134 136 180 181 241 272 294 
 298 340 356 389 404 451 453 454 490
 28
 14 15 23 31 49 127 171 179 213 216 231 233 
243 259 264 274 284 302 341 376 379 404 418 421 431 
 448 463 493
 34
 5 99 114 159 191 199 207 209 211 242 248 249 
270 279 290 291 324 348 362 363 365 366 370 372 384 
 387 417 429 437 458 463 477 486 495
 27
 40 45 63 103 145 146 178 180 193 201 203 250 
262 266 270 293 310 312 314 321 335 390 435 438 456 
 465 489
 20
 9 44 65 102 107 112 120 158 208 238 271 282 
 298 344 357 392 416 418 431 465
 31
 31 46 68 87 103 122 133 145 153 158 190 192 
202 217 219 224 236 248 255 264 300 357 358 372 378 
 384 427 453 471 473 474
 17
 21 55 66 93 104 136 149 169 173 278 296 305 
 354 413 440 452 481
 29
 2 29 82 85 131 157 159 181 187 193 198 203 
211 227 253 285 312 326 341 350 367 371 374 381 389 
 431 439 444 463
 23
 53 64 110 118 173 175 176 193 210 229 230 235 
 253 259 294 327 358 372 397 446 458 468 471
 24
 16 21 34 36 49 98 119 126 150 190 205 220 
 236 239 243 246 252 342 343 347 350 400 412 436
 30
 10 12 17 25 31 52 59 78 83 116 121 122 
164 183 201 216 223 230 235 243 258 259 271 296 339 
 377 431 464 487 498
 23
 15 35 39 97 136 137 145 200 208 228 321 327 
 342 349 355 366 405 415 418 432 456 471 476
 29
 3 33 49 67 73 89 90 122 131 144 183 185 
196 199 200 237 283 292 301 333 348 365 407 413 416 
 424 430 457 470
 17
 72 152 154 184 234 280 289 326 355 361 462 466 
 471 475 482 486 498
 23
 28 29 36 55 64 195 213 232 246 260 275 291 
 312 355 385 386 427 444 452 464 472 491 497
 29
 5 8 50 51 65 116 120 149 160 162 194 204 
208 221 263 265 271 279 298 299 313 317 343 352 359 
 389 423 460 462
 24
 19 51 70 72 74 101 130 172 177 188 198 216 
 246 279 312 319 367 377 405 422 425 430 461 488
 20
 30 118 194 214 215 219 222 297 322 342 367 390 
 421 430 435 450 470 473 482 489
 32
 3 5 40 57 61 63 69 85 120 126 128 137 
142 148 164 166 169 177 215 247 249 260 290 344 385 
 388 431 439 443 465 471 480
 18
 8 62 69 85 113 146 165 167 168 171 199 213 
 234 265 295 362 375 433
 30
 56 62 73 129 194 196 205 206 223 225 240 282 
288 291 297 307 309 336 359 381 396 399 400 429 434 
 436 442 446 464 494
 21
 7 14 24 26 45 65 106 132 148 161 188 196 
 249 297 324 355 408 445 452 488 490
 36
 5 28 35 65 67 80 81 88 100 117 155 159 
179 198 204 207 235 246 266 279 298 337 344 375 395 
 401 408 414 420 427 433 440 454 463 484 496
 30
 3 48 63 67 69 73 78 125 139 151 197 221 
228 242 262 270 274 296 311 353 357 370 377 387 396 
 400 430 437 466 482
 28
 2 4 8 35 57 59 71 78 87 107 113 124 
199 207 240 252 253 261 318 319 378 383 387 404 444 
 445 466 471
 29
 2 10 14 32 45 57 81 127 136 194 210 224 
271 272 274 276 328 331 349 364 376 377 386 420 428 
 430 448 483 493
 23
 15 44 50 51 80 98 109 117 119 126 160 178 
 201 292 353 363 377 417 422 436 449 470 488
 20
 11 56 79 127 137 150 156 204 240 289 319 328 
 334 349 362 387 397 405 448 453
 29
 6 9 34 48 89 122 134 138 185 197 198 233 
255 263 280 291 293 307 314 338 346 366 367 378 432 
 438 447 469 492
 21
 10 22 75 78 79 105 171 179 229 287 288 337 
 352 430 433 442 444 447 470 483 485
 32
 69 74 78 86 87 97 101 104 105 108 132 142 
202 205 213 245 253 257 260 271 325 351 373 382 395 
 409 436 441 449 477 489 491
 32
 26 46 54 60 63 94 102 141 150 166 182 196 
209 228 232 254 283 316 321 322 362 369 376 401 431 
 438 441 445 452 453 476 491
 21
 96 117 127 195 205 224 226 237 259 314 343 356 
 358 410 414 430 449 479 490 491 498
 26
 2 10 42 81 107 146 172 173 176 188 301 312 
340 346 352 356 359 360 405 444 460 462 474 491 494 
 497
 23
 10 39 56 61 79 93 100 130 143 144 198 263 
 275 280 291 303 319 350 382 386 391 409 460
 33
 13 25 52 76 83 126 131 135 157 197 205 207 
213 236 260 270 315 347 359 360 363 367 396 414 417 
 419 427 439 442 463 472 482 498
 32
 13 56 61 74 76 80 83 99 104 166 193 206 
218 281 289 292 293 296 304 345 386 397 398 401 412 
 436 441 445 456 458 474 476
 28
 7 21 58 72 98 123 165 177 179 187 200 219 
252 254 255 273 284 295 317 320 368 403 407 409 412 
 434 459 485
 25
 31 47 49 74 121 123 132 168 183 193 264 305 
352 370 377 384 411 412 427 436 453 465 469 484 494 
 27
 1 7 21 23 50 53 54 71 112 119 123 128 
137 144 151 152 167 194 200 233 289 362 393 411 432 
 496 498
 24
 35 55 86 96 125 148 149 173 175 202 230 231 
 260 296 303 335 377 388 400 422 444 474 483 487
 25
 3 4 54 57 73 100 108 120 172 181 183 194 
205 217 242 250 336 338 341 353 377 381 385 400 441 
 35
 9 51 56 60 67 106 107 108 114 140 211 222 
223 236 252 277 287 300 321 344 353 357 375 389 413 
 416 421 432 446 453 455 456 472 476 481
 34
 26 30 34 77 116 120 133 139 186 187 189 248 
254 258 290 325 336 340 356 361 365 375 380 413 414 
 422 424 442 463 465 472 482 487 495
 32
 17 27 39 53 62 144 145 147 161 163 178 186 
189 204 214 226 229 241 245 255 305 321 323 377 382 
 384 413 414 434 468 483 490
 24
 9 11 20 57 60 70 75 100 142 147 167 225 
 254 259 280 286 340 351 355 399 430 439 479 484
 33
 54 72 101 116 151 160 168 172 195 199 224 232 
248 252 257 292 320 334 347 383 401 406 410 413 419 
 435 443 448 451 452 453 485 494
 30
 2 3 10 27 33 56 68 78 86 88 99 148 
166 173 195 229 290 303 309 337 339 344 411 421 428 
 444 458 462 486 489
 25
 23 48 57 71 83 103 116 136 189 257 265 293 
297 314 322 323 329 345 356 400 415 416 417 460 496 
 16
 12 17 23 52 75 91 97 135 162 171 285 338 
 388 456 461 495
 24
 22 47 81 87 102 118 129 147 170 213 257 315 
 325 374 380 414 420 434 446 460 467 494 497 498
 31
 15 16 53 54 95 124 158 184 198 200 225 237 
239 240 250 256 259 277 296 344 351 387 395 413 438 
 445 467 468 473 486 494
 33
 6 28 42 56 60 63 99 100 157 168 183 198 
200 224 266 280 295 303 313 326 330 335 354 360 364 
 365 368 372 418 450 474 485 497
 23
 8 29 51 61 104 147 172 223 229 252 288 312 
 339 383 387 396 405 408 420 440 461 465 470
 13
 21 42 62 72 106 155 209 324 361 389 406 457 
 495
 14
 1 87 145 158 165 167 186 195 211 256 314 376 
 447 477
 21
 14 33 49 104 137 140 143 253 270 278 286 289 
 346 348 353 386 387 415 462 474 494
 29
 104 112 117 122 142 149 150 168 195 217 223 245 
246 275 284 312 342 357 382 432 445 459 468 469 486 
 487 488 491 492
 29
 4 36 52 55 58 65 67 110 127 156 165 201 
213 246 275 320 326 337 342 346 365 387 402 414 422 
 433 447 456 477
 28
 7 13 22 39 47 102 105 109 114 173 255 267 
289 296 319 326 344 355 369 376 382 384 390 413 418 
 460 477 481
 34
 55 57 60 96 102 104 156 182 196 202 221 227 
266 273 278 280 314 325 346 350 353 361 379 380 394 
 397 398 445 459 464 469 486 490 497
 24
 2 36 43 53 89 98 111 119 120 147 150 199 
 200 207 230 256 337 379 387 388 403 430 433 477
 29
 2 3 7 21 23 31 64 73 92 100 118 121 
128 142 148 197 257 258 260 268 271 285 333 343 364 
 365 368 377 459
 28
 24 28 35 36 45 52 91 103 122 146 148 165 
170 239 253 277 314 319 335 338 377 384 391 400 404 
 442 487 488
 20
 42 52 72 138 169 180 193 227 236 324 356 372 
 376 384 393 402 416 456 480 496
 27
 42 102 151 166 173 181 197 211 219 237 256 261 
288 321 341 346 348 357 384 390 423 425 428 435 439 
 445 446
 23
 5 9 21 206 210 212 219 251 257 264 285 321 
 336 340 356 395 405 419 429 430 443 462 496
 24
 4 31 34 36 43 106 128 146 200 215 252 265 
 288 319 441 443 444 453 457 479 489 490 493 494
 23
 1 13 24 118 156 186 197 207 211 231 234 258 
 272 278 292 325 378 415 437 447 451 460 471
 25
 17 19 69 79 88 118 123 134 138 154 160 167 
182 269 277 287 292 330 335 351 382 386 432 449 480 
 31
 1 36 44 64 67 90 98 102 108 112 117 150 
154 156 194 198 249 252 292 294 304 322 340 344 358 
 366 417 430 445 480 493
 21
 19 44 56 59 98 99 202 232 258 260 312 323 
 332 348 361 366 371 381 439 462 497
 27
 27 45 54 59 96 98 116 121 158 166 178 212 
223 247 271 286 309 310 317 335 343 365 393 414 421 
 440 454
 35
 4 10 12 38 57 75 97 105 123 139 141 142 
154 187 227 292 297 324 328 331 335 349 357 359 361 
 366 367 431 441 451 452 457 473 484 487
 38
 1 19 31 41 66 81 92 97 105 148 155 156 
160 177 193 241 253 255 258 296 298 329 336 365 373 
376 379 380 382 385 419 431 446 460 466 484 493 494 
 28
 74 77 117 124 146 175 177 213 226 262 265 266 
298 318 319 333 334 348 350 383 384 391 408 451 452 
 463 476 484
 20
 9 41 53 64 73 78 103 109 116 120 145 147 
 163 238 253 317 359 362 414 463
 29
 3 4 9 16 23 80 97 126 161 167 176 188 
193 210 229 310 325 329 341 354 403 417 423 449 450 
 456 473 488 497
 26
 5 11 12 51 66 72 148 169 170 174 216 218 
247 283 323 326 327 346 355 374 381 396 400 417 450 
 452
 25
 12 18 21 77 87 89 137 188 223 238 297 313 
323 325 339 349 354 383 393 408 428 451 473 483 494 
 35
 25 47 58 60 67 70 84 117 125 132 172 173 
174 224 237 252 265 327 341 360 364 367 369 376 379 
 404 405 407 412 433 436 440 489 496 498
 31
 3 8 15 39 55 79 98 99 106 194 197 204 
205 213 217 234 258 291 355 381 383 388 389 392 428 
 432 434 459 470 472 494
 22
 1 62 83 124 129 158 159 184 186 196 202 243 
 246 258 307 319 327 393 437 447 465 480
 22
 3 5 46 91 136 143 160 166 202 244 252 264 
 352 360 363 379 414 452 468 469 476 492
 29
 26 39 73 75 111 150 198 199 203 241 259 264 
282 289 296 301 330 349 378 393 402 439 442 448 460 
 476 489 492 497
 21
 6 55 63 71 85 159 167 200 211 229 263 264 
 304 325 363 413 434 442 456 479 495
 18
 13 18 24 25 47 94 96 109 240 256 269 286 
 293 315 331 340 363 440
 33
 6 55 58 61 66 91 92 126 165 166 179 182 
193 201 226 238 295 332 345 364 370 371 374 375 380 
 388 406 419 450 462 468 491 494
 27
 23 42 78 118 136 148 149 164 168 185 199 265 
302 317 332 343 352 356 375 424 427 442 461 476 480 
 486 487
 24
 1 14 98 107 108 128 183 190 196 215 228 261 
 267 278 315 318 323 329 338 340 368 407 493 498
 25
 7 28 32 84 93 96 99 151 165 177 180 224 
231 259 262 273 294 321 336 360 361 402 478 487 489 
 21
 25 47 121 127 149 184 203 229 238 253 297 302 
 316 335 336 345 401 425 433 443 493
 18
 19 51 59 63 99 106 221 228 268 307 343 380 
 400 403 431 456 464 494
 26
 2 26 33 36 41 44 46 55 56 65 73 118 
124 146 236 254 269 283 296 297 303 319 334 352 446 
 468
 17
 3 22 33 34 52 65 70 71 75 100 119 168 
 211 357 406 418 460
 20
 30 36 37 69 75 88 105 165 180 184 231 257 
 269 276 371 430 443 468 481 497
 21
 7 35 68 95 128 164 178 200 275 301 308 318 
 381 390 424 427 432 452 461 464 483
 30
 5 21 29 41 96 109 112 119 172 185 191 197 
246 296 298 304 329 337 344 351 367 385 392 412 415 
 426 444 486 491 497
 23
 6 35 51 76 79 123 137 165 169 182 193 199 
 200 206 249 255 256 267 271 294 308 368 497
 29
 50 94 109 110 167 203 204 229 239 243 276 296 
321 333 338 357 362 371 376 378 410 419 425 428 437 
 448 450 470 480
 34
 23 43 57 62 68 76 83 146 164 167 184 195 
198 207 212 214 224 233 250 257 279 305 341 344 347 
 354 384 434 453 455 470 472 474 485
 32
 53 58 61 66 76 84 103 114 224 226 281 289 
299 306 310 313 359 371 376 392 415 416 424 434 455 
 457 465 472 474 485 492 496
 28
 69 120 125 159 163 177 179 242 244 255 257 282 
306 322 337 365 369 384 407 419 430 435 437 448 457 
 470 480 497
 28
 21 53 55 66 70 144 159 162 185 203 225 226 
235 272 282 286 291 301 302 325 396 405 411 424 425 
 429 434 479
 19
 6 89 101 118 181 208 257 272 282 293 300 312 
 315 370 378 389 443 460 487
 37
 56 57 58 64 68 78 102 122 135 155 166 175 
192 193 209 216 233 257 281 282 301 302 307 316 374 
 391 426 442 452 453 457 469 475 477 478 495 498
 24
 10 16 18 44 54 62 69 87 96 103 109 114 
 151 227 243 282 292 338 389 408 422 434 447 463
 15
 36 75 76 151 152 157 164 194 239 285 311 330 
 353 470 488
 31
 7 15 27 35 37 41 52 56 100 118 121 133 
138 170 171 174 216 232 251 252 295 360 381 398 446 
 447 448 449 461 477 493
 19
 53 80 84 101 132 154 189 202 206 240 260 320 
 343 366 399 431 451 479 497
 26
 53 75 78 89 129 166 176 179 184 230 253 283 
315 358 360 388 424 435 460 462 467 471 475 481 483 
 493
 30
 26 30 33 52 62 110 143 150 157 165 166 168 
245 251 261 263 274 315 342 377 380 399 400 401 403 
 412 413 419 429 488
 29
 20 56 67 116 117 122 127 135 149 150 167 206 
223 225 230 240 245 276 293 300 335 349 380 384 411 
 418 444 464 484
 18
 5 11 13 51 52 60 148 173 194 228 263 327 
 382 442 445 447 482 486
 24
 9 46 78 104 128 129 142 146 147 174 177 195 
 229 237 278 280 283 320 327 355 380 383 387 405
 28
 1 6 33 66 90 95 99 106 111 166 168 193 
194 196 202 232 248 277 284 339 379 385 414 431 461 
 489 495 497
 21
 30 41 84 101 116 117 152 181 182 212 217 226 
 266 281 368 375 381 392 447 451 480
 23
 55 119 137 152 154 168 174 177 220 252 287 295 
 363 374 425 428 435 458 459 466 478 488 496
 33
 33 40 64 81 88 94 103 145 186 208 227 228 
233 235 242 253 274 276 287 289 335 338 373 427 434 
 435 439 444 461 464 489 492 495
 22
 53 89 96 131 134 139 145 162 186 230 265 282 
 346 394 401 403 411 420 438 449 473 491
 17
 17 43 57 71 77 128 137 143 176 236 300 308 
 369 383 402 433 464
 21
 33 54 82 108 120 137 166 167 235 238 254 270 
 306 348 359 385 393 430 440 466 496
 30
 3 7 9 30 31 51 60 75 122 191 219 251 
252 259 268 273 311 318 325 337 350 367 401 406 419 
 461 478 484 486 493
 21
 12 15 72 81 96 119 124 179 189 195 222 233 
 250 259 291 309 320 339 401 464 478
 28
 1 39 104 122 123 143 179 188 197 205 207 226 
257 266 290 299 305 309 313 342 349 360 392 394 402 
 434 443 481
 26
 1 12 26 58 73 97 116 118 152 161 180 188 
200 241 290 311 313 322 332 407 420 451 455 464 472 
 473
 20
 22 50 71 115 143 180 206 215 220 237 240 282 
 308 311 316 367 416 430 445 455
 21
 27 113 116 132 138 151 185 201 220 286 310 330 
 339 342 343 350 354 358 436 455 486
 30
 7 12 18 42 78 97 150 220 255 262 276 290 
304 305 316 327 335 363 374 376 387 399 406 411 418 
 422 432 444 464 466
 32
 5 23 51 72 74 77 153 156 174 214 222 262 
278 290 292 293 317 327 335 343 362 388 389 402 404 
 413 417 440 446 455 476 485
 18
 27 58 63 122 159 164 260 261 264 270 302 384 
 395 402 423 430 444 480
 23
 12 14 24 28 45 99 123 146 149 155 203 245 
 246 256 260 290 335 345 378 389 431 462 482
 29
 24 27 33 58 59 64 71 94 113 152 184 189 
190 214 261 280 306 322 336 379 381 389 401 426 427 
 431 455 457 492
 30
 6 7 9 43 53 66 84 112 126 157 178 182 
214 221 227 230 283 311 338 342 359 368 377 425 427 
 428 432 445 478 489
 23
 11 24 53 118 119 139 166 211 212 222 242 243 
 266 281 287 293 395 408 443 446 450 456 469
 29
 5 57 64 71 125 182 200 216 226 244 255 256 
259 266 290 305 312 346 358 373 376 380 407 417 461 
 466 476 486 496
 29
 2 17 75 80 84 92 141 150 153 166 169 181 
214 236 250 273 290 291 316 336 340 348 371 378 379 
 402 409 471 478
 30
 20 24 40 51 58 59 97 100 116 118 123 142 
150 235 239 260 306 320 323 332 339 341 358 409 410 
 443 450 458 462 477
 26
 8 24 53 54 67 68 130 141 167 194 199 221 
229 267 297 328 343 353 360 392 414 420 423 437 466 
 492
 23
 30 33 45 70 86 98 107 146 162 165 170 175 
 267 313 378 405 406 415 449 476 484 492 498
 19
 24 99 100 117 143 174 193 207 239 245 306 309 
 317 354 373 410 424 441 462
 20
 57 105 148 161 167 182 268 276 277 381 383 398 
 411 418 432 447 451 478 482 498
 28
 5 37 39 94 111 125 138 144 165 179 210 213 
227 271 294 299 318 326 355 365 370 376 393 405 412 
 430 436 480
 25
 37 50 77 87 122 127 128 144 171 230 247 252 
273 291 314 377 413 415 423 444 456 459 481 485 492 
 24
 12 16 27 54 58 67 77 97 157 167 172 225 
 254 260 297 298 349 360 368 435 475 476 493 496
 27
 17 31 46 52 82 117 144 181 195 225 230 234 
252 261 285 291 294 304 363 366 397 409 413 432 443 
 468 487
 22
 7 11 54 76 82 148 165 166 168 171 205 208 
 223 244 372 416 434 437 438 446 480 492
 30
 46 76 82 90 107 120 195 212 241 248 258 265 
268 269 300 334 335 361 363 378 388 428 435 443 460 
 471 477 485 488 497
 26
 3 7 12 70 74 87 116 126 156 159 193 195 
197 211 235 261 277 291 320 328 358 374 377 446 470 
 493
 23
 6 52 107 138 144 181 185 204 211 228 270 295 
 338 355 357 365 417 434 449 462 464 467 485
 28
 41 52 55 56 57 74 131 177 180 183 191 208 
210 214 215 267 268 280 288 316 386 403 407 421 433 
 466 470 476
 21
 78 97 121 149 152 194 205 208 292 321 327 348 
 361 373 382 411 433 461 489 494 498
 31
 29 40 85 114 123 147 164 165 167 180 198 214 
215 239 262 266 273 275 286 311 313 333 342 347 376 
 429 430 448 458 494 495
 25
 1 21 52 59 78 131 147 157 190 196 231 237 
255 272 306 309 315 351 391 460 465 470 483 486 487 
 26
 2 30 38 61 74 132 165 175 178 185 226 237 
262 326 346 357 363 388 390 422 431 437 445 469 485 
 493
 24
 26 35 73 100 135 170 177 250 255 264 269 285 
 287 316 328 343 345 357 368 403 416 472 481 486
 29
 32 134 157 162 170 186 201 214 259 269 278 285 
287 309 316 336 358 361 379 383 395 413 415 425 431 
 457 467 477 489
 42
 21 25 34 38 46 53 79 91 110 116 130 142 
143 148 154 158 163 187 198 209 212 224 244 255 257 
279 280 306 313 336 341 349 364 366 369 383 403 409 
 445 452 460 485
 21
 22 32 60 93 106 121 160 186 231 260 269 272 
 333 356 361 366 379 405 414 489 490
 18
 2 26 131 132 135 148 176 178 196 218 256 268 
 301 330 373 377 381 484
 24
 22 45 53 62 80 154 195 217 234 235 240 241 
 244 269 339 340 355 378 399 426 442 470 491 492
 17
 3 22 66 108 115 129 189 208 235 333 347 351 
 380 397 404 443 450
 32
 4 38 46 51 71 72 128 134 142 147 206 219 
238 256 269 274 290 324 328 347 360 372 379 386 391 
 419 465 472 477 483 493 496
 26
 62 96 119 170 193 199 215 217 244 247 268 317 
359 360 363 397 430 431 444 455 459 465 472 475 477 
 493
 21
 5 10 15 31 59 70 110 120 153 198 236 293 
 295 322 331 376 383 408 416 422 486
 24
 9 28 42 107 108 136 144 177 193 262 267 274 
 308 329 356 372 382 391 421 423 459 476 480 482
 33
 4 15 24 25 26 28 47 90 130 145 163 175 
176 203 213 216 232 242 254 258 317 318 340 352 355 
 380 404 443 458 473 479 485 494
 35
 56 62 63 66 71 81 93 111 126 139 144 149 
224 271 295 297 302 310 335 340 359 362 363 364 390 
 396 402 410 422 431 441 447 448 450 490
 18
 10 13 24 26 55 103 110 119 132 135 203 314 
 318 395 407 429 431 482
 23
 8 33 54 59 111 256 276 294 295 298 300 322 
 342 352 376 383 393 405 452 471 476 481 483
 15
 4 52 96 124 168 188 196 203 231 244 247 249 
 338 443 476
 20
 4 125 130 193 194 219 222 225 241 248 252 281 
 297 308 341 347 438 479 481 490
 30
 5 27 28 51 80 113 119 168 169 172 184 187 
226 240 266 290 294 298 309 316 330 371 378 417 435 
 438 439 444 458 487
 26
 25 34 38 41 51 58 95 100 157 163 172 173 
196 223 231 234 238 336 356 359 372 376 389 419 446 
 492
 20
 7 11 14 29 39 43 44 46 79 101 117 187 
 208 215 278 296 350 395 432 453
 28
 23 25 26 58 76 90 169 196 212 217 227 251 
298 299 304 320 337 353 361 369 387 404 416 423 430 
 467 479 491
 35
 3 14 48 57 86 122 124 129 133 168 194 209 
210 225 228 248 262 272 301 302 317 355 356 364 390 
 398 400 408 436 462 463 465 470 489 497
 25
 26 30 91 105 117 155 185 245 249 252 267 270 
271 275 303 324 340 374 390 397 451 454 457 475 490 
 18
 7 47 52 68 85 103 124 175 210 226 251 254 
 360 417 474 477 478 482
 24
 16 82 126 147 167 178 180 189 218 219 229 237 
 299 304 312 340 370 380 408 420 425 482 496 497
 26
 2 7 31 63 67 68 80 82 96 124 159 186 
233 243 254 272 278 301 324 363 392 416 462 467 482 
 483
 32
 40 41 63 65 74 121 142 166 188 204 216 232 
253 258 267 274 315 331 335 358 361 368 372 396 415 
 424 426 430 439 448 485 487
 33
 13 39 56 58 59 115 140 153 198 199 214 227 
254 258 283 306 317 326 337 355 359 361 379 381 390 
 395 403 438 440 445 448 477 498
 21
 8 65 103 185 198 209 234 253 262 279 293 319 
 323 329 359 364 376 392 402 414 478
 40
 18 27 30 43 58 77 83 146 147 150 151 153 
171 178 193 227 228 231 243 256 257 279 281 294 298 
303 307 313 326 383 406 412 420 423 462 467 469 476 
 490 493
 25
 14 22 29 56 67 101 105 108 155 169 196 198 
238 242 262 266 292 321 367 382 384 398 438 485 498 
 22
 20 74 77 93 123 141 145 163 175 178 232 240 
 260 273 275 323 331 336 403 442 452 493
 37
 33 70 86 103 105 119 171 176 197 201 211 222 
226 236 238 268 270 271 291 295 297 303 320 337 341 
 369 370 381 384 394 421 428 435 458 473 495 496
 20
 3 25 39 59 76 100 115 127 174 201 219 234 
 257 321 323 334 427 448 455 463
 30
 43 47 54 68 77 110 188 229 263 288 308 313 
314 315 324 332 338 362 379 401 404 411 415 431 477 
 480 487 488 491 495
 29
 11 32 40 47 87 99 152 186 190 194 205 220 
266 269 276 277 286 289 312 330 335 349 360 386 409 
 423 450 489 496
 28
 1 4 22 60 70 106 109 153 155 173 179 190 
199 209 234 236 255 273 308 312 318 330 335 402 410 
 445 494 497
 26
 1 16 32 36 42 43 48 116 125 225 263 279 
290 323 335 351 354 403 404 429 438 448 453 467 484 
 490
 25
 26 32 41 63 104 105 106 115 140 171 182 231 
264 317 320 326 354 369 414 420 449 465 474 480 488 
 26
 45 65 74 106 132 149 168 180 195 204 233 251 
263 273 289 292 317 329 335 339 378 401 418 449 454 
 478
 20
 2 16 19 23 52 61 81 86 154 210 254 272 
 332 336 339 343 388 399 418 422
 24
 28 37 40 42 51 98 145 170 176 183 223 294 
 322 390 400 409 412 430 434 440 450 458 478 496
 18
 11 29 50 52 129 170 242 299 310 337 351 373 
 402 405 421 435 439 491
 22
 12 29 61 175 220 260 290 312 329 333 338 364 
 369 386 397 398 407 427 446 451 484 497
 23
 16 21 26 111 133 165 166 195 201 217 272 291 
 324 330 336 344 345 349 351 386 432 447 464
 25
 22 27 54 62 68 82 134 149 191 194 198 201 
235 254 268 303 308 336 337 371 385 390 414 449 486 
 24
 3 30 34 48 49 69 79 90 109 110 168 170 
 172 175 180 225 233 289 297 313 366 431 481 497
 24
 2 21 25 51 52 54 94 102 128 130 172 200 
 203 224 256 282 335 342 346 376 388 390 424 481
 21
 4 10 28 30 48 51 85 99 119 148 165 245 
 281 300 345 355 357 380 400 432 480
 33
 7 13 21 24 68 120 128 129 151 153 177 202 
203 225 234 243 256 275 301 304 317 322 337 339 341 
 343 384 399 425 446 449 455 461
 27
 1 8 34 35 53 88 173 187 192 197 208 218 
241 249 250 258 264 284 289 302 331 334 358 366 416 
 433 469
 33
 33 49 55 66 69 93 107 119 162 189 194 199 
201 209 233 248 261 262 270 274 276 279 291 316 324 
 363 379 412 420 424 437 464 479
 28
 22 43 61 110 125 174 196 204 208 219 236 237 
256 261 265 279 303 330 335 386 403 417 418 428 447 
 471 475 476
 27
 38 54 59 63 101 104 107 151 159 193 195 242 
304 326 344 349 350 376 400 402 408 417 431 444 459 
 467 474
 25
 30 38 58 69 82 84 97 111 121 163 170 206 
254 266 324 331 344 378 394 398 431 435 474 483 495 
 38
 6 10 13 25 41 59 101 112 129 130 146 147 
169 175 216 224 241 245 271 289 292 295 297 302 318 
321 369 378 449 454 455 457 461 481 482 486 487 493 
 35
 36 38 60 86 153 156 158 166 171 180 195 205 
207 249 255 275 284 289 292 302 305 312 336 369 375 
 379 380 406 421 427 432 457 463 479 483
 24
 16 17 25 32 45 49 50 53 79 135 150 162 
 194 197 199 247 350 383 385 387 391 412 415 433
 36
 10 18 37 52 59 79 81 85 96 97 107 112 
138 144 145 147 169 175 187 196 198 231 235 265 278 
 290 315 320 332 365 380 397 400 434 441 471
 30
 5 6 66 68 111 120 142 145 158 164 182 192 
193 203 263 281 294 298 299 321 329 355 367 368 378 
 401 447 457 467 468
 21
 22 74 85 102 123 134 144 156 167 174 254 256 
 318 336 356 362 380 389 436 451 454
 39
 51 56 61 92 142 143 149 172 201 202 210 226 
228 247 274 275 299 315 316 332 337 342 352 367 370 
393 410 420 429 436 438 467 478 479 480 484 488 495 
 497
 26
 11 22 37 67 120 135 136 171 179 184 218 261 
267 272 290 310 320 322 327 368 375 379 404 412 455 
 467
 24
 28 36 40 48 66 101 124 125 127 136 197 223 
 228 252 300 336 368 381 382 387 413 450 479 493
 32
 32 34 42 53 67 89 91 109 172 187 191 215 
225 249 286 288 291 299 318 323 324 337 345 355 357 
 358 381 404 426 429 437 481
 29
 29 72 80 116 148 156 192 193 197 221 244 258 
261 284 295 331 355 364 366 382 414 437 452 454 456 
 472 477 483 489
 32
 2 22 55 65 73 80 96 104 113 124 146 160 
179 214 234 293 337 338 350 361 369 391 398 415 417 
 453 454 473 474 477 479 493
 22
 4 14 18 21 57 106 111 158 165 169 170 247 
 264 305 317 320 356 391 433 434 442 494
 31
 3 44 51 60 62 63 98 125 209 210 215 225 
240 267 281 283 295 335 346 347 358 383 385 406 407 
 412 419 450 455 460 490
 29
 16 36 48 81 83 100 117 141 152 170 173 174 
192 202 218 223 230 231 232 252 298 314 339 352 356 
 378 387 456 466
 22
 20 37 55 85 93 97 145 178 209 244 261 289 
 300 325 370 380 392 421 423 433 468 496
 26
 9 53 113 114 116 125 131 153 160 181 200 204 
267 291 314 355 359 394 403 407 412 413 438 440 458 
 470
