 400 639
 1 1 1 1 1 1 1 1 1 1 1 1 
 1 1 1 1 1 1 1 1 1 1 1 1 
 1 1 1 1 1 1 1 1 1 1 1 1 
 1 1 1 1 1 1 1 1 2 2 2 2 
 2 2 2 2 2 2 2 2 2 2 2 2 
 2 2 2 2 2 2 2 2 2 2 2 2 
 2 2 2 2 2 2 2 2 2 2 2 2 
 3 3 3 3 3 3 3 3 3 3 3 3 
 3 3 3 3 3 3 3 3 3 3 3 3 
 3 3 3 3 3 3 3 3 3 3 3 3 
 3 3 4 4 4 4 4 4 4 4 4 4 
 4 4 4 4 4 4 4 4 4 4 4 4 
 4 4 4 4 4 4 4 4 4 4 4 4 
 4 4 4 4 4 4 4 4 4 4 5 5 
 5 5 5 5 5 5 5 5 5 5 5 5 
 5 5 5 5 5 5 5 5 5 5 5 5 
 5 5 5 5 5 5 5 5 5 5 5 5 
 6 6 6 6 6 6 6 6 6 6 6 6 
 6 6 6 6 6 6 6 6 6 6 6 6 
 6 6 6 6 6 6 6 6 6 6 6 6 
 6 6 6 6 6 6 6 6 6 6 6 7 
 7 7 7 7 7 7 7 7 7 7 7 7 
 7 7 7 7 7 7 7 7 7 7 7 7 
 7 7 7 7 7 7 7 7 7 7 7 7 
 7 7 7 7 7 7 7 7 7 7 7 7 
 7 7 7 7 7 7 7 7 7 8 8 8 
 8 8 8 8 8 8 8 8 8 8 8 8 
 8 8 8 8 8 8 8 8 8 8 8 8 
 8 8 8 8 8 8 8 9 9 9 9 9 
 9 9 9 9 9 9 9 9 9 9 9 9 
 9 9 9 9 9 9 9 9 9 9 9 9 
 9 9 9 9 9 10 10 10 10 10 10 10 
 10 10 10 10 10 10 10 10 10 10 10 10 
 10 10 10 10 10 10 10 10 10 10 11 11 
 11 11 11 11 11 11 11 11 11 11 11 11 
 11 11 11 11 11 11 11 11 11 11 11 11 
 11 11 11 11 11 11 11 11 12 12 12 12 
 12 12 12 12 12 12 12 12 12 12 12 12 
 12 12 12 12 12 12 12 12 12 12 12 12 
 12 12 12 12 12 12 12 12 13 13 13 13 
 13 13 13 13 13 13 13 13 13 13 13 13 
 13 13 13 13 13 13 13 13 13 13 13 13 
 13 13 14 14 14 14 14 14 14 14 14 14 
 14 14 14 14 14 14 14 14 14 14 14 14 
 14 14 14 14 14 14 14 14 14 15 15 15 
 15 15 15 15 15 15 15 15 15 15 15 15 
 15 15 15 15 15 16 16 16 16 16 16 16 
 16 16 16 16 16 16 16 16 16 16 16 16 
 16 16 16 16 17 17 17 17 17 17 17 17 
 17 17 17 17 17 17 17 17 18 18 18 18 
 18 18 18 18 18 18 18 18 18 18 18 18 
 18 18 19 19 19 19 19 19 19 20 20 20 
 20 20 20 20 20 21 21 21 21 21 22 22 
 23 25 25 
 32
 9 32 50 51 53 80 130 145 160 173 177 180 
194 216 217 219 240 269 287 288 316 346 382 385 424 
 478 535 542 547 599 623 638
 34
 4 26 48 53 62 74 100 105 160 177 209 223 
234 279 290 315 325 333 358 366 372 381 382 384 388 
 410 477 513 516 562 592 593 603 625
 32
 10 27 42 62 65 87 89 94 139 158 177 270 
276 287 342 375 378 383 402 422 424 437 472 477 522 
 536 540 573 576 585 586 601
 42
 2 10 48 79 90 115 136 184 191 195 196 198 
222 225 226 245 246 253 257 275 286 289 301 308 314 
345 378 400 425 436 469 470 499 515 516 543 551 553 
 560 583 614 619
 38
 25 28 89 130 132 134 136 159 162 164 169 205 
206 222 225 241 249 252 274 356 367 412 422 433 452 
466 495 515 520 528 545 573 583 599 606 615 617 619 
 28
 8 11 13 14 20 45 99 103 106 199 271 299 
300 356 366 392 407 450 456 462 495 523 529 540 551 
 562 572 585
 36
 65 67 110 111 162 173 176 192 196 214 227 239 
279 282 287 320 325 350 423 425 436 440 444 446 453 
 471 525 537 543 557 558 567 575 605 610 637
 42
 9 17 31 43 47 48 53 63 88 122 123 151 
179 225 229 241 252 291 306 307 315 316 318 357 387 
396 406 442 464 480 486 516 518 524 526 540 553 583 
 600 616 625 634
 31
 52 71 147 169 177 180 193 203 239 258 272 273 
393 399 408 436 447 492 500 531 544 556 564 570 572 
 576 579 598 602 615 619
 38
 45 46 49 86 100 105 115 144 192 221 228 257 
263 264 345 400 406 410 416 446 451 475 476 494 504 
513 553 568 569 574 581 593 606 607 624 630 631 639 
 31
 45 55 58 91 129 149 150 154 172 186 189 269 
272 387 393 399 412 426 441 456 486 527 531 547 549 
 551 567 585 603 607 620
 32
 14 17 23 63 69 87 123 124 136 137 153 168 
172 182 223 293 299 327 330 361 384 386 389 434 449 
 487 585 586 605 606 617 622
 44
 8 29 48 49 62 64 65 68 87 107 130 132 
141 154 163 165 208 213 247 270 278 294 301 317 327 
337 350 355 368 392 393 396 427 442 477 478 483 496 
 511 538 573 615 622 633
 39
 12 37 46 52 61 73 86 114 121 123 154 168 
185 208 218 249 263 269 306 330 352 371 380 384 412 
413 426 435 440 448 483 486 498 499 568 577 593 600 
 607
 36
 8 48 57 66 88 100 111 120 126 176 217 221 
251 257 261 266 284 354 367 370 372 398 400 415 485 
 509 513 522 555 556 581 591 625 627 636 639
 38
 3 4 5 9 16 45 59 64 82 108 115 135 
148 162 188 206 280 319 322 323 344 358 413 460 472 
477 478 482 487 488 517 520 528 543 558 565 572 577 
 32
 44 50 59 77 92 104 106 145 178 182 204 209 
246 253 267 289 320 342 352 355 380 386 401 413 424 
 449 460 559 570 623 629 637
 34
 13 21 33 59 95 119 140 169 179 196 229 252 
254 284 296 298 312 318 323 363 364 388 401 407 409 
 448 465 466 484 535 561 600 606 633
 34
 7 18 20 42 45 53 60 70 78 111 132 150 
185 199 205 220 244 254 352 355 359 380 382 383 388 
 448 496 508 559 593 595 605 624 639
 29
 9 106 130 134 170 210 219 240 259 282 296 313 
324 336 369 394 410 424 442 447 450 563 585 586 587 
 588 599 618 632
 29
 2 7 68 78 95 101 131 148 153 205 223 255 
262 279 288 332 340 347 358 408 419 453 475 533 538 
 539 565 585 638
 27
 20 37 63 99 111 135 156 211 220 236 261 278 
286 298 345 348 359 378 479 483 558 573 574 592 599 
 629 634
 35
 8 38 71 81 83 92 106 110 157 223 247 266 
283 310 324 355 358 379 380 383 384 399 410 448 450 
 470 477 490 496 514 527 535 564 566 606
 32
 24 35 53 63 87 88 119 126 127 146 149 160 
172 176 207 211 213 271 284 312 345 349 350 367 407 
 537 563 584 588 593 605 630
 30
 60 79 87 90 102 123 124 143 168 182 186 187 
211 280 287 344 347 350 353 401 428 465 498 509 525 
 540 546 554 576 637
 25
 20 28 104 129 142 171 180 183 201 222 238 255 
282 311 420 445 455 481 507 587 589 600 610 625 627 
 28
 14 18 37 64 69 77 124 131 139 153 157 174 
229 276 314 397 441 444 514 528 533 544 569 595 597 
 598 602 607
 25
 2 78 90 93 144 180 214 237 267 319 328 356 
360 367 379 452 473 509 522 558 577 581 582 608 625 
 28
 10 20 23 46 55 107 183 252 268 273 282 313 
366 373 375 394 407 440 454 484 531 566 567 573 594 
 613 625 634
 29
 1 40 134 149 179 212 216 243 254 261 277 293 
297 337 346 367 379 390 403 415 449 466 470 485 489 
 529 571 600 622
 26
 1 9 14 118 135 174 184 237 254 279 303 311 
339 351 353 355 387 427 479 487 495 519 538 579 624 
 629
 30
 11 45 50 106 128 155 167 169 177 210 287 292 
347 411 425 441 469 476 487 491 509 513 546 547 556 
 565 575 597 603 626
 35
 4 18 28 31 65 76 87 116 127 129 180 227 
231 234 302 311 354 401 410 422 428 445 466 475 485 
 509 541 572 576 578 582 600 602 616 625
 30
 9 53 97 139 144 169 186 208 209 224 261 277 
295 331 354 359 361 369 372 376 416 429 444 484 487 
 538 547 563 582 600
 37
 28 56 68 69 78 88 91 92 96 103 112 113 
147 163 214 229 231 251 260 288 311 350 354 397 409 
 415 434 438 451 504 508 512 513 548 613 615 635
 47
 6 17 42 44 46 49 51 78 86 95 105 166 
173 174 184 200 208 215 224 233 252 274 281 285 286 
290 311 316 327 347 348 349 354 359 386 411 428 456 
 459 470 473 482 538 561 581 610 612
 32
 17 85 89 91 92 109 128 151 160 167 181 204 
254 279 318 325 334 337 354 414 434 486 487 493 503 
 511 521 547 562 610 612 623
 29
 2 16 76 93 95 135 149 183 198 210 253 274 
282 297 298 343 392 398 404 439 460 461 509 540 547 
 560 590 610 631
 43
 16 29 52 107 110 131 137 142 172 187 206 207 
250 251 258 264 267 269 272 289 319 320 333 355 390 
430 435 444 446 463 476 480 485 506 510 511 536 538 
 568 570 597 599 615
 24
 23 43 51 58 87 88 95 98 121 125 228 243 
 246 268 383 386 390 423 476 494 517 550 625 638
 35
 8 14 76 103 152 163 190 205 206 214 221 234 
244 269 289 290 302 307 344 347 385 407 460 508 516 
 543 548 567 569 586 587 593 599 616 619
 39
 31 45 52 53 102 126 208 217 218 262 266 284 
305 316 322 329 341 344 347 369 407 416 443 447 462 
466 467 472 482 488 489 526 534 552 562 583 610 620 
 632
 37
 10 12 13 20 46 53 64 133 138 146 150 167 
191 215 217 220 233 236 266 268 279 341 378 400 401 
 458 478 481 500 514 547 565 597 600 605 618 630
 29
 23 28 46 78 154 171 180 189 216 221 232 322 
323 324 336 392 393 416 419 444 502 511 518 520 605 
 607 616 621 638
 23
 2 4 32 48 89 100 125 149 152 272 275 285 
 362 372 393 459 521 555 584 595 609 630 635
 45
 10 14 65 86 87 93 112 127 130 135 146 169 
182 194 205 223 232 252 271 309 333 353 357 363 365 
366 385 403 412 416 452 482 489 520 540 551 559 575 
 601 610 614 625 630 631 637
 28
 2 10 24 58 115 140 156 183 253 254 260 278 
394 421 431 462 464 477 478 490 511 529 562 563 566 
 588 598 627
 28
 19 38 45 48 60 80 86 87 103 135 140 145 
272 281 284 360 397 413 450 469 478 482 484 508 545 
 571 597 601
 35
 2 42 96 101 112 121 127 139 153 173 201 206 
243 256 278 314 315 324 329 376 378 433 453 467 487 
 514 515 530 533 561 562 567 583 611 623
 32
 11 31 92 120 157 175 192 209 226 263 316 323 
332 354 366 380 410 429 450 474 480 483 490 503 541 
 553 589 593 594 598 604 617
 35
 19 24 50 93 95 100 128 170 175 184 218 285 
295 307 327 335 386 411 424 437 440 494 503 510 514 
 532 535 552 557 582 591 596 612 632 639
 32
 1 3 8 10 43 48 49 67 91 129 134 135 
168 181 207 227 240 247 294 407 425 452 496 521 534 
 545 562 582 603 610 615 624
 39
 8 21 42 51 59 62 120 123 127 131 159 162 
185 189 211 233 239 253 277 289 292 310 331 349 350 
449 459 465 466 483 493 495 509 547 560 577 583 599 
 615
 38
 9 16 23 60 71 87 103 105 108 137 165 172 
203 257 265 303 309 317 342 361 372 381 396 424 432 
442 470 478 508 514 533 540 559 572 584 585 605 609 
 30
 14 28 33 50 56 100 120 124 130 171 190 192 
200 218 233 241 260 285 286 311 314 315 328 351 400 
 458 487 532 618 635
 31
 12 19 39 41 62 80 98 126 130 176 181 204 
225 267 326 347 376 388 416 426 432 441 458 478 492 
 514 546 553 573 596 622
 31
 1 4 31 35 48 60 78 93 95 96 141 185 
218 219 228 230 242 243 268 304 348 354 396 447 477 
 494 498 529 577 624 627
 26
 3 17 47 82 116 136 141 170 260 262 314 327 
350 352 383 398 410 416 435 462 513 541 548 594 598 
 635
 49
 2 26 57 66 85 97 100 103 107 131 139 147 
154 167 168 191 217 225 235 237 253 254 257 288 336 
348 351 378 382 389 393 413 444 465 479 514 527 531 
 532 539 545 560 561 572 583 591 617 623 634
 39
 33 46 97 101 117 129 164 180 182 203 265 272 
285 292 305 320 325 335 364 378 383 393 403 434 474 
478 483 488 499 505 541 559 562 566 584 589 592 612 
 617
 23
 25 27 37 85 94 161 179 200 233 349 359 377 
 386 432 471 479 494 571 581 595 613 618 621
 38
 17 48 60 69 73 80 129 139 141 146 150 158 
182 193 202 220 223 241 242 256 261 262 291 321 341 
369 378 410 415 434 440 441 449 521 527 563 595 628 
 27
 28 51 61 79 82 93 99 167 173 259 290 312 
412 414 434 453 455 471 473 478 497 527 546 595 604 
 611 630
 39
 1 13 23 35 48 71 92 131 169 183 209 211 
213 262 276 283 285 376 379 389 394 403 425 446 457 
462 497 507 519 520 543 549 559 567 583 595 601 610 
 630
 24
 9 22 39 46 91 146 170 226 253 265 280 285 
 336 337 358 362 376 380 381 420 450 489 556 583
 25
 25 51 65 86 95 146 173 184 214 243 257 317 
318 350 351 424 433 459 503 509 545 546 550 564 571 
 29
 5 8 21 84 88 89 102 118 170 185 217 245 
256 273 296 303 344 348 361 399 412 415 435 449 450 
 494 525 568 583
 30
 5 13 15 32 55 83 90 94 112 154 187 212 
217 225 266 275 278 281 286 292 295 297 321 380 387 
 388 442 544 592 612
 32
 4 10 18 19 44 93 140 165 174 212 244 245 
294 295 306 313 316 345 383 385 403 408 428 459 489 
 494 505 506 545 577 593 633
 38
 50 52 61 81 112 114 158 177 180 186 212 216 
228 229 258 263 266 313 381 407 410 415 453 465 480 
504 507 512 523 524 550 560 585 610 619 622 627 631 
 33
 1 16 45 49 51 163 179 181 187 218 223 230 
252 264 269 272 297 330 341 346 358 379 414 432 433 
 440 444 584 589 598 622 631 633
 31
 3 10 19 89 90 110 119 124 128 132 184 222 
304 310 317 353 382 396 426 430 455 461 511 538 539 
 581 588 594 598 603 611
 28
 6 25 35 45 72 76 95 142 147 170 172 183 
254 299 360 364 369 375 390 396 409 422 431 469 510 
 537 563 591
 37
 15 16 17 56 62 80 92 120 142 145 178 205 
206 213 233 236 254 277 300 321 349 361 368 374 419 
 481 488 502 509 532 542 574 583 591 602 628 629
 43
 4 5 24 59 62 63 85 86 148 151 175 208 
225 247 288 300 312 320 340 345 346 356 369 377 394 
400 408 414 428 463 537 540 542 544 565 566 571 586 
 590 599 607 614 618
 28
 6 21 47 85 92 122 136 141 147 159 263 277 
321 336 343 361 380 413 437 455 478 488 507 539 548 
 572 608 628
 27
 17 20 27 53 66 72 82 116 131 165 197 205 
287 305 352 370 418 427 449 468 484 487 515 521 588 
 592 622
 41
 6 35 37 44 62 74 81 102 105 129 133 148 
162 170 179 194 211 227 232 256 260 287 310 315 317 
320 344 358 378 380 413 415 451 469 505 520 584 608 
 614 625 632
 41
 5 38 71 85 87 90 99 105 115 123 131 155 
161 168 177 186 197 202 205 221 224 252 279 280 300 
316 346 347 361 366 370 395 397 399 408 443 479 519 
 544 574 599
 28
 6 13 39 64 76 97 118 177 271 280 288 293 
324 360 382 384 422 440 461 474 480 487 514 516 528 
 537 602 608
 32
 1 11 18 20 36 45 100 109 141 184 200 207 
232 310 313 315 318 347 348 381 384 404 417 446 470 
 491 510 522 545 617 622 631
 27
 1 40 44 50 55 58 92 98 128 157 220 225 
253 266 377 385 393 433 470 479 513 557 558 559 568 
 606 627
 34
 11 25 30 35 69 99 119 121 138 139 154 170 
183 188 232 253 266 295 297 331 336 358 363 385 392 
 405 408 411 485 560 582 592 606 616
 27
 7 15 25 56 62 85 89 130 144 149 232 255 
259 319 320 335 350 424 453 462 490 493 542 555 557 
 559 569
 33
 36 42 70 75 107 114 115 116 152 157 175 195 
239 276 314 413 419 421 429 448 500 544 555 557 571 
 582 590 599 602 604 605 607 636
 29
 8 104 126 176 187 200 208 215 221 258 260 263 
303 343 348 383 394 426 441 456 486 502 504 536 561 
 564 581 583 638
 30
 2 38 50 65 94 133 146 206 207 258 288 334 
340 343 344 348 350 389 396 401 412 443 472 486 488 
 492 520 597 603 604
 28
 99 109 143 144 150 195 207 218 229 270 275 308 
311 339 362 387 400 513 533 566 580 595 597 603 613 
 614 621 622
 27
 43 96 104 124 125 189 210 249 255 279 302 362 
389 392 412 474 483 517 549 550 559 566 570 575 605 
 619 639
 35
 1 22 54 73 93 99 110 117 126 146 214 215 
219 251 260 276 307 310 319 327 342 381 392 398 428 
 429 433 441 451 527 543 547 566 594 623
 37
 36 38 76 93 158 167 282 290 291 302 309 319 
331 334 336 372 389 390 396 411 415 419 435 436 457 
 461 473 474 538 563 577 580 581 582 600 617 637
 38
 12 19 26 29 62 103 109 111 120 123 125 166 
168 169 191 228 230 238 240 254 266 269 316 478 483 
497 502 546 567 568 579 586 589 600 601 603 628 629 
 45
 4 13 112 177 195 203 244 257 260 268 275 285 
315 325 329 330 376 385 390 412 417 418 423 448 466 
467 477 499 502 512 518 522 535 536 560 569 583 599 
 600 613 619 630 631 636 637
 27
 26 42 45 53 54 56 58 102 118 125 134 141 
209 224 252 258 310 382 413 420 425 428 445 555 576 
 587 599
 28
 11 17 26 40 64 74 83 88 108 112 137 159 
167 183 186 227 235 282 414 428 441 475 523 544 601 
 611 632 638
 38
 61 67 79 83 91 97 119 210 240 252 256 257 
262 281 306 313 328 329 335 369 379 389 401 418 428 
472 484 510 532 539 559 563 570 576 578 591 600 629 
 39
 93 99 126 127 137 147 194 202 206 261 267 281 
299 301 307 333 338 360 369 370 407 462 468 478 482 
491 503 515 520 522 525 528 533 553 557 606 617 628 
 637
 45
 17 49 59 95 124 125 150 169 172 207 209 210 
220 226 266 330 335 345 359 366 368 372 375 378 413 
423 425 429 431 468 479 485 499 500 511 515 528 534 
 549 560 583 589 609 620 637
 31
 119 126 129 132 134 182 210 215 257 261 294 323 
332 334 346 374 429 443 482 525 529 537 548 557 574 
 594 604 611 614 621 638
 33
 2 6 12 18 29 30 70 80 128 156 202 206 
210 212 235 237 263 291 314 317 356 364 384 445 517 
 524 525 546 547 565 569 570 591
 20
 1 10 24 45 125 229 253 255 261 285 302 355 
 411 476 478 503 516 519 583 585
 33
 19 29 69 75 110 150 152 156 170 172 190 242 
252 265 345 379 387 401 419 439 455 457 501 507 519 
 520 528 540 550 564 572 575 626
 45
 89 91 140 141 148 161 182 190 199 205 231 244 
256 273 284 286 301 308 325 344 348 356 398 408 415 
458 469 476 493 495 516 530 532 535 541 566 577 580 
 583 593 622 627 633 636 639
 40
 30 37 41 85 108 124 143 163 187 195 210 212 
242 255 274 277 282 332 407 418 419 421 425 434 445 
446 466 496 500 502 503 521 536 577 579 582 596 629 
 633 637
 34
 46 53 87 129 131 154 155 156 160 239 278 308 
340 349 350 367 384 395 421 441 444 460 471 486 510 
 519 524 526 563 594 603 616 617 630
 36
 17 21 23 31 63 88 102 126 163 178 194 209 
234 262 264 273 278 312 331 352 356 366 379 401 420 
 421 428 482 498 505 509 521 549 564 582 608
 43
 52 55 98 123 147 157 180 184 205 208 219 224 
233 250 298 315 324 359 386 391 407 410 411 414 426 
430 442 454 464 490 509 524 538 561 562 575 596 612 
 625 627 631 635 636
 33
 25 34 53 99 124 126 128 138 146 147 177 185 
222 243 247 263 267 313 320 341 375 380 395 467 497 
 505 507 528 535 563 574 609 633
 30
 8 18 54 114 127 131 132 136 174 188 274 296 
319 389 392 404 405 424 505 517 521 539 558 573 587 
 589 591 621 632 635
 29
 5 24 63 66 139 151 178 191 200 230 262 276 
344 363 405 409 429 448 482 489 565 580 583 616 619 
 622 625 626 634
 29
 38 59 74 89 102 113 131 132 135 159 174 196 
337 366 413 441 450 462 483 493 494 523 530 569 572 
 585 600 611 638
 41
 3 6 33 35 47 55 74 88 92 98 109 118 
150 165 251 257 275 293 313 323 329 333 368 378 394 
397 418 442 458 460 470 473 485 492 544 548 568 578 
 587 597 626
 18
 2 31 36 46 64 114 171 175 368 412 425 470 
 485 538 542 578 603 620
 27
 1 45 95 100 127 139 168 197 199 213 231 254 
256 315 339 344 384 385 391 403 407 425 521 572 573 
 577 584
 30
 2 50 85 93 167 217 252 253 255 276 290 311 
324 337 339 356 385 408 465 477 517 540 550 568 574 
 599 609 617 620 624
 24
 3 26 27 102 135 222 240 263 266 273 320 427 
 430 486 508 546 548 581 587 602 610 613 614 618
 30
 2 4 8 43 47 56 114 134 153 193 214 219 
231 245 276 286 290 333 344 379 429 432 461 477 489 
 493 533 537 562 599
 41
 9 13 32 92 97 128 138 186 222 243 256 265 
280 291 292 307 310 312 330 344 345 346 361 368 375 
387 397 399 404 409 439 482 486 506 520 522 553 561 
 595 608 633
 29
 12 17 21 33 48 53 74 123 177 187 206 236 
272 285 311 318 347 366 403 421 459 468 477 481 485 
 522 534 586 634
 30
 42 86 101 117 174 211 283 322 328 334 374 382 
388 395 412 423 442 486 502 560 574 579 604 609 617 
 621 626 627 628 639
 27
 4 64 69 83 85 113 116 167 196 223 259 274 
278 344 355 369 378 398 400 411 417 419 446 482 551 
 554 612
 41
 1 27 31 47 48 61 84 87 94 106 114 122 
130 186 189 244 259 298 314 320 346 378 391 398 399 
402 414 449 483 515 518 523 530 548 559 565 566 568 
 606 625 637
 26
 8 47 130 151 156 161 190 207 286 309 322 339 
378 414 421 445 456 477 482 485 492 547 585 607 609 
 612
 31
 5 7 11 16 57 94 121 125 126 133 155 170 
197 209 222 255 274 316 321 352 358 371 403 408 480 
 510 539 585 587 593 623
 27
 31 61 66 67 72 121 133 152 158 199 220 228 
293 305 306 322 378 415 480 531 548 566 573 608 629 
 634 636
 29
 2 12 30 45 69 74 90 125 145 151 183 287 
315 326 332 383 388 439 447 448 478 497 515 516 536 
 574 614 632 639
 30
 11 24 41 70 141 142 154 168 171 258 266 287 
307 342 362 373 456 458 459 479 481 487 489 507 517 
 521 573 586 597 605
 36
 4 8 28 40 47 48 60 64 69 83 86 89 
91 102 127 129 141 149 206 219 228 229 257 258 380 
 395 411 423 433 443 492 508 527 529 571 595
 29
 27 47 57 75 139 161 212 213 221 266 291 319 
355 372 373 379 417 430 489 501 519 525 537 538 618 
 620 625 630 636
 38
 28 47 71 92 96 126 129 144 151 164 193 219 
250 263 298 320 326 350 361 369 382 391 398 400 410 
417 439 441 467 482 511 514 533 558 560 583 622 627 
 38
 3 5 6 26 49 61 84 117 129 150 153 174 
175 177 181 206 209 220 241 253 263 283 301 310 327 
408 428 447 452 480 501 531 587 592 594 597 601 623 
 33
 16 42 123 143 146 194 196 224 258 279 312 315 
319 345 357 363 427 439 441 443 447 461 477 481 500 
 516 526 592 603 617 624 625 638
 37
 4 16 57 75 83 144 238 260 261 274 278 292 
306 346 354 378 386 416 427 428 438 451 454 456 464 
 478 484 497 500 530 541 564 588 591 607 623 636
 25
 9 61 112 188 223 271 283 289 312 332 341 344 
380 424 431 447 462 464 481 522 559 572 582 601 639 
 26
 1 22 28 34 35 93 131 144 174 191 206 211 
227 261 290 337 383 387 402 476 477 480 515 579 621 
 626
 36
 24 33 55 74 75 130 143 155 170 201 232 239 
256 264 303 305 308 317 359 365 384 404 405 414 420 
 492 500 521 549 554 579 600 602 604 623 626
 30
 7 22 24 42 51 57 66 106 128 169 175 200 
219 224 241 282 329 339 348 361 382 406 412 413 438 
 509 514 560 566 568
 31
 13 20 75 77 99 115 125 161 216 221 238 272 
293 339 378 380 390 396 398 417 445 477 497 503 511 
 551 565 596 597 601 611
 31
 11 16 20 21 39 53 58 63 65 73 97 148 
154 170 171 195 213 235 244 252 315 338 400 414 460 
 510 530 539 546 549 570
 30
 9 46 51 57 59 91 103 113 116 185 195 196 
210 225 258 268 287 300 302 415 430 432 437 463 507 
 519 528 569 583 636
 40
 14 39 80 132 138 152 183 191 246 256 269 273 
279 285 292 315 341 345 359 375 385 411 415 438 470 
474 477 480 481 484 520 524 567 585 591 596 598 599 
 621 627
 33
 4 18 42 67 111 120 133 145 175 189 195 234 
241 256 270 328 338 351 359 365 407 412 437 449 451 
 465 479 531 549 561 569 586 624
 39
 3 4 22 27 30 45 54 90 119 151 158 170 
181 205 215 217 260 262 263 269 285 316 326 353 368 
428 450 451 452 496 502 543 552 565 575 598 607 624 
 638
 31
 2 13 25 35 68 79 93 118 127 136 142 188 
225 255 273 286 308 384 388 407 422 464 487 522 529 
 549 557 563 564 586 588
 37
 3 43 87 114 147 169 174 209 227 252 254 261 
270 275 278 302 318 320 322 334 336 356 380 394 407 
 415 451 462 511 519 584 590 600 618 619 637 638
 23
 2 21 23 43 63 108 129 133 154 166 167 188 
 256 272 434 455 518 540 558 600 602 612 619
 37
 11 15 50 56 72 88 89 118 145 167 196 205 
216 218 220 275 277 279 291 301 302 304 312 324 329 
 331 348 380 388 390 409 411 507 537 586 609 625
 37
 6 8 45 73 75 94 105 142 213 215 216 227 
228 278 294 313 364 390 393 394 404 412 431 476 484 
 508 540 543 554 559 563 570 582 615 617 620 623
 43
 1 5 10 37 47 56 69 91 116 133 169 193 
197 208 224 234 236 246 282 289 294 298 318 324 326 
346 364 382 394 459 477 484 488 499 508 519 549 550 
 599 602 605 623 624
 31
 17 28 31 83 107 129 143 191 197 208 237 260 
269 271 308 347 361 366 389 436 449 463 473 499 512 
 526 556 566 581 595 629
 29
 1 27 40 86 89 178 203 252 262 314 360 365 
373 379 445 482 483 492 496 550 569 572 583 605 607 
 610 613 633 634
 42
 2 7 10 11 37 44 50 54 73 83 100 133 
176 198 242 249 256 262 263 289 304 321 386 401 407 
430 447 458 478 493 501 518 527 553 566 571 594 598 
 599 600 629 635
 32
 2 30 40 97 105 128 144 145 147 181 184 238 
258 270 273 281 302 338 351 381 402 438 442 449 487 
 554 562 564 567 605 606 634
 34
 15 17 85 93 110 123 135 160 181 189 197 214 
228 292 300 313 332 376 377 378 411 416 449 452 458 
 464 465 466 518 526 538 554 555 563
 43
 27 36 56 105 129 151 187 211 212 231 245 255 
257 258 260 272 292 312 331 333 353 356 357 363 374 
391 415 416 426 436 457 461 515 526 545 549 576 601 
 613 616 623 624 626
 32
 36 48 52 69 79 101 122 138 139 142 188 205 
216 225 241 247 266 276 327 363 409 411 426 490 499 
 526 586 587 614 622 629 633
 27
 5 33 96 100 103 109 166 167 210 248 249 293 
313 361 373 374 411 425 456 478 488 512 522 543 562 
 615 622
 34
 3 9 18 22 26 71 93 106 109 122 148 159 
180 192 205 234 235 275 295 297 311 324 337 367 416 
 494 501 508 514 573 580 581 584 606
 30
 4 45 50 57 67 73 112 116 128 135 184 233 
250 317 319 326 344 390 404 412 413 423 437 441 479 
 507 512 552 553 622
 38
 1 2 25 43 45 47 66 96 99 109 126 127 
138 146 177 178 180 182 188 195 334 378 381 398 410 
417 482 485 493 504 510 528 534 543 552 592 606 616 
 29
 32 60 64 95 100 101 102 148 197 236 242 261 
288 318 328 378 397 421 427 428 471 478 541 550 581 
 582 618 619 634
 31
 4 11 45 52 60 77 87 105 134 168 195 206 
209 212 239 262 274 351 375 399 477 520 533 538 544 
 561 585 589 624 627 631
 46
 58 96 108 115 130 133 134 148 190 192 193 207 
216 245 254 276 300 315 316 322 328 336 359 405 408 
414 418 442 449 459 460 476 487 500 505 516 539 558 
 570 575 594 599 613 620 624 635
 36
 7 24 95 131 138 147 186 196 211 217 229 243 
265 269 277 282 291 304 309 310 345 351 368 372 380 
 382 408 459 505 519 525 554 560 606 608 624
 36
 7 22 41 49 55 121 134 136 137 138 143 180 
217 223 228 240 256 297 301 331 364 421 440 463 468 
 471 510 515 558 559 566 575 576 589 604 630
 35
 40 53 65 67 91 127 132 183 221 222 255 266 
291 293 299 312 318 324 331 350 389 390 441 442 447 
 454 456 464 468 482 517 529 563 603 614
 26
 16 22 30 67 71 106 142 183 185 196 218 233 
256 344 351 370 401 439 474 525 530 550 554 561 598 
 610
 38
 23 25 26 36 73 86 99 134 172 190 205 210 
212 255 268 289 317 340 347 371 384 388 444 450 471 
487 507 511 515 520 532 560 571 572 576 584 597 636 
 27
 6 31 34 38 40 66 101 134 164 242 255 263 
285 309 320 396 411 426 470 507 514 529 538 589 590 
 609 634
 33
 14 16 71 87 92 133 145 166 168 171 179 189 
209 222 234 264 271 273 319 356 363 374 402 409 429 
 443 447 462 472 479 486 517 562
 28
 23 86 88 134 161 207 214 220 307 318 329 339 
345 365 411 463 481 499 508 520 548 560 580 584 587 
 601 636 637
 34
 3 10 32 41 72 118 168 173 194 247 263 276 
277 280 285 288 291 305 326 356 379 409 411 423 426 
 433 445 453 507 523 554 567 583 616
 39
 11 22 33 38 57 87 89 115 127 142 150 167 
173 181 193 211 235 267 272 282 292 330 355 357 388 
392 415 441 454 462 478 479 487 494 561 568 599 610 
 627
 43
 8 25 29 47 48 66 84 95 98 111 137 140 
165 178 187 200 222 223 240 250 269 284 346 351 365 
379 397 408 442 443 453 458 482 485 533 539 563 579 
 592 601 604 610 626
 36
 4 20 45 49 95 99 120 123 130 148 171 178 
215 233 258 259 263 270 284 313 317 321 348 367 411 
 415 421 422 442 484 550 589 590 594 596 616
 41
 29 61 66 70 86 93 94 123 131 142 158 160 
163 182 198 215 223 225 258 268 269 272 314 315 323 
328 345 355 359 407 422 435 447 453 454 485 515 579 
 587 610 622
 34
 1 22 52 68 90 98 112 136 151 160 168 198 
254 256 260 277 288 311 333 348 371 375 383 393 394 
 409 457 507 510 518 519 565 601 615
 35
 9 18 22 27 70 110 128 138 198 254 261 301 
311 342 346 352 360 366 381 385 418 419 461 484 490 
 515 522 524 530 569 581 582 585 588 592
 32
 7 19 63 72 104 123 135 140 173 183 200 205 
241 243 257 289 328 337 344 404 408 454 456 458 463 
 510 512 516 539 556 558 608
 26
 1 13 29 54 98 140 152 182 189 199 235 322 
382 394 398 423 497 520 539 552 564 584 585 592 624 
 632
 37
 11 16 37 39 68 113 143 158 164 170 203 206 
213 236 249 267 278 322 329 335 336 342 350 388 397 
 430 434 438 442 453 465 469 472 483 513 562 622
 35
 32 46 47 64 168 171 186 187 204 216 217 231 
244 286 288 314 315 316 330 333 349 354 369 401 416 
 419 483 513 519 539 556 588 613 614 624
 33
 3 6 9 14 21 40 49 149 212 220 221 253 
263 280 285 331 347 362 363 406 441 478 538 542 551 
 576 577 599 600 602 613 629 637
 31
 7 8 12 36 79 91 93 102 114 116 129 167 
190 250 272 277 299 378 380 385 413 416 420 457 472 
 531 542 543 580 630 635
 29
 54 67 68 96 103 107 119 145 169 264 274 280 
312 386 389 392 426 460 485 488 496 506 547 562 592 
 604 606 614 631
 16
 17 89 105 155 254 278 284 349 364 399 464 466 
 472 541 589 628
 30
 20 25 35 46 75 87 173 187 201 220 234 237 
255 259 268 271 311 334 364 416 419 443 453 488 500 
 569 600 619 626 633
 26
 6 73 137 173 205 222 253 254 280 301 302 305 
336 363 380 421 479 492 521 588 591 592 611 618 629 
 639
 33
 3 7 28 34 81 97 102 105 107 141 172 181 
244 295 302 371 381 416 419 434 442 446 462 501 535 
 541 569 581 596 601 609 625 633
 32
 2 14 94 102 112 137 150 164 176 188 189 206 
245 296 317 329 354 388 400 407 417 421 431 453 535 
 541 545 546 555 558 568 630
 29
 13 26 47 54 60 70 85 175 185 206 207 262 
289 295 323 340 365 384 397 434 437 451 532 588 594 
 595 597 614 623
 29
 12 34 50 76 126 130 151 157 171 210 230 248 
260 273 289 300 349 381 388 416 435 444 496 502 514 
 515 541 545 617
 28
 31 43 63 77 81 103 124 202 213 215 237 261 
281 303 318 400 411 420 492 551 553 579 603 605 610 
 626 628 629
 31
 10 11 30 31 55 69 94 101 143 165 175 199 
228 310 330 337 378 411 413 422 427 435 478 482 485 
 499 519 558 585 598 601
 30
 6 9 13 24 61 66 72 75 77 86 106 116 
127 190 253 283 386 408 409 441 446 480 489 501 519 
 565 571 577 616 617
 25
 19 35 59 62 83 89 131 147 206 275 278 303 
316 349 373 395 420 423 431 455 469 490 499 620 622 
 28
 24 29 51 61 84 86 124 134 208 252 264 321 
341 379 403 408 460 463 503 511 515 535 538 574 579 
 592 598 603
 33
 2 56 64 68 76 96 98 105 117 157 170 175 
188 217 243 259 294 313 383 410 412 424 426 430 467 
 516 548 564 571 579 582 594 610
 22
 10 22 63 101 130 134 169 213 218 224 228 284 
 295 327 345 356 397 549 571 616 622 625
 35
 8 11 51 58 67 70 85 87 94 102 133 180 
190 197 213 226 255 258 326 330 355 403 405 421 441 
 454 462 479 521 522 553 556 559 562 597
 25
 7 13 45 49 58 68 86 123 124 181 206 210 
226 276 295 370 382 414 434 456 515 538 581 583 624 
 30
 23 59 71 87 105 108 124 128 150 160 169 189 
210 215 218 265 281 318 373 378 380 413 445 454 489 
 498 519 570 585 623
 30
 12 35 51 60 76 111 126 127 148 168 185 192 
207 210 228 298 299 312 331 353 355 360 405 415 439 
 442 452 458 484 545
 22
 1 19 54 85 138 152 155 182 261 265 323 386 
 390 417 441 448 477 504 510 525 564 607
 33
 5 38 50 90 108 116 136 149 151 153 202 217 
222 265 270 295 317 322 334 367 379 394 421 427 433 
 477 480 485 488 491 517 523 618
 32
 21 33 66 69 91 128 144 165 177 231 282 301 
332 338 357 359 391 396 412 419 454 457 475 478 491 
 504 538 561 565 595 620 621
 27
 5 9 22 47 51 74 81 85 111 123 153 171 
179 186 195 267 290 354 427 442 447 494 509 520 547 
 548 565
 33
 8 30 86 96 111 145 239 304 310 343 354 358 
362 384 397 404 406 426 435 438 444 448 455 456 485 
 495 500 539 547 581 618 623 626
 36
 51 77 85 86 91 126 152 161 167 224 225 264 
267 279 298 312 321 338 348 354 356 387 407 409 445 
 448 456 467 475 486 554 564 587 627 632 635
 42
 30 49 55 58 75 88 89 117 152 162 198 234 
243 263 281 290 296 300 304 320 329 356 357 384 385 
397 402 406 430 457 472 475 488 490 505 522 524 552 
 555 581 618 634
 41
 29 46 52 73 92 98 128 132 164 172 181 185 
198 214 236 242 259 277 316 321 334 342 353 378 388 
390 450 453 454 520 524 539 560 569 572 577 581 582 
 584 633 637
 36
 9 15 61 72 78 103 129 161 180 210 225 226 
244 252 256 265 305 407 419 424 443 445 457 472 478 
 479 481 490 522 528 532 543 592 596 607 620
 37
 46 77 104 108 128 140 170 183 190 231 238 240 
248 253 262 280 282 284 286 302 311 321 342 383 392 
 393 419 452 493 507 569 579 591 615 618 638 639
 33
 26 33 36 50 64 65 108 160 199 218 224 241 
252 253 255 261 275 323 325 343 395 409 441 442 448 
 554 561 585 586 614 616 630 638
 47
 5 18 24 37 39 43 57 66 71 104 106 113 
126 145 148 178 182 209 230 252 260 282 313 315 355 
358 363 368 392 413 446 452 461 482 492 520 534 558 
 561 569 582 586 596 598 620 626 631
 38
 6 9 12 15 22 25 47 50 51 56 67 101 
112 140 149 169 170 189 238 239 253 276 331 365 369 
370 397 428 482 518 531 534 553 571 575 592 616 630 
 33
 12 30 43 63 107 119 132 159 162 164 165 178 
207 208 212 215 264 342 344 345 349 350 362 422 438 
 501 521 523 551 598 603 609 611
 44
 11 20 55 109 133 172 179 199 201 202 224 228 
233 245 257 259 288 290 312 341 345 347 358 387 418 
423 428 436 451 452 454 469 472 480 484 488 507 514 
 551 560 578 600 602 638
 36
 8 46 52 72 79 88 91 100 123 161 190 213 
241 246 248 255 260 281 308 323 352 369 402 408 409 
 417 432 459 482 509 560 561 588 590 599 621
 45
 1 17 23 43 61 67 78 104 126 144 146 155 
176 178 210 211 250 262 285 294 297 310 311 320 335 
350 351 363 373 382 391 410 440 443 449 450 508 545 
 558 595 602 607 608 623 628
 37
 5 17 46 60 103 110 136 139 143 184 186 200 
201 207 216 227 268 273 283 313 315 326 331 332 340 
 345 379 393 432 446 451 506 528 546 582 587 628
 21
 2 104 115 124 132 164 219 236 239 273 286 290 
 292 323 361 373 379 425 525 573 587
 24
 25 33 36 86 110 125 143 167 205 252 255 430 
 444 448 477 502 516 553 576 590 614 621 624 626
 27
 12 16 44 54 97 108 123 153 176 213 231 236 
248 249 291 351 392 454 468 473 506 539 547 581 586 
 603 613
 27
 32 61 89 92 106 120 182 226 233 251 259 268 
303 338 383 395 438 449 495 526 544 554 564 579 585 
 612 633
 36
 33 47 64 83 118 130 156 177 179 182 197 220 
255 267 268 283 286 321 387 398 413 437 460 466 476 
 498 502 525 532 544 555 568 574 579 609 635
 36
 15 32 33 50 58 65 87 91 93 109 186 194 
204 208 227 246 255 355 368 391 412 431 433 445 458 
 470 475 478 479 480 493 511 512 554 609 619
 39
 5 63 82 86 100 119 136 142 149 153 165 188 
207 226 258 277 302 306 353 356 357 370 381 390 398 
453 462 464 467 469 484 511 576 583 588 590 595 599 
 611
 30
 4 58 79 111 131 137 149 167 176 180 234 260 
264 317 348 349 382 387 395 400 435 459 461 467 486 
 491 510 534 559 619
 26
 21 29 52 70 166 222 245 256 275 276 333 399 
490 512 517 518 519 523 525 539 542 543 567 590 591 
 632
 34
 14 50 59 90 128 148 157 175 183 198 237 246 
253 254 275 286 289 303 319 321 353 358 373 383 406 
 439 451 467 536 543 552 562 606 615
 22
 34 46 48 69 86 145 151 171 172 195 219 264 
 276 361 363 365 412 467 491 538 542 633
 41
 30 32 74 79 88 99 121 193 197 214 225 238 
261 266 317 325 329 333 337 341 381 389 422 441 450 
466 481 491 501 503 527 543 546 575 581 584 589 611 
 623 632 633
 33
 17 68 102 104 124 145 160 171 184 228 238 288 
314 327 329 359 368 397 399 453 487 517 518 524 545 
 565 567 576 605 613 622 623 626
 30
 2 4 18 29 63 68 113 134 186 213 278 299 
323 327 344 350 362 377 380 384 409 428 430 437 448 
 503 510 517 544 548
 35
 15 75 119 144 154 172 206 252 257 268 274 279 
296 297 308 319 337 352 354 361 365 368 409 482 483 
 491 540 541 557 584 586 608 611 616 622
 29
 6 19 22 25 79 96 98 102 133 138 162 168 
176 187 197 203 207 228 271 273 300 326 328 453 468 
 481 508 573 616
 27
 3 23 51 57 106 113 137 182 221 236 246 275 
281 311 328 358 366 376 512 543 544 564 627 628 631 
 632 636
 26
 7 10 51 54 62 66 96 104 122 153 190 213 
240 273 279 311 347 392 441 445 514 541 574 611 629 
 636
 32
 7 74 101 109 113 145 171 195 196 198 242 244 
280 297 310 318 321 331 371 378 387 436 454 463 477 
 484 577 601 602 610 625 628
 41
 19 32 34 56 61 68 131 140 171 173 174 182 
190 209 229 255 264 286 288 307 313 350 369 414 451 
460 492 495 500 513 534 549 551 557 565 568 581 591 
 599 604 609
 30
 3 9 14 23 30 35 55 64 91 98 125 143 
159 179 221 256 299 350 362 387 411 422 429 444 453 
 459 469 500 509 528
 31
 4 10 19 49 97 105 117 146 155 163 181 195 
215 236 257 271 272 314 343 344 351 420 443 448 483 
 491 516 533 559 570 575
 29
 37 53 56 98 104 107 140 167 190 208 217 229 
235 253 264 289 334 345 353 366 421 435 482 523 563 
 571 586 588 633
 29
 9 20 32 39 45 57 61 108 127 142 176 208 
254 291 316 355 357 369 371 395 407 416 449 457 500 
 512 567 569 605
 35
 54 81 90 104 119 186 204 212 230 237 262 263 
265 299 321 330 374 385 410 442 477 494 495 498 507 
 545 566 582 584 590 617 622 632 633 634
 41
 13 25 31 34 50 55 63 71 72 90 96 97 
117 153 170 194 222 233 267 305 312 348 357 362 403 
445 447 488 489 494 498 516 539 540 554 586 589 602 
 603 618 623
 32
 1 16 55 89 91 95 136 234 265 287 292 293 
296 328 347 377 387 402 489 490 491 492 511 523 526 
 530 536 545 578 596 612 634
 24
 24 55 65 117 125 160 184 189 227 257 270 284 
 319 341 384 452 517 518 558 582 590 616 625 635
 30
 49 53 58 90 91 101 111 171 191 207 219 258 
259 276 284 335 357 399 425 444 461 523 524 533 536 
 548 555 556 615 628
 34
 63 68 70 118 149 157 185 205 234 245 255 257 
265 280 309 324 328 356 446 457 463 466 491 495 521 
 524 533 540 550 562 604 615 637 638
 30
 4 26 30 40 54 151 168 185 186 192 209 223 
234 270 290 292 323 341 382 419 420 423 443 464 480 
 495 589 609 613 634
 37
 7 8 20 31 86 88 124 142 143 167 182 186 
201 226 261 306 315 340 376 381 384 390 391 397 415 
 420 425 464 483 486 499 519 542 560 588 589 611
 31
 2 13 44 64 81 90 102 103 152 174 175 184 
207 220 231 254 267 315 319 329 333 360 371 385 389 
 409 463 498 501 612 618
 35
 68 82 118 125 137 143 169 174 216 261 269 296 
304 310 311 324 346 348 360 403 446 467 468 480 512 
 522 529 568 578 598 606 608 621 626 634
 38
 6 18 28 48 56 67 77 137 151 152 172 201 
208 213 265 268 283 304 328 346 376 388 398 400 413 
450 469 483 496 519 523 524 537 569 581 613 625 632 
 30
 2 38 54 65 96 107 147 166 192 205 226 266 
283 287 288 294 316 351 376 390 436 447 493 502 508 
 584 608 616 618 638
 35
 21 28 44 48 63 66 88 101 112 134 242 248 
253 269 287 312 320 324 345 348 385 388 406 414 424 
 472 523 542 553 581 588 612 616 631 636
 32
 4 52 64 80 123 152 156 162 216 267 272 287 
317 332 346 356 363 370 416 422 461 479 487 493 500 
 520 533 535 554 593 627 639
 39
 8 58 60 85 90 101 111 113 125 126 156 167 
174 191 208 232 235 276 295 312 332 344 346 352 443 
446 456 461 499 512 516 521 522 542 553 559 561 578 
 634
 37
 60 86 102 148 155 172 174 187 194 222 238 246 
252 280 311 318 335 405 415 420 432 443 446 455 476 
 481 484 497 498 506 575 605 619 621 626 634 639
 31
 14 73 91 97 98 103 116 144 152 175 184 200 
209 281 302 318 343 346 349 363 394 402 477 480 487 
 495 506 563 564 570 601
 30
 15 23 32 41 61 66 114 172 192 226 268 278 
280 286 379 389 400 428 445 477 491 510 540 559 571 
 587 597 601 635 636
 37
 5 46 54 55 62 107 108 112 137 145 157 158 
171 190 201 212 221 266 273 278 376 383 411 412 418 
 461 479 489 490 507 512 542 565 576 582 601 615
 31
 21 65 69 95 124 159 171 189 203 213 215 224 
233 264 278 335 344 348 396 401 433 439 486 495 507 
 518 528 555 559 609 632
 38
 12 27 48 51 95 101 125 130 173 188 192 214 
228 236 251 261 279 280 297 315 317 325 329 346 349 
378 380 414 418 450 456 474 546 561 588 599 623 625 
 42
 3 11 15 27 62 76 84 130 148 177 182 187 
188 189 194 202 232 263 312 323 340 345 346 351 372 
375 379 438 446 454 461 471 480 481 506 526 527 549 
 573 585 604 608
 28
 15 42 125 163 167 172 213 253 259 282 310 318 
371 374 385 389 414 441 454 471 496 524 530 541 584 
 598 616 617
 42
 3 7 12 20 34 80 82 85 97 107 109 129 
168 171 178 179 181 185 194 195 258 260 292 352 365 
399 404 424 429 442 454 455 465 504 517 535 560 602 
 603 611 615 629
 29
 5 7 9 15 87 88 169 170 210 211 215 216 
220 227 265 345 382 427 436 461 465 483 508 520 525 
 527 550 555 561
 33
 12 20 49 57 67 106 134 140 143 154 156 175 
176 219 252 270 273 360 364 372 382 406 412 443 447 
 452 458 463 496 512 518 591 602
 26
 1 25 70 71 94 124 264 265 275 280 321 323 
330 333 358 369 396 445 457 463 479 506 519 548 563 
 624
 34
 3 16 27 55 76 87 105 170 214 223 225 230 
250 255 263 281 297 310 312 354 369 384 391 407 409 
 425 448 468 492 500 531 576 583 622
 32
 37 75 81 88 96 166 177 193 298 313 337 340 
382 383 411 417 420 425 447 455 489 491 517 527 544 
 555 568 578 583 587 591 633
 34
 74 78 89 131 148 152 159 168 172 181 215 216 
218 221 248 249 264 277 282 293 303 314 318 393 514 
 526 544 557 561 566 587 598 611 619
 33
 47 66 127 154 218 224 254 278 314 339 363 370 
383 405 429 441 459 471 479 491 504 527 542 552 556 
 560 569 571 603 607 608 629 632
 33
 1 21 29 40 71 80 93 94 101 107 168 220 
222 243 258 268 310 325 337 351 378 399 404 437 495 
 508 564 572 590 625 626 630 637
 36
 33 51 76 90 104 122 137 161 174 175 178 179 
211 229 254 269 270 273 291 309 357 384 451 453 465 
 490 505 512 541 542 545 549 551 612 615 630
 35
 30 45 100 110 152 169 170 212 216 238 254 295 
330 335 358 371 392 393 402 411 414 432 448 462 463 
 507 534 538 542 543 575 598 602 605 624
 30
 1 35 77 79 91 107 131 136 173 211 224 276 
347 366 407 441 452 456 461 469 484 485 513 536 539 
 574 584 600 627 632
 33
 19 26 94 126 153 165 170 201 218 245 283 285 
291 294 306 307 328 417 441 444 450 481 496 505 507 
 524 543 561 562 565 602 603 637
 23
 93 108 114 281 324 357 362 384 405 415 421 451 
 469 480 487 514 542 582 603 615 619 637 639
 37
 13 28 67 72 123 142 158 178 184 191 198 200 
216 219 246 258 267 268 282 283 294 300 301 332 340 
 376 395 413 418 423 424 432 511 516 530 559 589
 37
 10 56 75 177 187 189 196 218 219 221 247 255 
256 262 310 316 317 327 338 350 360 392 440 461 464 
 476 494 515 517 539 543 554 570 573 588 590 620
 24
 14 20 76 85 96 128 140 158 223 242 244 266 
 316 332 429 431 477 484 509 546 559 595 599 631
 20
 1 36 38 44 57 84 101 155 205 259 317 361 
 362 444 458 485 494 524 568 588
 52
 27 52 54 55 61 70 84 92 139 140 147 149 
151 155 177 185 187 195 221 243 250 264 267 271 281 
284 311 315 329 339 345 360 362 379 382 399 414 457 
477 509 513 524 526 541 554 565 571 582 595 597 630 
 636
 35
 4 23 38 83 103 106 132 134 170 171 180 187 
199 226 229 255 256 258 274 317 325 379 387 409 410 
 444 457 471 475 480 514 535 591 593 632
 40
 10 55 58 103 139 173 176 178 186 208 229 240 
259 271 284 288 318 321 327 335 352 362 387 392 400 
408 412 423 441 442 447 449 497 523 566 570 582 594 
 630 634
 37
 10 12 31 36 54 55 60 85 117 126 130 141 
159 191 209 219 225 242 262 273 345 348 349 368 384 
 389 394 411 445 469 489 507 529 567 601 605 625
 35
 18 34 95 127 134 171 176 185 187 244 252 254 
256 301 305 325 385 407 417 468 478 480 482 499 510 
 518 520 523 535 543 566 579 597 600 637
 20
 11 44 67 72 75 137 212 218 224 261 271 358 
 395 434 452 473 562 597 610 637
 33
 18 60 93 136 137 148 167 198 209 216 227 270 
290 292 313 346 349 352 386 404 413 534 541 544 545 
 555 564 584 586 598 602 615 634
 39
 17 40 49 94 96 117 125 133 142 143 145 150 
173 207 259 260 270 294 298 301 305 311 325 348 363 
463 467 477 483 510 515 527 541 557 571 591 601 621 
 623
 34
 8 26 127 138 158 173 192 232 237 297 335 344 
347 352 373 395 427 448 457 459 468 476 478 524 529 
 558 562 570 584 588 589 600 605 627
 31
 49 83 133 158 211 220 241 273 275 332 334 377 
408 409 421 432 455 480 488 510 519 536 561 563 572 
 577 580 589 603 627 638
 25
 13 34 132 164 190 212 279 353 365 383 391 407 
415 440 443 453 461 466 468 530 540 548 587 631 636 
 24
 41 141 178 223 227 230 256 263 310 347 348 420 
 431 446 474 477 498 506 512 525 552 584 594 634
 36
 39 45 121 130 138 148 156 242 248 261 312 313 
351 391 396 423 426 449 450 477 497 501 507 516 542 
 545 547 550 563 572 574 581 612 629 635 639
 36
 5 11 32 52 64 81 88 104 111 129 131 168 
179 217 230 269 281 291 322 342 347 349 351 372 405 
 449 457 504 549 558 561 568 571 581 620 637
 36
 44 58 62 80 128 141 146 155 207 217 226 231 
239 262 265 298 304 310 325 341 351 383 384 402 422 
 428 437 460 480 544 556 558 561 574 578 626
 33
 2 19 25 38 41 46 71 97 155 214 224 252 
257 269 271 289 312 313 314 336 373 393 422 489 493 
 515 522 534 568 590 594 628 635
 35
 17 41 52 60 99 103 114 167 177 255 277 286 
339 346 352 359 360 374 424 427 456 468 475 478 530 
 533 544 551 566 567 573 577 586 587 630
 37
 5 108 132 153 167 172 200 204 217 221 235 257 
262 277 290 320 335 351 364 372 379 388 389 398 408 
 409 422 433 439 504 506 560 591 592 597 602 607
 35
 1 36 56 82 85 98 105 109 124 125 157 180 
201 248 270 294 303 311 313 417 433 435 441 479 507 
 528 533 560 567 589 608 614 623 635 636
 43
 50 62 98 99 111 115 132 133 172 194 226 235 
262 305 331 334 336 338 348 370 371 373 381 401 416 
455 464 468 473 496 509 513 518 536 560 573 575 609 
 620 622 623 625 633
 38
 6 10 46 47 49 124 135 136 141 174 212 216 
218 231 249 274 281 311 314 327 332 368 374 407 408 
431 485 491 505 542 543 564 582 597 600 604 626 628 
 27
 1 5 14 37 40 48 53 58 104 149 199 208 
326 359 386 431 432 441 509 511 526 557 570 581 594 
 596 628
 35
 3 7 21 23 27 37 50 60 63 64 85 90 
150 164 231 239 256 263 270 343 353 358 393 395 437 
 456 463 474 511 532 536 541 563 579 635
 32
 12 41 57 88 94 117 141 156 208 212 239 243 
255 267 283 316 370 380 393 403 410 427 464 499 508 
 515 563 569 575 614 628 630
 49
 18 20 24 31 40 49 50 72 81 99 103 114 
181 207 226 231 237 238 247 268 273 284 296 310 319 
327 357 368 386 394 413 418 435 449 454 459 467 483 
 491 492 513 521 544 563 565 578 608 630 639
 32
 3 43 75 87 136 150 153 159 176 177 185 190 
223 265 279 280 289 304 313 331 350 357 382 414 430 
 443 452 526 529 607 609 617
 35
 7 18 22 70 170 172 179 232 245 252 260 271 
313 348 356 361 381 407 427 431 434 444 445 460 501 
 517 534 540 541 550 558 624 631 638 639
 37
 8 21 54 78 107 110 129 144 156 196 252 264 
274 310 332 344 365 418 419 440 442 446 460 481 508 
 509 514 523 525 529 535 542 578 592 593 607 636
 37
 9 39 59 61 88 96 106 157 159 162 172 179 
183 216 232 248 271 303 345 349 357 365 427 455 457 
 472 486 504 507 513 547 561 584 593 594 598 631
 34
 1 13 22 54 63 77 94 123 169 176 181 184 
212 262 264 269 290 296 323 332 361 365 390 419 421 
 478 499 548 550 567 570 578 590 627
 30
 8 59 107 130 133 163 205 318 322 324 339 340 
379 383 398 410 435 444 451 482 523 534 562 566 580 
 584 596 606 608 632
 36
 9 33 89 99 123 148 150 176 189 219 256 259 
264 288 290 347 353 371 381 413 417 419 425 445 452 
 459 490 511 514 530 537 567 613 620 624 637
 20
 3 47 90 114 132 150 158 174 258 270 272 292 
 374 425 484 539 558 591 628 630
 33
 11 26 32 50 56 65 93 151 157 164 168 227 
269 304 331 350 383 386 393 395 410 443 460 470 477 
 540 541 550 556 595 596 605 608
 39
 13 55 59 72 89 104 106 139 142 164 203 220 
259 268 284 287 300 330 334 380 410 412 418 429 433 
455 471 483 580 582 591 592 597 599 602 605 618 632 
 633
 23
 18 52 54 57 87 94 141 179 232 260 266 274 
 311 317 340 380 391 446 460 481 488 612 623
 36
 12 15 16 53 89 135 139 157 184 185 191 214 
223 266 314 326 346 355 356 406 417 423 436 444 458 
 463 508 513 529 536 573 574 581 594 597 610
 37
 7 10 45 68 82 119 133 137 139 144 153 176 
186 193 196 257 271 297 320 322 334 336 338 343 348 
 371 406 419 442 514 516 518 598 604 611 615 631
 35
 6 9 13 58 65 101 121 126 169 173 179 186 
212 228 242 254 258 263 283 319 338 340 385 409 424 
 434 472 498 507 547 565 570 595 604 632
 22
 28 46 56 87 115 155 257 259 322 327 353 373 
 379 385 470 514 527 533 592 597 611 620
 32
 6 7 8 34 40 50 70 120 143 167 193 210 
227 267 285 326 338 431 443 471 481 523 529 530 539 
 544 546 567 577 613 638 639
 26
 7 15 39 41 58 86 166 200 216 235 247 272 
381 384 405 420 430 446 454 481 485 495 512 592 614 
 630
 33
 21 51 53 61 90 93 118 123 143 152 188 229 
259 267 281 287 318 334 341 346 380 450 473 474 522 
 524 538 572 573 615 617 618 637
 27
 3 62 97 108 193 230 240 254 305 327 377 379 
386 409 432 479 488 493 501 509 511 516 519 558 570 
 597 606
 31
 25 51 54 59 92 104 156 168 188 261 268 293 
306 377 378 379 381 384 431 436 437 442 451 492 503 
 521 527 531 546 588 607
 47
 37 44 58 76 80 124 135 136 180 188 189 197 
225 235 253 268 277 282 283 314 319 323 336 345 359 
362 367 373 375 382 424 429 430 443 448 458 477 495 
 517 518 531 552 568 581 593 602 611
 38
 38 54 57 95 99 115 132 140 167 168 206 219 
249 277 296 328 333 349 357 367 394 402 410 426 431 
432 439 497 501 533 558 567 568 587 598 609 612 622 
 33
 14 30 59 73 135 138 149 167 176 215 257 266 
272 289 291 339 352 361 389 407 465 466 479 486 488 
 552 559 580 621 626 633 635 637
 43
 86 89 123 134 222 232 237 247 275 299 314 349 
354 364 366 368 370 377 381 385 395 433 475 504 505 
507 516 521 527 546 547 565 575 578 585 590 591 600 
 607 628 629 632 638
 28
 1 48 67 72 85 124 129 171 174 196 205 212 
247 292 308 356 375 414 423 443 473 504 535 547 550 
 551 590 619
 31
 16 57 66 73 107 125 140 155 190 197 208 211 
220 225 256 260 274 319 332 351 353 358 386 447 464 
 481 500 538 545 548 639
 35
 2 13 25 60 61 74 75 110 157 188 198 214 
220 257 262 265 266 296 300 316 321 349 382 436 443 
 444 456 484 490 542 549 557 561 617 630
 36
 6 26 27 32 39 60 84 113 143 168 173 179 
211 238 254 257 264 276 310 370 392 418 446 456 473 
 477 513 522 532 539 559 564 575 586 624 631
 32
 35 48 85 99 104 108 109 112 125 128 133 165 
172 197 209 217 222 230 252 269 292 323 324 386 396 
 422 477 497 502 552 559 624
 37
 5 33 45 60 79 116 124 132 138 153 154 174 
205 245 279 311 323 343 347 353 364 391 418 451 452 
 462 478 507 525 556 563 568 583 588 590 608 631
 34
 34 56 82 85 88 94 100 136 173 224 232 240 
254 258 259 283 295 317 338 379 380 387 392 403 417 
 454 463 466 479 502 521 576 620 624
 37
 3 5 21 23 45 73 74 118 127 132 139 166 
171 180 193 200 205 226 255 260 298 324 354 410 416 
 417 457 465 481 512 516 538 560 571 572 622 637
 34
 3 16 35 36 49 52 85 88 90 98 113 130 
138 162 173 180 191 207 211 262 265 270 273 346 350 
 371 437 458 480 485 529 534 549 586
 32
 15 34 55 56 92 105 113 144 174 179 187 218 
227 230 245 246 253 312 343 357 390 407 417 420 441 
 498 513 525 527 618 621 630
 37
 6 59 76 123 206 208 223 237 239 252 258 265 
267 295 328 335 337 349 364 377 379 391 396 399 408 
 436 451 460 539 540 553 556 584 597 603 613 630
 33
 2 6 11 18 54 77 100 110 167 185 191 202 
222 226 275 277 298 328 350 375 381 390 425 430 443 
 486 513 552 558 575 583 613 631
 25
 3 29 59 176 181 217 241 258 286 301 310 327 
346 355 371 488 498 513 534 550 585 586 608 620 633 
 43
 6 28 117 120 121 127 135 140 146 160 175 198 
201 214 231 237 241 256 271 299 311 333 345 379 416 
421 441 445 458 484 493 502 503 509 512 539 545 574 
 583 585 593 609 638
 29
 34 53 59 78 115 139 141 171 181 198 199 236 
253 277 294 306 314 381 386 391 407 414 445 465 487 
 568 581 600 631
 31
 10 81 88 103 131 140 169 193 227 281 295 297 
325 347 354 355 357 366 394 407 421 442 494 503 525 
 527 541 582 604 607 638
 29
 4 19 21 23 42 45 56 77 145 147 149 155 
207 231 329 344 355 367 381 427 429 456 493 505 508 
 509 541 590 599
 24
 16 41 94 118 162 170 192 230 267 298 310 328 
 371 377 408 438 470 478 482 496 539 544 560 599
 30
 36 69 82 127 167 193 201 210 214 244 274 294 
314 336 338 347 353 414 432 450 457 483 518 532 584 
 587 594 603 612 616
 27
 1 22 62 68 70 114 135 159 175 183 187 261 
280 385 387 408 416 418 423 430 458 497 518 542 597 
 598 609
 30
 6 17 27 31 52 69 101 149 163 175 235 274 
303 325 336 364 397 402 403 420 455 495 496 508 531 
 542 545 578 602 635
 34
 4 7 14 39 74 126 128 134 136 169 171 214 
232 239 291 324 407 439 444 448 450 480 489 508 530 
 531 532 543 559 571 574 581 607 619
 39
 5 19 39 45 56 71 87 98 100 106 132 209 
220 235 267 272 279 283 288 294 315 327 339 344 359 
387 403 475 486 495 500 531 540 554 576 581 605 626 
 639
 32
 21 22 29 62 120 132 133 158 174 205 221 238 
295 325 335 352 357 395 423 447 451 453 465 493 508 
 510 512 564 566 581 586 615
 31
 38 52 57 104 112 116 132 168 194 199 229 293 
314 351 360 374 452 453 467 510 529 531 534 546 569 
 574 575 590 595 598 635
 40
 20 26 92 109 113 138 146 162 167 184 199 221 
224 229 232 248 253 271 274 283 302 320 326 329 364 
365 391 415 419 426 489 512 544 558 580 596 598 601 
 611 631
 27
 3 7 11 14 46 77 110 142 145 151 153 178 
209 214 228 312 338 349 363 385 426 483 492 540 586 
 587 607
 27
 20 30 33 56 57 67 90 97 169 206 235 241 
293 349 352 367 380 396 402 449 489 497 515 531 532 
 545 593
 34
 41 49 98 105 109 116 123 238 264 284 286 293 
314 317 343 360 387 407 412 437 440 477 480 483 488 
 515 532 551 552 565 581 585 598 604
 30
 2 23 120 141 192 216 298 318 333 335 357 368 
375 399 415 420 426 438 464 508 511 526 535 552 555 
 570 576 588 596 621
 25
 2 12 24 34 48 62 84 120 169 182 230 243 
253 274 287 344 401 408 414 417 439 459 484 526 539 
 36
 19 29 39 47 59 65 86 92 113 131 137 171 
207 219 257 275 281 284 293 297 298 330 353 381 383 
 406 420 426 435 445 477 551 574 605 626 630
 32
 5 12 28 47 85 91 125 147 160 191 210 300 
362 367 372 393 404 407 408 438 444 455 474 494 508 
 511 513 528 549 559 589 617
 32
 3 5 15 55 73 111 115 120 124 139 146 230 
233 257 262 265 304 358 360 370 388 418 430 432 501 
 546 565 582 593 604 616 636
 30
 19 38 65 72 78 105 107 115 125 147 154 156 
172 259 283 306 395 406 416 455 497 534 546 555 560 
 593 597 615 624 636
 27
 69 84 101 150 208 214 221 226 246 261 282 353 
367 374 389 421 450 479 482 506 551 552 583 589 608 
 623 635
 31
 12 29 34 46 59 97 127 135 161 175 192 193 
213 231 237 242 248 270 289 325 382 438 441 465 479 
 509 578 580 589 617 629
 33
 3 7 30 51 66 106 159 178 183 199 204 206 
215 248 259 296 301 342 379 427 436 454 481 485 513 
 529 546 558 569 601 606 617 637
 36
 15 18 47 48 52 53 77 90 133 145 157 164 
212 214 215 227 237 244 260 276 300 306 310 330 400 
 410 481 502 512 526 541 562 578 584 593 597
 29
 58 63 79 85 161 197 267 291 320 358 360 418 
431 444 457 470 481 486 494 548 573 587 601 612 616 
 619 627 635 636
 35
 21 24 29 65 70 86 131 144 173 175 178 181 
185 192 215 226 271 275 310 414 422 484 503 514 523 
 549 569 580 589 591 597 618 621 627 630
 45
 4 14 16 22 47 52 58 60 116 167 171 188 
191 230 239 255 258 259 270 276 280 299 312 326 344 
391 407 448 449 459 468 473 481 487 495 501 522 556 
 558 562 566 589 593 604 628
 29
 57 64 100 102 127 129 144 170 188 196 219 234 
251 274 285 303 313 322 337 354 416 446 452 490 498 
 507 595 596 635
 29
 12 17 26 45 68 94 100 163 166 175 183 194 
221 326 352 355 372 376 380 388 408 434 460 538 564 
 585 596 597 612
 29
 15 59 65 70 93 123 173 183 215 224 243 272 
274 275 283 304 321 329 330 409 474 499 538 540 566 
 577 623 624 631
 24
 7 24 49 57 62 173 176 194 236 253 278 279 
 293 299 326 390 494 496 498 530 604 618 622 635
 35
 14 36 91 136 138 165 174 180 211 247 265 269 
280 289 299 347 351 353 386 442 465 481 483 485 486 
 491 498 530 539 550 572 581 604 606 623
 35
 15 18 46 51 68 92 140 160 178 192 202 218 
219 225 232 246 259 260 293 325 339 342 378 387 389 
 404 406 407 410 411 437 466 540 551 585
 31
 6 46 68 88 90 97 103 146 154 163 173 174 
218 236 367 401 405 433 440 458 471 496 507 509 517 
 567 572 588 591 606 636
 40
 69 81 92 98 102 104 125 137 161 189 191 194 
259 272 287 316 346 386 409 436 447 450 452 455 468 
478 480 501 526 535 537 538 540 548 562 564 570 573 
 603 632
 29
 27 30 97 141 143 156 163 213 238 247 296 315 
322 352 365 386 388 409 448 474 490 492 510 518 547 
 587 601 637 639
 23
 26 28 32 82 98 118 216 238 251 288 293 322 
 381 415 420 434 488 490 551 567 604 619 635
 28
 3 47 67 144 205 208 209 217 233 240 249 268 
270 271 319 320 344 362 367 370 394 413 422 480 507 
 528 580 639
 40
 19 37 51 52 55 57 66 70 110 126 146 152 
167 168 172 203 211 223 235 241 246 253 290 294 322 
401 410 422 443 446 475 498 510 516 520 532 538 544 
 577 588
 21
 29 45 89 117 137 147 166 214 229 236 270 331 
 344 353 473 478 481 532 560 590 634
 34
 13 19 78 86 94 98 99 126 135 175 178 213 
217 277 303 322 324 352 381 383 424 435 442 471 477 
 525 528 561 576 590 593 598 624 635
 33
 14 36 82 89 126 202 209 237 245 260 279 290 
299 307 378 405 408 412 417 424 451 467 473 497 499 
 511 543 552 592 598 614 626 637
 39
 10 49 91 92 111 124 125 127 144 147 169 179 
192 193 218 227 254 271 287 321 322 326 334 364 378 
388 396 404 410 418 479 491 517 528 538 564 567 586 
 617
 38
 6 24 27 43 70 71 72 87 95 96 97 108 
128 135 138 149 205 210 211 269 278 316 352 374 385 
389 418 429 486 512 517 521 531 538 571 578 622 637 
 29
 1 16 26 64 109 117 128 191 213 240 256 257 
297 305 340 398 402 447 448 455 462 464 476 493 502 
 523 526 553 609
 34
 15 41 42 74 85 88 97 102 142 158 211 215 
234 296 319 360 382 391 438 469 479 484 492 493 518 
 558 559 613 615 619 620 630 635 638
 36
 33 53 73 90 95 101 110 125 142 166 233 249 
281 313 321 326 330 333 374 383 407 408 417 431 455 
 459 467 469 477 497 536 553 574 582 590 635
 35
 32 49 50 54 100 109 114 124 133 135 139 169 
184 201 203 215 234 242 268 359 383 413 414 447 506 
 508 511 537 584 594 602 604 622 626 628
 36
 4 5 18 24 45 49 80 96 117 119 122 129 
130 156 176 181 182 230 240 282 296 412 415 423 466 
 475 477 483 485 510 524 563 575 606 610 628
 36
 11 15 34 35 52 53 67 92 96 113 119 138 
162 168 170 206 239 294 354 380 387 389 402 420 427 
 429 433 489 509 513 552 570 597 606 635 636
