 200 229
 1 1 1 1 1 1 1 1 1 1 1 2 
 2 2 2 2 2 2 2 3 3 3 3 3 
 3 4 4 4 4 4 4 4 4 5 5 5 
 5 5 5 6 6 6 6 6 6 7 7 7 
 7 7 7 7 7 7 7 7 7 7 8 8 
 8 8 8 8 9 9 9 9 9 9 9 9 
 9 9 10 10 10 10 10 10 10 10 10 10 
 10 10 10 10 10 10 11 11 11 11 11 11 
 11 11 11 12 12 12 12 12 13 13 13 13 
 13 13 13 13 13 14 14 14 14 14 14 14 
 15 15 15 15 15 15 15 15 15 16 16 16 
 16 16 16 16 17 17 17 17 17 18 18 18 
 18 18 18 18 19 19 19 19 19 19 20 20 
 21 21 21 22 22 22 23 23 23 23 23 24 
 24 25 25 26 26 28 28 28 29 29 29 29 
 29 29 30 30 31 31 31 32 32 33 33 33 
 33 33 33 34 34 34 34 34 35 35 35 35 
 35 35 36 36 36 36 36 37 37 38 39 39 
 39 41 45 45 46 46 49 51 53 57 59 80 
 100 
 5
 20 87 166 190 211
 4
 7 46 100 188
 7
 7 21 64 91 114 132 145
 3
 177 222 228
 5
 76 159 175 193 227
 7
 80 106 157 166 167 188 219
 3
 24 48 82
 6
 7 21 121 131 153 172
 8
 25 32 95 103 116 124 160 179
 5
 8 81 110 175 212
 7
 34 40 133 160 162 218 224
 5
 16 41 49 71 222
 7
 68 75 143 161 214 218 228
 5
 29 61 143 215 227
 5
 4 5 49 107 220
 7
 26 62 102 137 184 188 204
 5
 7 68 160 204 221
 7
 6 29 92 135 188 191 215
 4
 100 150 162 229
 1
 19
 6
 16 67 73 93 124 130
 7
 3 9 72 101 117 169 196
 5
 4 26 36 115 143
 9
 22 65 68 92 138 153 207 217 225
 4
 20 59 65 176
 3
 17 137 184
 10
 5 59 66 94 96 107 121 125 132 227
 7
 69 83 119 156 198 203 226
 5
 20 76 106 172 221
 6
 2 48 138 157 207 209
 6
 6 49 123 161 181 198
 6
 20 24 75 127 206 214
 8
 47 67 116 133 142 147 163 223
 5
 47 71 85 110 212
 4
 100 159 173 212
 4
 27 144 152 180
 10
 143 148 171 181 183 188 192 198 203 224
 4
 14 65 113 142
 7
 17 51 79 122 142 205 221
 7
 43 46 98 136 186 194 203
 7
 128 178 185 194 196 197 215
 5
 37 56 96 201 208
 2
 126 158
 5
 34 92 94 123 130
 5
 20 48 98 99 117
 5
 32 48 63 155 198
 4
 2 78 80 201
 10
 14 15 26 108 149 170 177 202 223 228
 6
 30 37 100 105 115 192
 4
 47 137 145 180
 5
 14 65 121 123 172
 5
 74 77 107 144 151
 2
 27 76
 7
 58 76 125 162 183 201 228
 6
 45 78 168 190 199 213
 4
 33 195 224 229
 6
 46 58 124 152 174 220
 3
 31 59 201
 7
 10 38 40 66 115 122 157
 3
 18 156 183
 8
 21 85 86 102 103 130 134 137
 5
 8 100 110 172 223
 7
 13 14 53 93 102 104 208
 6
 12 14 30 54 78 126
 3
 60 164 227
 4
 57 65 76 221
 3
 13 108 112
 4
 38 88 95 216
 6
 186 210 219 226 228 229
 6
 59 65 104 122 172 215
 6
 50 63 127 151 194 200
 4
 15 80 114 165
 4
 78 132 163 228
 4
 115 149 163 197
 4
 44 50 53 139
 5
 74 101 174 204 215
 6
 23 43 59 147 155 174
 5
 115 116 178 216 225
 4
 95 116 142 229
 5
 52 84 85 112 154
 3
 136 208 209
 4
 78 107 129 190
 6
 16 69 155 164 191 202
 5
 55 100 141 142 170
 5
 88 135 145 183 205
 8
 59 70 87 145 146 179 192 208
 2
 49 216
 7
 42 55 63 67 130 173 217
 7
 27 30 62 115 152 164 182
 3
 127 166 175
 4
 5 37 106 150
 8
 99 119 124 149 173 210 225 226
 8
 75 94 134 135 178 187 206 222
 4
 64 191 194 212
 4
 11 35 59 60
 7
 6 15 41 66 114 186 228
 3
 31 73 165
 8
 97 117 118 119 127 205 212 221
 6
 4 72 143 144 187 196
 4
 38 41 108 142
 4
 1 128 143 171
 8
 40 53 76 77 112 164 173 222
 6
 12 77 133 150 153 175
 7
 15 91 164 185 192 202 228
 3
 1 3 158
 9
 184 189 207 214 218 219 220 225 227
 5
 65 75 103 121 190
 7
 12 47 59 161 181 182 204
 7
 155 177 187 193 205 217 224
 5
 69 75 94 143 174
 5
 1 3 101 125 213
 6
 12 61 64 93 160 200
 3
 19 20 101
 6
 2 8 48 79 144 206
 5
 23 27 33 83 105
 5
 68 71 131 153 163
 4
 34 95 102 158
 4
 10 28 139 148
 2
 1 183
 6
 50 62 67 73 150 169
 8
 2 29 118 137 155 164 205 206
 2
 4 214
 9
 16 51 60 102 151 166 171 206 216
 6
 109 113 139 181 199 223
 4
 30 67 168 224
 7
 14 23 130 133 146 176 216
 8
 4 59 79 82 93 150 215 227
 2
 57 217
 5
 54 93 140 165 202
 4
 21 26 36 202
 3
 11 62 154
 5
 87 91 146 204 228
 4
 6 13 80 105
 2
 75 77
 6
 90 160 177 204 209 216
 6
 26 78 96 111 185 201
 8
 39 81 168 176 185 193 201 217
 6
 50 168 170 174 193 202
 8
 3 35 51 60 92 109 132 160
 2
 27 66
 4
 16 34 66 75
 7
 9 13 40 66 114 144 200
 4
 36 56 131 149
 3
 138 180 221
 2
 6 28
 4
 61 81 120 152
 5
 46 125 126 177 229
 6
 77 79 86 174 190 219
 6
 54 145 178 195 198 221
 6
 21 76 83 98 105 218
 6
 72 89 123 149 174 191
 4
 91 165 168 199
 6
 60 82 108 160 192 219
 8
 20 91 104 120 138 142 179 180
 3
 109 162 167
 4
 2 151 172 221
 2
 21 222
 4
 18 24 61 174
 6
 28 89 117 178 196 203
 5
 22 31 131 191 193
 3
 82 131 140
 2
 140 202
 7
 20 70 82 91 145 196 228
 4
 9 39 92 125
 4
 12 13 121 205
 6
 79 107 171 197 212 214
 5
 3 118 155 197 217
 10
 172 182 186 195 200 206 211 213 223 229
 4
 47 105 142 226
 8
 105 106 123 154 172 199 209 210
 7
 46 66 91 130 144 154 208
 5
 79 116 176 179 185
 8
 17 70 74 122 161 199 203 207
 9
 35 77 81 110 121 124 158 169 189
 4
 5 12 34 80
 4
 13 21 40 83
 5
 35 80 103 105 129
 3
 5 192 218
 6
 1 34 42 118 172 175
 7
 2 22 28 46 151 159 209
 5
 42 51 96 97 190
 5
 3 150 184 197 207
 8
 84 94 111 132 156 201 213 229
 5
 141 147 161 169 191
 5
 64 92 167 176 179
 7
 36 59 122 129 137 207 208
 5
 32 37 56 69 214
 6
 47 49 81 114 170 207
 6
 1 55 61 63 146 226
 7
 97 106 111 163 196 210 211
 6
 29 101 157 163 186 218
 13
 77 84 91 113 114 117 122 128 148 152 157 197 
 218
 4
 120 121 126 220
 5
 52 78 138 153 224
 8
 15 25 118 148 149 150 158 170
 7
 26 70 149 180 207 215 216
 3
 75 109 173
 6
 52 86 90 203 226 227
 2
 65 182
 10
 22 26 44 92 134 144 147 190 209 211
