 200 225
 1 1 1 1 1 1 1 1 1 1 1 1 
 1 1 1 1 1 1 1 1 1 1 1 1 
 1 1 2 2 2 2 2 2 2 2 2 2 
 2 2 2 2 2 2 2 2 2 2 3 3 
 3 3 3 3 3 3 3 3 3 3 3 3 
 3 3 3 4 4 4 4 4 4 4 4 4 
 4 4 4 4 4 4 4 4 4 4 4 4 
 4 4 4 4 4 4 5 5 5 5 5 5 
 5 5 5 5 5 5 5 5 5 5 5 5 
 5 5 5 5 5 5 5 5 6 6 6 6 
 6 6 6 6 6 7 7 7 7 7 7 7 
 7 7 7 7 7 7 7 7 8 8 8 8 
 8 8 8 8 8 8 8 8 9 9 9 9 
 9 9 9 9 9 9 9 9 9 9 10 10 
 10 10 10 10 10 10 10 10 10 10 11 11 
 11 11 11 11 11 11 11 11 11 11 11 12 
 12 12 12 12 12 12 12 12 12 13 13 14 
 14 14 14 15 15 15 15 15 16 17 17 17 
 18 18 19 19 22 23 26 27 41 
 4
 99 118 153 216
 6
 4 5 93 157 176 211
 3
 3 126 156
 7
 5 71 99 127 179 196 221
 6
 71 91 142 177 183 203
 10
 14 16 18 27 35 91 135 205 221 225
 5
 30 70 85 141 225
 4
 72 130 137 150
 7
 42 78 108 124 154 162 208
 4
 28 51 149 173
 2
 110 118
 7
 112 116 146 195 198 217 218
 8
 54 55 62 98 124 146 182 183
 3
 6 119 219
 8
 10 20 27 33 60 62 105 215
 9
 27 32 38 59 64 66 87 167 209
 3
 61 209 215
 6
 32 49 60 70 162 223
 7
 12 57 112 144 179 192 195
 5
 6 23 77 89 212
 3
 16 111 185
 3
 34 122 215
 4
 63 207 214 219
 5
 28 46 168 183 192
 5
 24 90 92 108 142
 7
 2 87 127 158 159 170 172
 3
 4 150 203
 5
 4 23 128 186 221
 7
 35 52 74 104 106 185 194
 6
 2 3 20 41 107 168
 4
 29 31 183 222
 3
 91 110 187
 4
 69 169 172 173
 4
 135 213 215 224
 2
 73 119
 7
 5 13 28 131 210 220 224
 7
 6 64 83 100 192 208 219
 6
 73 117 134 156 174 208
 7
 34 59 134 141 147 154 184
 7
 29 50 68 77 132 161 167
 3
 31 101 212
 5
 2 128 155 181 221
 7
 66 98 106 111 128 142 165
 3
 22 34 114
 11
 52 67 75 117 119 151 186 187 192 205 210
 3
 169 192 207
 4
 12 15 75 131
 3
 18 105 170
 3
 17 108 147
 2
 162 224
 5
 6 61 113 127 147
 5
 42 154 167 180 199
 7
 2 17 124 126 161 179 198
 4
 39 107 187 204
 7
 19 127 136 142 163 167 192
 9
 39 79 141 142 151 180 193 204 214
 4
 64 97 191 203
 3
 100 215 217
 3
 5 8 20
 4
 1 64 120 174
 5
 9 14 19 167 221
 4
 15 65 92 221
 6
 48 70 90 128 147 223
 3
 37 171 176
 7
 8 47 57 127 157 180 182
 4
 30 57 103 114
 2
 19 104
 3
 12 93 110
 4
 33 95 96 197
 4
 48 170 181 220
 5
 8 50 58 120 206
 6
 22 83 91 96 173 225
 4
 182 189 199 214
 5
 11 13 18 82 148
 4
 52 60 86 188
 9
 65 106 107 111 145 153 159 207 222
 4
 51 104 182 188
 5
 79 100 145 154 225
 5
 99 105 199 201 206
 3
 1 128 213
 6
 36 48 103 119 122 223
 6
 77 131 157 168 174 223
 4
 17 109 175 209
 4
 52 85 143 204
 5
 99 134 193 195 214
 6
 1 32 69 80 131 151
 7
 2 15 17 72 135 144 146
 5
 15 58 64 78 194
 4
 27 121 145 175
 3
 161 203 221
 2
 6 196
 6
 43 73 76 94 181 208
 8
 95 96 111 131 141 191 209 217
 2
 33 208
 3
 10 102 169
 5
 92 160 206 214 224
 6
 3 133 141 176 193 224
 4
 54 143 153 197
 6
 61 103 107 126 155 201
 9
 47 53 77 97 159 167 170 186 194
 1
 29
 3
 13 49 206
 6
 166 190 198 200 205 225
 9
 54 93 137 143 150 164 184 202 211
 5
 53 68 156 179 213
 2
 31 213
 6
 140 142 149 163 205 212
 6
 3 32 55 94 137 170
 8
 28 44 54 129 141 143 202 222
 5
 30 50 68 71 72
 4
 36 65 121 222
 5
 48 95 123 155 204
 5
 48 81 89 92 100
 8
 82 126 158 165 168 178 217 222
 4
 79 185 194 202
 5
 14 21 123 163 180
 5
 99 126 139 199 204
 7
 125 127 153 164 201 220 225
 8
 36 66 97 169 197 208 209 222
 4
 3 7 183 214
 3
 37 82 99
 6
 86 115 170 173 193 207
 8
 53 58 64 78 141 194 210 219
 3
 120 148 211
 5
 75 96 97 129 138
 11
 30 44 68 73 74 86 134 153 182 211 216
 4
 59 100 144 185
 5
 49 51 68 98 192
 5
 8 48 55 56 132
 3
 103 155 218
 5
 1 80 143 160 180
 7
 92 97 129 133 171 179 219
 6
 63 66 101 103 127 200
 5
 84 180 186 190 224
 6
 31 109 158 172 178 220
 6
 16 95 117 179 211 213
 7
 35 48 98 125 154 210 213
 8
 3 29 40 70 78 130 136 221
 6
 4 87 122 171 173 196
 2
 1 198
 6
 41 55 97 115 126 159
 9
 26 31 43 50 73 95 102 148 174
 5
 56 70 74 109 193
 8
 1 28 51 91 105 117 193 205
 4
 49 67 175 218
 4
 7 21 81 169
 9
 81 93 108 110 145 171 217 223 225
 4
 11 18 45 150
 5
 83 171 173 222 223
 10
 69 72 84 94 101 133 138 144 160 175
 6
 51 80 102 132 168 182
 7
 47 91 98 112 123 151 152
 7
 22 64 69 113 129 155 189
 5
 157 196 216 219 225
 6
 14 29 57 149 174 179
 4
 9 67 149 180
 5
 45 94 117 181 216
 6
 7 30 93 129 147 202
 11
 7 27 36 52 59 76 101 130 181 189 213
 8
 67 88 94 118 138 172 194 223
 3
 47 169 219
 6
 11 24 28 37 117 181
 6
 25 31 53 56 69 126
 6
 136 158 176 197 218 222
 5
 16 50 76 79 101
 5
 2 142 175 193 219
 4
 47 67 140 167
 5
 146 195 209 211 221
 6
 10 27 33 106 148 165
 6
 30 113 128 205 206 210
 5
 58 75 126 176 181
 6
 5 91 93 102 186 207
 4
 4 96 121 223
 5
 65 98 167 169 223
 4
 12 114 144 145
 8
 118 152 178 184 188 210 220 225
 3
 29 204 219
 3
 35 49 148
 6
 104 130 146 170 187 200
 4
 11 139 154 162
 5
 13 38 93 161 164
 8
 19 33 71 91 92 122 208 216
 1
 34
 8
 38 76 130 132 143 160 205 206
 4
 32 112 129 139
 6
 10 135 141 156 171 222
 4
 92 94 171 212
 6
 39 71 74 113 153 220
 3
 40 95 172
 6
 47 85 96 141 191 220
 5
 114 118 152 172 177
 5
 72 133 157 177 184
 4
 9 91 102 190
 4
 7 50 156 184
 6
 49 88 92 120 168 202
 6
 9 27 56 84 109 168
 3
 8 80 177
 2
 62 136
 7
 21 47 66 121 179 185 204
 4
 65 94 163 208
