 200 211
 1 1 1 1 1 1 1 1 1 1 1 1 
 1 1 1 1 1 1 1 1 1 1 1 1 
 2 2 2 2 2 2 2 2 2 2 2 2 
 2 2 2 2 2 2 2 2 2 2 2 2 
 2 2 2 2 3 3 3 3 3 3 3 3 
 3 3 3 3 3 3 3 3 3 3 3 3 
 3 3 4 4 4 4 4 4 4 4 4 4 
 4 4 4 4 4 5 5 5 5 5 5 5 
 5 5 5 6 6 6 6 6 6 6 6 6 
 6 6 6 6 6 6 6 6 6 6 7 7 
 7 7 7 7 7 7 7 7 7 7 7 7 
 7 8 8 8 8 8 8 8 8 8 8 8 
 8 8 8 9 9 9 9 9 9 9 9 9 
 9 9 9 9 10 10 10 10 10 10 10 11 
 11 11 11 11 11 11 11 11 11 11 11 12 
 12 12 12 12 13 13 13 13 13 13 13 14 
 14 14 14 15 15 15 16 17 18 20 21 22 
 22 23 25 26 26 27 28 
 7
 17 37 55 153 161 174 204
 5
 1 26 57 81 114
 8
 89 97 119 156 167 177 196 199
 7
 40 66 101 107 119 135 175
 6
 26 77 109 123 124 180
 3
 3 16 34
 4
 28 56 85 137
 5
 7 22 92 95 210
 3
 103 113 149
 5
 85 119 175 185 210
 4
 69 99 119 185
 4
 25 82 153 188
 4
 17 28 91 208
 4
 3 43 64 189
 7
 29 36 101 120 139 140 162
 6
 15 42 115 155 170 187
 4
 1 53 62 203
 4
 11 25 93 107
 4
 30 112 116 120
 3
 2 64 134
 5
 117 128 169 184 211
 5
 45 123 134 146 152
 7
 100 108 120 123 130 194 201
 4
 47 86 168 177
 7
 121 134 160 169 195 197 209
 5
 138 199 201 204 208
 8
 39 40 78 90 104 106 125 205
 8
 76 85 102 127 135 187 200 208
 2
 34 37
 6
 77 112 146 175 205 207
 7
 22 41 114 115 124 152 177
 5
 132 190 203 204 210
 7
 103 125 142 166 180 187 207
 1
 3
 7
 35 63 94 106 149 207 208
 3
 36 124 206
 5
 25 27 149 192 206
 7
 59 75 87 95 145 146 154
 3
 67 76 164
 5
 19 28 136 137 148
 3
 4 87 106
 5
 7 40 148 197 205
 4
 61 80 131 142
 3
 77 107 169
 5
 2 31 63 166 176
 3
 27 111 135
 5
 54 101 171 175 193
 4
 59 73 78 118
 3
 2 100 104
 1
 114
 5
 81 128 182 194 201
 3
 129 136 172
 7
 80 123 125 127 135 161 171
 4
 8 29 98 100
 4
 4 65 144 183
 7
 55 58 71 76 94 201 202
 4
 120 185 202 203
 4
 30 32 60 83
 2
 26 168
 5
 144 155 181 190 210
 5
 2 120 122 154 163
 6
 104 136 139 197 208 211
 5
 4 75 79 109 151
 9
 4 6 33 53 91 122 125 152 154
 4
 52 65 78 91
 2
 27 66
 3
 13 100 161
 7
 39 79 81 122 173 189 205
 2
 2 134
 4
 63 130 164 185
 3
 8 46 47
 5
 118 121 158 176 181
 6
 8 44 117 175 193 200
 7
 88 100 124 201 204 206 211
 4
 153 184 193 200
 4
 70 104 162 195
 7
 32 68 76 82 131 143 198
 4
 13 94 109 163
 6
 5 34 48 51 75 88
 7
 1 14 58 100 185 192 197
 5
 101 133 163 178 211
 7
 2 78 105 139 150 178 180
 7
 11 29 31 50 135 189 210
 4
 6 13 169 210
 4
 79 93 115 204
 5
 134 173 179 207 209
 7
 25 83 92 110 123 136 165
 9
 42 112 121 134 139 161 176 187 206
 8
 64 70 90 133 141 150 208 209
 3
 61 207 209
 6
 31 91 121 138 159 167
 6
 62 90 148 170 179 188
 10
 6 26 30 48 76 137 168 190 202 207
 6
 60 98 113 125 137 191
 6
 57 143 148 182 194 199
 4
 26 77 92 206
 2
 28 187
 2
 93 199
 4
 1 101 105 172
 3
 56 90 140
 4
 57 87 156 196
 2
 2 90
 4
 71 102 184 211
 2
 141 181
 5
 33 43 54 94 132
 3
 1 20 100
 11
 39 53 102 107 128 138 145 157 170 179 183
 7
 10 16 51 75 82 98 200
 2
 38 140
 5
 54 65 74 102 191
 5
 28 40 122 162 211
 1
 9
 4
 41 67 199 209
 4
 11 26 107 159
 1
 37
 9
 3 8 25 30 102 110 136 191 210
 2
 44 103
 6
 5 21 53 137 186 189
 8
 50 80 111 147 168 173 186 211
 5
 25 44 57 123 130
 7
 12 96 119 126 131 174 210
 7
 7 28 79 82 119 134 150
 3
 68 149 162
 4
 6 120 156 185
 5
 27 79 148 174 181
 8
 1 3 14 57 91 139 170 192
 4
 58 108 150 187
 5
 93 108 121 164 174
 5
 37 56 158 170 209
 5
 7 81 165 178 194
 4
 101 147 158 182
 8
 31 80 106 110 126 127 155 209
 3
 90 141 171
 3
 32 193 204
 4
 27 61 67 150
 4
 5 56 70 172
 7
 77 131 154 165 166 178 186
 4
 9 76 182 202
 5
 12 55 105 129 207
 2
 96 157
 5
 56 97 105 174 185
 5
 65 76 121 170 202
 6
 2 30 35 62 143 180
 2
 23 122
 8
 84 95 103 116 151 167 172 188
 6
 64 83 161 168 172 204
 4
 68 111 171 188
 2
 60 96
 7
 23 86 118 119 156 202 206
 3
 43 140 176
 3
 38 126 161
 3
 9 104 120
 6
 35 119 128 160 169 198
 8
 71 72 81 127 140 142 196 210
 4
 33 39 53 119
 6
 2 46 59 86 130 169
 4
 54 63 106 201
 5
 29 33 77 116 171
 3
 34 148 168
 4
 29 132 158 198
 1
 10
 7
 1 46 127 134 135 144 188
 5
 151 157 189 192 196
 5
 25 75 84 109 124
 3
 18 55 151
 2
 55 163
 6
 36 119 135 149 173 204
 5
 26 31 111 153 176
 9
 49 79 99 112 136 138 149 173 188
 4
 32 36 49 105
 2
 27 59
 2
 69 202
 9
 150 152 157 164 183 186 192 199 200
 6
 12 38 97 138 170 181
 5
 54 113 149 186 205
 3
 5 91 197
 4
 42 94 121 134
 8
 52 54 141 142 161 166 171 208
 3
 1 15 192
 4
 41 73 78 202
 5
 18 27 29 93 199
 4
 45 72 138 196
 6
 62 75 78 88 110 173
 4
 61 145 162 180
 4
 45 66 151 168
 5
 15 53 110 148 208
 7
 18 20 108 120 168 174 180
 6
 14 77 84 122 172 190
 8
 148 159 168 191 198 203 205 206
 5
 10 103 126 137 180
 6
 24 35 69 92 128 186
 3
 9 129 132
 3
 1 16 134
 4
 38 58 90 143
 6
 17 102 126 129 206 207
 7
 1 19 103 117 155 169 201
 6
 60 75 83 113 165 205
 4
 80 84 177 195
 2
 21 92
 3
 108 109 206
