 200 249
 1 1 1 1 1 1 1 2 2 2 2 2 
 2 2 2 2 2 3 3 3 3 3 3 3 
 3 3 3 3 3 3 3 3 4 4 4 4 
 4 4 4 4 4 5 5 5 5 5 5 5 
 5 5 5 5 5 5 5 5 6 6 6 6 
 6 6 6 6 6 6 7 7 7 7 7 7 
 7 7 7 8 8 8 8 8 8 8 8 8 
 8 8 9 9 9 9 9 9 9 9 9 9 
 9 10 10 10 10 10 10 10 10 10 10 10 
 10 11 11 11 11 11 11 11 11 11 11 11 
 12 12 12 12 12 12 12 12 13 13 13 13 
 13 13 13 14 14 14 14 14 14 14 14 14 
 14 15 15 15 15 15 15 15 15 16 16 16 
 16 16 16 16 16 16 16 16 16 16 17 17 
 17 17 17 17 17 18 18 18 18 18 18 18 
 18 18 19 19 19 19 19 19 19 19 19 19 
 20 20 20 20 20 20 20 20 21 21 21 21 
 21 22 22 22 22 22 23 23 23 23 24 24 
 24 25 25 25 25 25 25 25 26 27 28 28 
 28 28 28 29 29 29 31 31 32 32 34 35 
 35 39 40 40 41 42 43 43 46 
 12
 8 18 27 114 126 136 167 180 195 198 234 249 
 22
 1 35 47 48 77 101 111 114 126 129 157 161 
 162 170 181 183 193 216 221 236 237 246
 13
 4 28 38 39 73 90 98 147 166 182 215 240 
 243
 15
 1 2 8 34 42 73 92 100 114 160 178 179 
 184 193 247
 18
 10 20 72 82 96 98 111 129 142 151 152 158 
 174 215 223 225 226 247
 11
 1 9 52 59 60 87 110 116 129 141 189
 13
 3 24 137 149 162 163 170 179 190 227 234 235 
 244
 12
 25 79 82 98 99 129 137 181 183 187 195 199 
 11
 41 47 74 105 146 155 192 194 215 219 232
 15
 23 25 58 74 77 79 85 110 117 121 142 186 
 192 222 229
 10
 50 79 89 98 122 139 178 200 223 232
 12
 8 19 68 75 89 116 161 186 216 226 233 244 
 13
 3 17 22 44 68 89 138 155 156 162 229 230 
 239
 13
 8 17 25 53 69 81 86 90 91 111 142 219 
 225
 18
 35 46 74 94 103 110 138 163 167 170 171 194 
 212 217 241 246 248 249
 14
 8 12 16 23 25 42 49 69 76 78 86 112 
 160 249
 13
 12 13 38 49 72 90 99 136 161 173 216 222 
 245
 17
 28 37 60 72 73 84 117 125 171 185 191 193 
 202 209 210 220 224
 13
 20 36 79 109 110 125 132 154 169 176 207 237 
 244
 10
 55 102 103 105 122 124 171 186 235 248
 8
 15 19 99 136 178 187 200 201
 12
 1 13 42 76 77 99 131 152 154 156 158 245 
 13
 20 61 85 111 113 188 200 203 212 219 220 228 
 242
 13
 7 42 44 46 63 94 105 127 134 167 182 216 
 218
 14
 4 16 47 70 72 84 85 91 102 103 129 156 
 184 219
 11
 7 19 67 154 173 176 183 204 218 241 243
 9
 20 56 67 68 88 186 192 207 221
 18
 30 42 87 91 98 110 124 137 142 148 172 174 
 177 206 217 226 229 236
 7
 10 53 87 118 121 139 155
 18
 35 39 48 52 54 68 117 128 151 154 175 177 
 184 187 207 213 227 236
 10
 54 111 152 157 170 178 189 203 213 248
 14
 5 33 45 46 62 69 74 83 107 128 197 209 
 229 233
 9
 1 46 53 63 67 111 175 233 236
 14
 11 39 86 88 101 121 131 155 171 184 211 228 
 234 235
 13
 5 42 43 49 58 93 153 182 188 189 193 215 
 231
 11
 10 35 38 58 95 101 103 141 165 171 212
 18
 2 15 20 50 72 89 95 105 116 157 177 191 
 205 217 218 229 243 244
 14
 6 36 51 57 62 96 112 133 136 183 184 203 
 232 238
 12
 21 25 44 80 106 160 164 178 206 232 236 239 
 15
 10 36 68 96 104 106 132 139 145 172 191 193 
 199 221 241
 13
 11 12 52 55 80 88 100 111 128 170 185 235 
 249
 14
 18 23 48 55 107 131 132 136 142 143 151 172 
 199 248
 16
 24 42 53 57 74 98 131 140 148 178 184 196 
 200 203 229 248
 15
 101 110 127 168 173 174 175 205 209 210 217 232 
 238 239 243
 15
 3 43 59 70 81 83 100 103 109 121 125 140 
 168 219 247
 13
 2 65 69 97 99 110 122 134 135 147 164 172 
 225
 20
 10 27 44 45 73 76 98 103 110 137 143 146 
 159 168 177 210 211 216 230 245
 12
 3 32 50 67 68 91 107 121 142 175 201 216 
 13
 32 44 91 106 115 130 150 157 189 193 213 244 
 248
 6
 151 154 183 198 211 242
 16
 6 45 64 100 102 117 121 140 169 188 198 208 
 226 232 244 245
 11
 33 43 81 83 99 131 146 150 163 228 235
 18
 50 57 61 74 86 118 125 146 164 194 202 206 
 208 219 229 235 245 246
 8
 11 21 24 60 90 98 149 184
 9
 6 9 36 52 75 100 204 214 218
 10
 97 105 108 114 135 225 237 244 247 249
 17
 26 43 53 59 71 73 90 96 130 141 180 195 
 204 224 237 243 249
 9
 76 112 158 218 224 226 233 234 244
 11
 31 95 140 146 150 167 203 214 215 225 242
 12
 14 21 85 88 105 124 196 197 205 208 215 240 
 7
 73 125 155 156 186 228 248
 17
 21 22 31 43 45 61 83 111 131 147 163 172 
 173 199 204 220 223
 17
 31 34 69 102 103 106 124 171 193 196 204 206 
 216 217 219 220 226
 21
 3 4 9 17 18 26 34 39 45 47 76 78 
 81 143 178 180 193 201 221 231 245
 18
 25 64 66 80 91 117 126 137 138 139 150 197 
 201 212 216 218 234 243
 14
 10 43 44 111 149 158 161 176 179 182 185 202 
 207 219
 9
 27 38 67 122 193 206 211 215 240
 17
 10 46 61 67 113 114 129 153 157 159 176 189 
 208 213 226 239 246
 10
 1 22 36 138 150 157 178 206 217 218
 17
 20 21 47 50 65 68 75 91 104 119 151 154 
 177 187 205 219 246
 16
 39 57 69 71 91 92 98 128 134 146 154 160 
 221 231 232 241
 4
 16 135 164 212
 11
 19 93 122 138 141 184 195 198 227 240 242
 13
 8 19 23 70 71 79 87 88 117 123 163 179 
 209
 14
 35 44 60 68 136 138 157 174 176 186 201 204 
 216 235
 12
 1 6 14 18 29 42 43 99 140 176 211 214 
 11
 15 40 42 128 144 146 148 185 213 221 232
 8
 29 71 89 99 120 174 202 240
 10
 9 59 64 97 103 110 129 170 194 222
 12
 8 19 78 110 137 139 142 157 166 219 227 249 
 11
 48 49 62 77 84 94 121 156 175 236 247
 10
 2 62 100 112 123 141 165 223 228 245
 12
 46 70 91 95 107 114 138 143 146 167 194 227 
 19
 20 37 62 63 76 77 99 113 115 121 130 140 
 151 169 188 211 221 226 228
 10
 3 41 88 110 130 154 178 209 221 249
 11
 1 10 57 59 90 132 167 176 203 215 232
 11
 51 55 121 158 161 174 179 195 241 247 249
 16
 6 15 19 23 52 60 92 93 157 211 212 217 
 220 226 227 239
 20
 18 33 37 60 82 84 89 94 99 102 116 124 
 125 141 164 169 174 179 186 241
 13
 5 7 24 32 56 58 68 99 105 131 149 173 
 237
 11
 48 50 51 59 78 93 98 181 203 218 233
 18
 1 2 8 13 18 118 127 134 136 144 150 152 
 194 197 217 221 232 248
 12
 1 9 29 72 91 98 168 184 215 225 242 244 
 17
 35 39 59 69 81 98 104 141 147 161 181 183 
 198 210 218 224 234
 13
 13 43 65 75 93 116 155 158 180 186 212 231 
 234
 10
 3 67 88 108 133 136 150 179 243 246
 11
 13 21 69 89 108 118 136 198 200 240 242
 14
 25 26 40 100 113 135 137 152 189 194 223 235 
 237 241
 15
 28 31 78 115 121 147 165 171 180 195 202 219 
 240 244 249
 12
 9 15 37 46 57 77 95 113 121 174 233 249 
 9
 60 70 88 138 161 176 178 222 231
 14
 21 42 45 71 72 154 161 175 183 185 194 227 
 239 246
 15
 4 19 34 48 67 92 140 159 161 168 185 196 
 228 231 237
 11
 22 37 49 87 92 102 134 140 154 191 202
 2
 4 143
 18
 4 5 40 69 73 83 107 133 141 155 169 179 
 181 185 207 217 219 248
 10
 3 58 96 111 121 139 144 204 220 228
 13
 9 23 44 102 104 116 121 130 139 155 191 202 
 206
 18
 3 22 33 44 61 64 89 119 127 129 132 142 
 169 183 201 212 215 233
 8
 18 21 50 52 67 193 212 240
 13
 48 78 94 120 122 149 154 169 190 194 221 223 
 240
 12
 44 77 92 140 165 182 183 202 218 226 236 243 
 13
 15 112 121 149 157 183 187 199 202 223 225 233 
 239
 10
 19 22 30 36 50 67 211 220 224 249
 8
 13 21 26 106 133 162 203 218
 10
 51 52 62 99 137 157 205 216 221 245
 13
 8 44 47 80 92 168 194 197 199 209 228 243 
 249
 16
 15 16 21 51 68 83 96 165 167 181 209 213 
 218 231 244 246
 15
 8 18 19 27 93 122 142 147 155 182 205 206 
 220 225 246
 11
 5 41 71 73 81 96 116 175 207 225 232
 11
 35 47 87 108 125 129 138 148 188 209 248
 15
 1 2 24 31 38 100 108 115 137 142 155 159 
 208 211 229
 14
 2 24 34 58 79 102 113 116 168 181 196 218 
 219 248
 15
 10 35 68 92 105 114 136 143 145 154 157 160 
 167 201 212
 10
 11 90 126 132 155 165 178 180 214 215
 14
 1 18 21 37 65 76 77 88 94 113 126 166 
 181 188
 21
 7 12 26 31 32 45 53 83 95 107 129 136 
 150 159 166 180 190 222 223 234 242
 11
 1 20 49 55 62 100 107 169 177 186 246
 17
 11 28 62 78 79 104 132 136 138 139 160 172 
 189 199 224 229 249
 20
 51 54 64 67 71 75 80 82 87 91 95 144 
 147 149 174 190 210 217 230 248
 17
 12 14 34 46 70 86 94 105 151 156 159 185 
 203 204 212 214 231
 8
 13 100 139 225 228 233 238 249
 17
 26 28 51 68 78 127 137 145 154 156 177 184 
 197 198 200 226 248
 14
 8 10 11 18 56 66 73 86 98 104 149 169 
 186 195
 17
 8 18 59 67 80 106 109 112 126 129 137 155 
 162 209 217 230 246
 10
 20 43 47 57 145 161 170 215 220 235
 13
 70 90 93 97 159 182 187 192 208 213 218 227 
 229
 13
 45 58 61 66 119 167 177 216 222 223 227 236 
 238
 14
 18 99 106 114 143 155 163 164 177 183 193 196 
 205 226
 14
 2 4 61 65 67 78 79 129 134 162 183 192 
 222 244
 15
 9 22 41 45 46 54 59 77 82 131 159 162 
 174 196 230
 15
 18 37 46 47 82 88 98 115 135 146 162 172 
 179 197 206
 12
 93 102 109 120 130 133 140 158 187 239 240 242 
 17
 70 75 76 122 124 152 162 164 177 195 211 214 
 240 241 244 246 249
 10
 14 40 42 72 84 90 130 169 176 238
 10
 1 2 42 43 78 80 101 141 174 194
 12
 16 29 49 100 117 137 148 153 190 214 215 232 
 14
 9 26 35 45 52 63 110 123 145 154 160 172 
 190 201
 6
 1 9 23 76 95 235
 10
 13 36 58 73 87 88 100 114 144 163
 14
 14 24 41 46 71 85 210 211 220 228 239 241 
 245 247
 19
 8 27 29 45 46 49 57 82 87 105 119 135 
 136 170 186 187 196 228 243
 12
 5 74 97 101 115 121 122 155 175 203 216 239 
 9
 10 33 77 99 134 175 176 220 241
 16
 4 23 33 56 72 87 102 139 144 167 175 180 
 188 204 220 223
 10
 56 57 63 75 117 123 148 153 165 172
 12
 58 67 89 101 110 119 122 153 168 185 200 238 
 11
 30 54 113 133 146 164 206 208 234 235 243
 10
 32 68 74 101 114 158 171 207 230 236
 13
 1 14 60 64 76 92 118 147 158 162 168 180 
 201
 15
 11 79 96 140 147 156 165 166 174 177 192 205 
 210 226 236
 11
 24 33 97 102 126 132 133 151 171 231 246
 18
 18 50 59 78 87 88 94 131 135 143 160 166 
 177 194 229 236 240 247
 14
 65 77 78 99 110 175 187 207 214 217 221 231 
 243 245
 17
 9 25 33 48 54 76 103 104 130 139 167 187 
 218 222 230 233 247
 14
 27 44 70 90 93 99 144 149 191 193 195 236 
 245 249
 17
 28 42 47 49 55 57 79 115 126 130 132 168 
 181 188 199 206 230
 15
 12 20 21 70 74 77 92 122 152 181 191 221 
 227 233 243
 12
 29 40 46 61 104 123 148 163 197 208 218 230 
 13
 20 22 37 84 87 89 116 117 136 201 227 242 
 247
 17
 28 34 43 75 81 98 104 119 131 143 156 158 
 184 211 228 238 245
 7
 33 38 43 158 178 191 204
 11
 33 34 39 51 100 122 127 160 185 190 226
 11
 36 40 47 53 80 103 138 164 241 247 248
 9
 12 27 42 54 73 111 112 148 207
 17
 24 34 52 66 71 100 123 124 125 138 154 156 
 160 174 200 225 249
 16
 12 25 43 69 101 113 118 121 146 182 184 207 
 222 239 244 247
 16
 2 8 44 57 76 89 113 115 152 156 176 218 
 219 224 229 239
 11
 11 19 42 60 64 94 104 106 158 201 202
 9
 24 30 48 118 154 177 193 216 235
 13
 14 20 23 26 30 69 82 88 114 127 156 205 
 237
 13
 47 49 63 76 87 112 139 146 183 220 222 237 
 238
 12
 3 94 111 112 125 141 175 183 193 208 227 247 
 12
 63 78 90 101 151 159 167 188 230 235 242 247 
 17
 9 24 34 35 41 43 44 51 98 108 131 156 
 157 175 183 220 227
 11
 19 45 62 80 130 150 154 159 163 166 210
 13
 36 56 130 147 163 169 176 179 195 201 213 226 
 246
 13
 17 19 71 72 81 87 92 98 106 113 130 194 
 219
 12
 12 22 48 67 68 93 97 101 133 134 148 225 
 7
 30 154 170 189 197 202 230
 10
 55 81 115 137 147 165 166 168 207 237
 15
 22 25 60 85 87 90 148 180 184 189 201 218 
 233 245 247
 7
 33 89 156 219 227 228 234
 11
 10 11 26 79 124 135 170 179 195 206 233
 14
 20 23 45 83 101 111 164 175 196 224 232 234 
 238 243
 15
 2 13 18 53 58 61 109 123 136 188 190 221 
 222 242 244
 13
 63 64 69 71 72 77 112 115 120 215 230 235 
 236
 9
 21 22 23 34 38 84 138 174 176
 10
 57 61 74 80 101 112 123 243 245 246
 14
 33 48 70 123 124 145 148 159 185 193 198 208 
 238 245
