 200 243
 1 1 1 1 1 1 1 1 1 1 1 2 
 2 2 2 2 2 2 2 3 3 3 3 3 
 3 3 3 3 4 4 4 4 4 4 4 5 
 5 5 5 5 5 5 5 6 6 6 6 6 
 6 6 6 6 6 7 7 7 7 7 7 7 
 7 7 7 8 8 8 8 8 8 9 9 9 
 10 10 10 10 10 10 10 11 11 11 11 11 
 11 11 11 12 12 12 12 12 12 12 12 13 
 13 13 13 13 13 13 14 14 14 14 14 14 
 14 14 14 14 14 15 15 15 15 15 16 16 
 16 16 16 16 16 17 17 17 17 17 17 17 
 17 17 17 18 18 18 18 18 18 18 18 18 
 18 18 19 19 19 19 19 19 20 20 20 20 
 20 20 20 20 20 20 21 21 21 21 22 22 
 22 23 23 23 23 23 23 23 23 24 24 25 
 25 25 26 26 27 27 27 27 28 28 28 28 
 29 29 29 30 30 30 30 31 31 33 34 34 
 34 34 34 35 35 35 36 37 37 37 37 38 
 38 39 40 43 43 45 45 46 47 47 48 50 
 51 51 51 53 56 56 58 58 59 61 62 67 
 70 72 75 
 8
 41 59 83 127 180 209 210 237
 5
 33 45 47 74 77
 5
 21 30 126 199 209
 5
 64 69 112 149 170
 6
 37 61 65 71 197 228
 5
 200 226 232 235 243
 4
 37 67 175 216
 3
 21 27 167
 5
 20 76 179 185 188
 6
 34 45 155 185 225 234
 4
 26 116 185 229
 9
 65 72 74 79 80 86 96 106 167
 1
 20
 2
 10 229
 5
 56 58 70 142 233
 3
 16 130 147
 9
 14 38 63 71 150 154 164 212 225
 8
 57 99 105 138 148 156 186 189
 9
 88 98 114 122 137 143 203 212 236
 6
 44 62 91 171 201 202
 7
 109 135 177 182 185 215 233
 6
 31 44 122 163 166 193
 7
 75 132 138 186 200 207 228
 6
 40 115 119 128 170 239
 4
 12 54 107 120
 9
 94 137 154 157 171 178 224 229 243
 6
 22 37 60 172 217 228
 11
 183 196 201 206 213 216 225 231 236 237 240
 7
 6 36 53 92 93 128 153
 4
 65 108 136 191
 6
 49 108 115 120 136 170
 5
 64 139 162 180 211
 7
 24 64 87 93 163 222 243
 8
 30 55 126 142 144 177 229 230
 6
 81 101 158 214 218 235
 4
 166 186 205 231
 3
 106 139 233
 2
 38 174
 6
 1 33 198 204 214 243
 8
 22 43 56 68 80 104 108 123
 5
 111 115 163 177 178
 5
 91 175 183 208 214
 9
 82 158 204 209 222 234 236 241 243
 3
 36 98 121
 6
 8 27 58 104 105 243
 5
 30 73 88 181 189
 5
 53 93 102 168 191
 4
 6 173 209 222
 6
 44 122 136 153 171 200
 5
 36 56 106 140 215
 7
 29 44 70 114 180 194 235
 10
 80 115 119 120 134 187 189 191 221 242
 2
 14 204
 5
 45 106 110 138 180
 3
 1 44 147
 6
 12 70 175 203 208 210
 2
 4 174
 4
 4 55 134 196
 5
 31 67 178 200 224
 5
 23 113 139 149 242
 8
 13 30 67 74 95 126 206 232
 7
 4 14 46 73 176 179 196
 3
 20 32 90
 5
 1 25 62 109 210
 8
 65 133 150 161 187 191 217 219
 5
 75 87 130 131 211
 10
 39 40 72 90 138 188 200 213 222 229
 8
 36 45 54 86 104 147 157 216
 6
 150 156 202 212 219 221
 5
 32 70 176 228 233
 5
 7 127 158 198 202
 5
 83 95 96 182 239
 2
 18 173
 2
 72 190
 2
 19 207
 6
 96 144 194 219 221 232
 8
 46 68 97 99 207 209 238 242
 10
 145 153 154 169 176 194 211 223 234 242
 2
 44 48
 6
 23 92 191 204 219 233
 8
 25 55 75 91 114 121 189 190
 6
 15 32 49 82 158 183
 5
 29 89 155 189 240
 4
 7 52 116 151
 5
 116 133 218 223 224
 7
 124 193 207 219 229 235 239
 5
 11 37 66 75 160
 4
 181 192 198 230
 6
 14 62 70 79 159 234
 6
 85 97 116 153 172 173
 7
 34 108 129 150 196 233 240
 12
 105 125 141 147 150 199 227 228 229 237 240 241 
 7
 125 167 203 228 239 240 242
 2
 80 178
 9
 84 155 160 163 165 178 189 202 211
 5
 37 58 103 136 145
 3
 24 99 126
 5
 1 4 55 73 212
 4
 104 179 220 228
 8
 2 48 49 121 164 198 203 230
 5
 9 63 223 235 239
 4
 113 130 194 197
 6
 50 72 81 96 129 133
 7
 98 104 172 184 195 214 229
 5
 30 68 94 185 238
 5
 9 51 54 76 184
 3
 47 127 200
 5
 56 100 200 233 238
 3
 22 24 60
 3
 28 89 100
 7
 18 32 80 195 218 237 239
 5
 26 119 120 146 179
 4
 99 187 196 217
 9
 31 66 77 107 149 180 219 223 225
 4
 2 115 136 165
 5
 31 47 50 183 233
 4
 44 57 85 149
 3
 26 70 216
 4
 52 111 126 211
 6
 6 46 47 121 161 205
 5
 8 28 80 110 203
 3
 5 44 99
 3
 76 103 172
 3
 75 140 214
 7
 69 76 78 96 103 208 217
 5
 1 36 69 137 154
 10
 54 64 83 92 96 100 143 154 179 183
 6
 8 45 54 98 205 225
 5
 1 57 80 88 139
 5
 54 145 215 233 236
 8
 13 37 130 152 156 159 218 232
 3
 157 159 198
 3
 105 126 231
 6
 29 57 70 81 84 89
 8
 126 131 146 173 181 210 218 241
 6
 21 42 59 80 141 147
 6
 58 63 89 188 199 233
 7
 22 39 80 143 193 208 232
 7
 43 123 131 175 178 204 206
 6
 88 110 122 168 209 215
 4
 29 71 147 186
 7
 35 73 81 173 174 221 237
 3
 78 199 208
 6
 25 61 70 82 94 184
 5
 15 64 66 148 170
 3
 27 55 101
 9
 13 21 31 48 54 72 114 140 148
 5
 3 16 66 127 138
 4
 17 100 131 192
 6
 61 88 98 227 229 236
 6
 21 22 55 157 181 217
 7
 13 81 83 93 101 186 190
 5
 3 71 117 223 237
 3
 29 86 187
 12
 24 41 42 45 50 85 90 97 128 176 206 240 
 5
 114 134 167 205 230
 6
 29 84 91 124 153 197
 4
 68 82 83 97
 8
 60 119 121 135 148 216 237 242
 5
 16 25 74 164 197
 8
 2 5 36 95 129 140 157 190
 5
 2 77 128 154 170
 6
 20 65 117 156 178 232
 6
 220 222 227 234 238 243
 6
 2 3 17 59 90 189
 4
 78 102 119 205
 7
 2 20 97 103 129 190 240
 4
 26 41 77 226
 7
 3 36 61 85 118 178 237
 4
 106 193 220 243
 5
 17 48 163 165 226
 6
 118 126 142 164 208 226
 6
 38 57 71 213 217 233
 8
 73 103 112 148 160 167 238 239
 8
 40 54 56 111 118 120 153 222
 5
 12 59 107 192 213
 8
 15 23 45 46 109 115 141 220
 2
 39 49
 5
 50 148 212 219 226
 2
 12 89
 6
 7 155 169 206 211 243
 8
 126 141 153 162 169 204 223 225
 6
 152 169 172 190 197 224
 5
 92 114 123 129 188
 8
 5 39 60 114 155 156 181 196
 5
 107 128 132 164 239
 6
 51 67 101 181 182 216
 4
 23 170 232 241
 5
 109 127 161 230 231
 5
 117 136 185 195 241
 5
 112 168 174 196 207
 4
 32 137 180 203
 8
 46 132 168 171 201 205 220 235
 7
 86 100 144 151 167 210 242
 7
 73 97 149 165 166 184 230
 2
 1 197
 4
 38 82 171 213
 5
 29 33 73 105 230
 4
 34 74 84 137
 3
 142 151 241
