 300 387
 1 1 1 1 1 1 1 1 1 1 1 1 
 1 1 1 1 1 1 1 1 1 1 1 1 
 1 1 1 1 1 1 1 1 2 2 2 2 
 2 2 2 2 2 2 2 2 2 2 2 2 
 2 2 2 2 2 2 2 2 2 2 2 2 
 2 2 3 3 3 3 3 3 3 3 3 3 
 3 3 3 3 3 3 3 3 3 3 3 3 
 3 3 4 4 4 4 4 4 4 4 4 4 
 4 4 4 4 4 4 4 4 4 4 4 4 
 4 4 4 4 4 4 4 4 4 5 5 5 
 5 5 5 5 5 5 5 5 5 5 5 5 
 5 5 5 5 5 5 5 5 5 5 5 5 
 5 5 5 5 5 6 6 6 6 6 6 6 
 6 6 6 6 6 6 6 6 6 6 6 6 
 6 6 6 6 6 6 6 6 7 7 7 7 
 7 7 7 7 7 7 7 7 7 7 7 7 
 7 7 7 7 7 7 7 8 8 8 8 8 
 8 8 8 8 8 8 8 8 8 8 8 8 
 8 8 8 8 8 8 8 8 8 8 8 8 
 8 9 9 9 9 9 9 9 9 9 9 9 
 9 9 9 9 9 10 10 10 10 10 10 10 
 10 10 10 10 10 10 10 10 10 10 10 10 
 10 10 10 10 10 10 11 11 11 11 11 11 
 11 11 11 11 11 11 11 11 11 11 11 11 
 12 12 12 12 12 12 12 12 12 12 12 12 
 12 13 13 13 13 13 13 13 13 13 13 13 
 13 13 14 14 14 14 14 14 14 14 14 14 
 14 14 14 15 15 15 15 15 15 15 15 15 
 15 15 15 15 15 16 16 16 16 16 17 17 
 17 17 17 17 17 17 18 18 19 19 19 19 
 19 20 20 20 20 20 20 20 20 21 21 21 
 21 22 22 22 22 22 23 23 23 24 24 24 
 25 25 33 
 11
 6 15 30 45 67 97 105 187 254 273 297
 5
 72 79 155 232 355
 11
 53 87 123 125 205 238 258 279 291 292 315
 14
 72 75 108 125 130 132 193 221 246 247 316 344 
 357 367
 5
 7 51 138 139 300
 7
 10 127 141 153 179 255 330
 8
 3 40 101 111 252 286 289 302
 8
 6 18 33 102 145 243 326 370
 9
 41 182 271 344 356 365 370 373 379
 4
 100 196 330 382
 6
 5 113 153 166 184 348
 6
 90 147 253 284 360 375
 10
 95 177 235 265 303 338 348 366 375 387
 12
 36 65 71 79 144 213 283 327 335 344 375 381 
 7
 35 63 66 89 100 304 369
 8
 19 102 110 118 177 192 196 281
 8
 12 24 36 55 59 102 320 371
 9
 22 90 130 166 184 231 255 267 305
 12
 115 119 168 179 188 230 245 281 312 313 346 362 
 9
 92 125 156 216 222 254 285 323 344
 11
 91 153 223 228 245 251 253 264 274 303 377
 5
 7 201 298 317 381
 8
 11 25 113 215 223 246 256 284
 5
 28 90 208 225 375
 7
 48 68 306 321 343 360 362
 9
 3 38 122 135 153 217 266 317 377
 10
 31 39 112 119 128 173 219 259 354 383
 5
 22 93 145 257 303
 9
 2 35 197 203 225 271 288 364 382
 8
 167 175 207 260 269 337 353 386
 9
 23 92 100 261 298 305 321 363 367
 11
 21 87 162 179 185 201 208 246 276 300 371
 11
 65 97 150 154 183 209 275 300 311 350 361
 9
 8 12 87 181 218 264 273 305 322
 6
 1 14 302 309 336 347
 9
 36 50 179 204 207 253 281 362 369
 7
 5 91 96 131 237 279 280
 7
 16 26 104 151 161 290 343
 8
 9 60 262 295 342 364 374 385
 11
 33 44 94 113 129 136 244 253 273 295 342
 7
 38 44 63 152 154 272 303
 10
 10 62 66 89 103 122 142 224 304 361
 11
 21 72 93 149 195 207 212 231 277 286 387
 5
 15 122 177 202 298
 6
 3 37 237 292 357 374
 11
 13 73 83 100 250 255 295 310 329 337 382
 10
 27 118 131 152 163 179 217 256 277 367
 13
 21 77 103 111 170 205 232 248 251 271 361 379 
 382
 9
 203 236 256 284 335 339 352 354 373
 7
 200 288 299 350 370 374 384
 7
 63 69 93 178 316 328 378
 5
 58 155 157 169 225
 8
 6 51 66 127 147 203 230 302
 15
 46 100 180 205 209 231 235 236 248 256 295 297 
 345 370 383
 12
 72 150 164 205 222 233 265 274 337 363 373 387 
 9
 39 46 115 159 246 249 287 292 382
 9
 4 5 89 92 132 178 231 309 387
 8
 88 153 176 227 248 253 334 353
 8
 15 73 204 222 253 260 273 371
 8
 17 87 123 200 257 290 293 333
 10
 54 97 145 156 294 296 301 323 328 368
 15
 108 116 121 122 176 181 206 257 267 286 294 309 
 325 341 371
 5
 95 151 351 356 369
 12
 13 46 60 88 92 126 160 289 337 344 357 360 
 13
 1 13 39 41 63 161 163 201 204 272 317 335 
 364
 10
 41 151 185 193 201 247 303 335 357 380
 12
 160 220 243 252 258 279 307 327 331 340 347 352 
 7
 10 116 120 127 198 295 319
 13
 1 3 9 38 177 201 223 230 306 320 332 356 
 373
 8
 46 65 125 211 248 291 315 379
 9
 65 124 222 227 243 278 306 320 345
 7
 5 10 57 125 210 259 272
 15
 63 75 87 129 211 238 255 264 275 298 332 340 
 366 382 387
 13
 36 79 114 120 202 205 221 234 279 288 298 356 
 369
 7
 11 55 177 212 214 282 294
 7
 12 70 151 221 233 274 378
 12
 96 100 117 160 234 236 263 279 283 291 313 386 
 8
 42 45 80 105 141 342 378 385
 6
 105 134 151 236 249 295
 11
 4 89 90 99 152 179 181 293 321 347 352
 8
 185 191 261 316 338 351 374 386
 9
 178 208 226 255 277 322 359 371 372
 10
 32 39 69 124 183 240 250 251 258 283
 7
 29 36 43 89 210 220 316
 5
 14 95 119 211 366
 12
 65 126 152 159 174 206 262 270 272 293 294 343 
 12
 8 25 80 129 137 177 186 204 206 276 308 334 
 12
 119 171 275 281 297 301 315 326 330 357 360 383 
 7
 35 154 158 173 177 179 207
 5
 7 109 230 255 299
 9
 158 307 355 363 373 376 381 382 385
 9
 14 47 180 216 302 305 320 330 370
 11
 7 88 147 179 184 185 211 217 289 365 382
 11
 11 39 69 79 144 150 153 189 316 322 331
 12
 129 138 141 146 230 258 259 308 312 345 354 387 
 15
 35 43 90 92 93 94 103 122 140 166 224 232 
 271 273 385
 7
 16 103 162 190 214 290 292
 10
 20 42 57 68 150 192 248 294 318 382
 6
 37 118 124 229 351 378
 5
 106 122 203 241 325
 14
 64 71 87 98 112 122 140 162 186 219 240 320 
 349 377
 5
 16 123 201 237 377
 4
 138 188 356 358
 10
 17 48 70 128 183 279 291 317 331 376
 8
 12 41 86 268 304 315 340 380
 8
 19 75 125 226 318 332 336 344
 12
 51 53 69 121 226 235 242 253 268 275 300 384 
 13
 25 50 51 63 110 118 143 199 208 250 273 330 
 367
 6
 119 221 321 323 367 368
 7
 14 44 155 167 209 250 284
 12
 21 71 128 163 212 277 295 315 334 359 374 382 
 9
 22 39 124 162 170 239 263 345 360
 8
 11 34 65 70 261 308 318 349
 9
 40 119 123 125 140 182 272 347 370
 3
 9 37 276
 4
 11 14 278 370
 9
 5 63 130 154 280 285 303 334 346
 9
 151 152 159 229 276 349 358 370 385
 10
 7 104 152 195 209 212 276 285 307 334
 16
 55 68 96 124 199 213 214 218 235 263 293 325 
 355 363 373 376
 3
 13 214 330
 10
 74 84 95 110 189 290 303 345 364 380
 8
 10 12 17 56 78 232 362 365
 9
 74 146 219 221 240 268 274 277 299
 9
 49 104 174 204 208 213 283 309 377
 7
 6 42 43 169 293 303 385
 9
 1 35 52 135 204 213 315 350 383
 11
 94 156 194 206 244 249 272 305 315 348 386
 8
 94 132 237 239 302 308 333 380
 9
 71 109 161 170 324 353 354 366 375
 9
 98 134 152 203 225 274 298 346 365
 12
 139 213 249 287 293 341 344 347 364 376 380 383 
 5
 1 13 202 238 377
 9
 91 164 177 242 263 296 312 346 378
 9
 2 64 73 272 289 299 317 358 387
 7
 70 138 194 197 266 362 385
 5
 39 163 278 302 349
 12
 4 17 33 68 123 153 190 193 205 241 248 372 
 7
 33 48 132 151 159 355 364
 7
 3 154 177 239 313 318 347
 13
 33 54 156 185 193 196 242 246 261 306 325 333 
 343
 6
 66 71 101 271 290 331
 13
 158 171 204 254 262 282 292 309 318 337 352 361 
 378
 7
 88 156 247 253 285 371 383
 11
 33 54 106 109 234 236 317 329 330 332 362
 8
 77 94 167 171 172 219 346 387
 6
 3 34 96 262 266 372
 15
 1 43 63 69 90 94 138 180 188 224 235 274 
 303 342 358
 7
 18 53 150 165 337 359 365
 11
 12 64 78 174 230 265 291 312 315 323 361
 12
 131 150 158 161 181 223 275 290 355 364 365 376 
 10
 53 106 107 152 155 247 308 315 329 384
 14
 10 36 38 76 122 134 150 206 233 238 251 275 
 316 323
 8
 8 62 126 227 249 257 262 284
 6
 18 36 102 171 178 360
 10
 93 130 143 158 212 234 254 268 321 381
 6
 83 86 246 277 368 385
 12
 14 28 38 110 137 168 200 224 249 297 335 371 
 7
 7 87 120 134 246 339 373
 7
 5 49 183 278 290 322 368
 8
 2 33 65 168 211 260 296 359
 13
 64 98 148 154 210 216 234 269 291 325 348 357 
 361
 10
 4 9 103 153 177 186 198 307 315 364
 6
 264 267 270 314 372 379
 6
 4 178 278 284 306 344
 6
 99 120 144 237 328 332
 10
 87 91 97 118 142 162 189 238 322 355
 11
 7 66 81 124 170 193 219 331 332 335 372
 7
 126 127 133 137 197 306 341
 7
 76 101 310 352 367 375 383
 9
 121 123 184 190 209 231 296 310 329
 9
 6 91 112 142 165 251 339 377 382
 12
 22 78 164 200 207 246 265 309 333 335 353 387 
 6
 108 121 154 309 338 349
 4
 63 114 129 382
 8
 140 165 290 316 362 368 373 378
 7
 8 38 128 244 247 289 303
 10
 26 90 94 123 160 210 231 265 279 323
 11
 78 112 166 202 222 251 269 316 366 379 386
 15
 35 48 87 119 122 141 178 207 214 278 292 299 
 300 324 329
 9
 52 102 137 148 271 273 334 361 384
 6
 1 57 64 143 180 275
 12
 48 75 107 124 153 169 196 231 238 241 273 318 
 7
 70 97 107 133 202 305 352
 8
 172 175 200 237 259 276 289 374
 11
 34 85 96 146 157 163 182 203 242 245 377
 7
 24 49 133 150 159 357 359
 8
 20 118 166 202 217 329 364 372
 6
 24 26 48 181 233 295
 14
 66 84 93 159 182 204 211 254 276 307 317 319 
 349 350
 5
 41 154 283 291 332
 6
 75 265 285 300 338 373
 10
 190 198 199 217 266 293 327 345 363 387
 10
 64 74 203 233 246 292 310 328 376 385
 11
 4 71 165 191 200 206 330 334 341 342 358
 8
 82 107 130 189 206 244 258 365
 7
 64 118 182 304 355 366 382
 5
 99 103 192 271 369
 9
 69 135 187 230 250 324 334 359 363
 13
 5 19 65 105 180 185 210 268 270 306 308 317 
 360
 14
 67 88 101 114 160 181 247 252 290 306 310 362 
 376 379
 13
 2 37 89 91 142 146 219 249 304 330 351 358 
 379
 8
 20 101 102 139 156 178 204 353
 8
 2 56 205 293 329 331 343 356
 3
 8 200 333
 12
 19 64 136 153 182 186 216 254 355 365 383 387 
 12
 45 93 96 150 186 201 203 282 299 305 340 351 
 8
 23 88 120 256 260 280 282 289
 7
 2 40 102 155 220 236 281
 10
 4 40 45 67 87 99 234 254 328 381
 9
 206 216 250 257 319 348 377 381 384
 10
 58 107 119 124 220 235 314 333 375 382
 7
 5 198 213 310 322 329 359
 7
 27 88 127 187 239 328 379
 14
 76 81 82 118 157 190 200 202 216 230 247 292 
 314 355
 8
 10 46 87 115 160 183 347 363
 10
 27 68 94 133 231 242 298 311 319 351
 11
 4 24 45 73 181 209 218 260 321 342 369
 6
 95 143 173 183 280 376
 7
 22 34 67 70 128 212 256
 8
 3 40 187 250 263 336 385 387
 7
 16 54 111 113 196 275 362
 16
 90 96 98 119 127 141 152 165 208 210 250 311 
 324 330 342 379
 7
 6 30 34 108 214 281 333
 7
 92 195 204 215 320 371 387
 7
 25 264 286 289 318 370 378
 6
 18 20 178 212 251 357
 8
 31 47 136 178 203 273 332 343
 14
 1 42 51 67 80 111 118 150 195 217 277 304 
 315 371
 12
 15 21 67 120 187 202 243 255 258 319 334 359 
 9
 74 100 113 119 169 208 210 287 338
 7
 6 60 218 231 279 364 384
 9
 110 126 197 234 257 274 333 358 362
 6
 68 185 215 228 240 345
 2
 34 233
 8
 16 43 50 161 177 289 302 321
 11
 47 106 109 133 134 184 263 272 331 352 387
 5
 63 149 220 254 339
 10
 20 82 89 107 181 194 218 260 322 350
 10
 34 45 73 123 158 195 248 275 324 353
 12
 15 23 65 110 186 202 214 247 272 305 310 344 
 8
 4 92 106 234 240 241 319 333
 7
 11 33 66 77 256 307 342
 10
 44 91 144 172 191 203 207 257 301 356
 10
 15 55 84 112 239 251 318 339 343 348
 11
 98 151 156 168 169 182 224 274 336 366 374
 6
 128 180 183 307 328 343
 7
 33 36 50 134 232 252 381
 4
 121 205 292 349
 12
 8 74 111 127 145 200 213 296 318 356 363 367 
 7
 44 152 200 308 316 336 354
 12
 32 42 61 64 108 126 158 180 201 316 336 349 
 3
 109 185 208
 12
 2 37 95 103 180 205 274 276 307 311 382 383 
 11
 19 20 35 105 143 230 235 327 335 346 370
 6
 8 231 236 252 303 315
 5
 1 37 41 89 220
 14
 23 35 74 93 105 131 151 187 215 302 350 362 
 372 383
 7
 2 145 212 248 261 271 324
 16
 159 189 211 215 296 305 311 317 326 328 336 360 
 362 369 372 380
 4
 2 216 255 302
 7
 1 87 135 233 296 315 335
 8
 11 85 162 230 247 249 287 380
 8
 58 157 177 184 191 230 276 342
 10
 73 95 97 126 132 283 304 359 367 375
 10
 9 43 47 67 231 252 302 312 350 368
 6
 18 61 167 178 277 328
 6
 14 72 142 201 215 256
 16
 18 88 99 104 129 147 157 172 233 264 301 312 
 313 363 374 386
 14
 104 175 179 210 239 246 271 281 286 315 317 338 
 340 369
 9
 17 81 96 121 155 186 249 267 363
 11
 34 42 97 120 149 192 223 271 314 331 342
 5
 146 192 297 371 375
 12
 52 101 148 184 200 207 241 287 294 304 357 365 
 13
 16 27 40 52 98 184 201 230 259 294 325 383 
 384
 6
 59 137 200 246 343 368
 8
 3 56 87 104 130 190 194 289
 10
 37 49 109 188 221 280 302 306 347 366
 10
 26 77 87 99 228 267 291 331 342 355
 8
 34 89 98 136 164 280 329 380
 7
 1 47 132 133 262 347 355
 15
 19 23 72 117 177 188 209 217 230 232 248 259 
 311 339 351
 14
 6 95 118 125 135 140 177 194 232 280 282 316 
 326 358
 9
 67 68 76 182 209 231 288 313 358
 5
 83 211 218 289 372
 5
 29 164 252 282 370
 5
 80 139 191 291 323
 10
 87 89 188 200 285 290 297 301 332 368
 9
 46 88 101 121 129 144 155 356 367
 8
 7 9 63 92 121 131 183 232
 10
 50 66 88 120 151 157 189 261 348 361
 10
 5 66 108 121 266 278 290 294 304 317
 9
 9 13 59 202 252 260 319 329 355
 7
 44 97 120 155 178 326 366
 8
 12 128 139 206 245 301 328 348
 5
 13 38 131 320 376
 12
 17 47 90 91 151 167 278 289 304 307 319 374 
 10
 3 99 114 135 191 247 250 258 259 290
 11
 2 49 88 106 150 157 168 215 272 346 363
 6
 28 136 161 297 320 337
