 200 200
 1 1 1 1 1 1 1 1 1 1 1 1 
 1 1 1 1 2 2 2 2 2 2 2 2 
 2 2 2 2 2 2 3 3 3 3 3 3 
 3 3 4 4 4 4 4 4 4 4 4 4 
 4 4 4 4 4 4 5 5 5 5 5 5 
 5 5 6 6 6 6 7 7 7 7 7 7 
 7 7 8 8 8 8 9 9 9 9 9 9 
 10 10 10 10 10 10 11 11 11 11 11 11 
 11 11 12 12 12 12 12 12 12 12 13 13 
 13 13 13 13 14 14 14 14 14 14 15 15 
 15 15 15 15 15 15 16 16 16 16 16 16 
 16 17 17 17 17 18 18 18 18 18 18 19 
 19 19 19 20 20 20 20 21 21 22 22 22 
 22 22 22 23 23 23 24 24 24 24 25 26 
 26 27 27 28 28 28 28 29 29 30 30 30 
 31 32 32 33 33 34 34 35 38 38 39 41 
 41 42 45 47 47 49 50 60 
 9
 30 65 75 110 120 131 181 182 200
 3
 131 161 193
 7
 36 41 58 72 99 103 170
 9
 63 99 102 114 127 136 166 184 188
 6
 88 100 109 122 139 150
 2
 27 72
 3
 68 105 107
 5
 17 43 69 153 192
 4
 47 85 198 200
 3
 59 102 173
 7
 44 102 119 140 144 155 170
 2
 32 152
 3
 16 75 124
 2
 84 196
 5
 21 44 120 149 189
 2
 40 67
 4
 8 65 114 192
 5
 24 42 75 80 94
 5
 1 23 64 110 179
 4
 127 174 183 188
 7
 8 31 63 107 123 191 199
 4
 5 65 113 189
 4
 15 42 57 156
 2
 35 101
 7
 56 87 118 183 188 194 195
 4
 77 99 177 193
 5
 25 76 80 103 123
 6
 20 34 70 97 119 183
 3
 1 28 127
 7
 22 39 75 138 157 174 190
 6
 67 104 119 145 191 197
 5
 3 6 33 81 117
 4
 1 8 98 142
 3
 16 29 122
 7
 19 21 26 49 107 174 184
 8
 39 70 91 96 129 134 144 153
 4
 10 27 73 152
 6
 17 89 91 116 144 195
 6
 78 96 102 155 156 158
 9
 134 142 146 149 159 176 177 180 192
 5
 61 83 108 183 193
 5
 66 114 120 199 200
 6
 103 105 110 171 183 200
 7
 1 17 22 76 79 99 115
 3
 17 85 120
 3
 5 94 119
 2
 104 178
 3
 44 122 146
 4
 45 56 87 140
 4
 57 60 108 118
 4
 32 41 160 178
 10
 14 18 25 28 50 79 85 120 151 169
 5
 37 69 136 139 188
 4
 64 75 101 115
 6
 68 129 145 168 169 171
 4
 3 77 139 195
 2
 92 198
 7
 89 90 92 120 121 123 167
 8
 19 106 107 126 160 165 169 175
 6
 11 29 64 81 91 113
 5
 113 114 128 132 185
 3
 51 138 145
 8
 38 55 67 80 117 121 137 186
 4
 141 143 152 162
 4
 6 27 40 71
 3
 16 98 154
 5
 58 61 143 178 189
 8
 115 138 152 164 165 167 177 191
 8
 7 20 31 69 129 160 195 198
 4
 86 93 101 179
 2
 10 40
 1
 46
 9
 1 12 23 34 67 69 92 113 138
 3
 44 65 200
 5
 7 39 57 135 150
 5
 112 126 162 169 185
 4
 3 93 97 102
 3
 105 185 198
 2
 7 14
 4
 4 40 85 129
 3
 90 106 182
 6
 2 21 46 48 110 136
 5
 17 33 38 178 184
 5
 150 158 160 187 190
 4
 103 107 138 182
 5
 45 124 145 182 194
 2
 35 144
 8
 111 140 156 157 186 189 192 195
 7
 71 74 97 113 128 169 178
 5
 130 148 166 174 175
 3
 4 31 125
 9
 31 41 77 79 109 138 140 142 168
 4
 42 104 114 122
 1
 5
 7
 4 39 99 107 174 187 193
 2
 31 104
 3
 76 96 154
 6
 91 118 139 173 191 198
 2
 43 129
 5
 18 26 47 144 172
 4
 6 31 71 153
 4
 86 101 128 154
 6
 19 48 60 70 94 95
 6
 63 67 82 149 155 161
 7
 5 7 26 27 55 59 182
 3
 20 108 132
 2
 9 130
 6
 109 117 131 168 179 186
 2
 3 176
 7
 62 73 108 116 163 172 176
 5
 22 39 66 68 148
 4
 151 184 190 193
 3
 10 148 196
 4
 2 14 39 64
 9
 2 17 32 37 88 141 160 168 184
 4
 194 196 197 199
 4
 4 49 93 100
 3
 53 134 152
 3
 33 109 198
 5
 1 40 41 62 115
 6
 51 54 55 120 162 170
 5
 2 9 52 79 195
 4
 10 75 80 121
 5
 6 24 40 93 123
 3
 9 18 200
 5
 15 25 58 151 193
 6
 86 109 119 133 176 178
 5
 34 113 119 139 173
 3
 32 92 108
 3
 18 85 158
 5
 2 18 83 142 188
 6
 164 173 180 181 195 200
 6
 52 82 130 137 186 199
 5
 79 127 165 176 189
 3
 20 127 130
 5
 72 87 147 163 176
 5
 2 122 141 175 187
 5
 21 26 101 144 147
 5
 13 32 79 163 191
 5
 11 17 30 48 145
 7
 13 36 69 71 87 96 171
 4
 35 63 133 148
 4
 42 169 188 199
 4
 9 67 121 163
 5
 36 41 83 158 172
 6
 13 50 56 82 107 181
 4
 47 80 122 143
 5
 8 56 81 148 163
 5
 12 63 68 119 128
 5
 43 119 141 196 198
 3
 51 120 155
 4
 77 171 181 200
 6
 3 34 49 156 181 192
 4
 29 64 159 160
 5
 24 37 76 105 155
 7
 70 95 97 111 112 172 179
 4
 1 39 63 191
 4
 58 124 128 183
 5
 24 60 108 159 184
 3
 59 144 171
 6
 25 95 121 128 144 186
 1
 38
 2
 23 45
 5
 30 57 128 130 152
 4
 50 56 189 200
 3
 57 69 170
 4
 113 124 127 135
 4
 46 163 182 195
 2
 110 155
 5
 137 147 153 163 187
 3
 78 99 198
 10
 59 68 73 132 154 157 168 173 189 192
 5
 18 33 93 117 154
 6
 39 61 133 150 163 189
 5
 21 64 91 114 170
 4
 70 72 100 139
 3
 43 85 86
 6
 1 6 71 149 161 177
 7
 89 94 110 125 168 172 181
 4
 2 7 88 168
 4
 12 106 121 163
 3
 19 67 161
 6
 85 95 98 135 166 173
 6
 82 100 116 125 134 157
 5
 19 68 85 108 127
 3
 20 55 70
 5
 5 19 107 127 190
 5
 65 81 100 146 200
 2
 15 22
 4
 68 140 191 192
 4
 47 123 154 156
 4
 11 116 164 194
 6
 28 42 46 134 160 165
 5
 55 76 138 167 196
 5
 4 17 48 55 94
 3
 135 162 172
 2
 23 159
 4
 17 109 164 167
 6
 81 92 136 170 175 176
 4
 3 28 45 164
