 400 679
 1 1 1 1 1 1 1 1 1 1 1 1 
 1 1 1 1 1 1 1 1 1 1 1 1 
 1 1 1 1 1 1 1 1 1 1 1 1 
 1 1 2 2 2 2 2 2 2 2 2 2 
 2 2 2 2 2 2 2 2 2 2 2 2 
 2 2 2 2 2 2 2 2 2 2 2 2 
 2 2 2 2 2 2 2 3 3 3 3 3 
 3 3 3 3 3 3 3 3 3 3 3 3 
 3 3 3 3 3 3 3 3 3 3 3 3 
 3 3 3 3 3 3 3 4 4 4 4 4 
 4 4 4 4 4 4 4 4 4 4 4 4 
 4 4 4 4 4 4 4 4 4 4 4 4 
 4 4 4 4 4 4 4 4 4 4 4 4 
 4 4 5 5 5 5 5 5 5 5 5 5 
 5 5 5 5 5 5 5 5 5 5 5 5 
 5 5 5 5 5 5 5 5 5 5 5 5 
 5 5 5 5 5 5 5 5 6 6 6 6 
 6 6 6 6 6 6 6 6 6 6 6 6 
 6 6 6 6 6 6 6 6 6 6 6 6 
 6 6 6 6 6 6 6 6 6 6 6 6 
 6 6 7 7 7 7 7 7 7 7 7 7 
 7 7 7 7 7 7 7 7 7 7 7 7 
 7 7 7 7 7 7 7 7 7 7 7 7 
 7 7 7 7 7 7 7 7 7 7 7 7 
 7 8 8 8 8 8 8 8 8 8 8 8 
 8 8 8 8 8 8 8 8 8 8 8 8 
 8 8 8 8 8 8 8 8 8 8 8 8 
 9 9 9 9 9 9 9 9 9 9 9 9 
 9 9 9 9 9 9 9 9 9 9 9 9 
 9 9 9 9 9 9 9 9 9 9 9 9 
 9 9 9 9 9 9 9 9 9 9 9 9 
 9 10 10 10 10 10 10 10 10 10 10 10 
 10 10 10 10 10 10 10 10 10 10 10 10 
 10 10 10 10 10 10 10 10 10 10 11 11 
 11 11 11 11 11 11 11 11 11 11 11 11 
 11 11 11 11 11 11 11 11 11 11 11 11 
 11 11 11 11 11 11 11 11 11 11 12 12 
 12 12 12 12 12 12 12 12 12 12 12 12 
 12 12 12 12 12 12 12 12 12 12 12 12 
 12 12 12 12 12 12 12 12 12 12 12 12 
 12 12 12 13 13 13 13 13 13 13 13 13 
 13 13 13 13 13 13 13 13 13 13 13 13 
 13 13 13 13 13 13 13 13 13 13 13 13 
 13 13 13 13 13 13 14 14 14 14 14 14 
 14 14 14 14 14 14 14 14 14 14 14 14 
 14 14 14 14 14 14 14 14 15 15 15 15 
 15 15 15 15 15 15 15 15 15 15 15 15 
 15 15 15 15 15 15 15 15 15 15 15 15 
 15 15 15 15 15 16 16 16 16 16 16 16 
 16 16 16 16 16 16 16 16 16 16 16 16 
 16 16 16 16 16 16 16 16 16 16 17 17 
 17 17 17 17 17 17 17 17 17 17 17 17 
 17 17 17 17 17 17 17 18 18 18 18 18 
 18 18 18 18 18 18 18 18 19 19 19 19 
 19 19 19 19 19 19 19 19 19 19 20 20 
 20 20 20 20 20 20 21 21 21 22 22 22 
 22 22 22 23 23 23 23 
 23
 15 38 66 67 114 121 131 132 138 144 250 272 
 449 527 564 582 607 611 627 631 641 658 678
 43
 8 13 41 51 60 63 87 92 117 121 182 201 
202 208 216 224 226 234 258 267 284 286 295 299 312 
340 350 355 359 376 398 420 433 455 524 548 567 568 
 588 619 620 637 678
 38
 5 16 21 44 57 72 96 122 201 203 213 222 
232 261 277 294 330 341 379 398 399 423 436 481 486 
492 538 559 564 567 568 570 587 592 598 645 652 654 
 40
 7 9 30 41 42 59 70 103 131 169 180 189 
190 204 228 231 233 277 278 293 297 301 312 329 341 
345 379 382 441 454 464 484 486 491 492 536 562 606 
 611 645
 32
 35 74 97 132 148 189 194 204 205 214 244 275 
282 343 354 362 374 416 426 432 469 487 491 509 528 
 544 578 583 597 624 625 671
 26
 9 36 80 92 126 199 251 265 292 335 342 357 
377 412 456 465 494 500 556 560 562 571 575 626 638 
 654
 38
 2 13 30 40 57 60 71 74 131 146 166 217 
226 241 250 260 265 278 304 337 378 395 429 430 452 
457 458 461 512 518 526 527 544 549 597 615 641 670 
 33
 17 36 88 89 96 117 129 157 170 179 210 220 
247 255 259 286 307 325 347 375 432 438 446 488 551 
 553 554 559 608 616 644 650 676
 40
 8 35 84 94 99 120 124 127 154 170 189 207 
232 280 281 294 317 353 356 387 418 420 421 432 440 
458 463 474 477 478 527 528 533 559 563 565 598 621 
 669 678
 40
 20 41 96 132 156 172 177 215 218 223 243 244 
247 272 280 291 295 299 302 327 331 333 334 344 363 
407 421 426 427 435 468 510 528 532 618 632 635 638 
 645 676
 36
 20 27 39 49 65 70 111 119 122 138 142 197 
201 202 212 221 239 262 313 334 376 420 435 451 491 
 528 588 594 603 617 621 628 634 636 660 676
 28
 7 71 83 86 104 121 144 171 185 241 283 294 
331 335 354 406 420 453 457 464 487 502 538 554 589 
 613 634 660
 33
 25 26 73 93 99 104 111 137 141 176 183 202 
227 230 231 234 296 310 312 323 352 421 452 486 493 
 546 579 580 583 591 595 616 644
 35
 21 31 48 54 57 60 79 88 103 120 179 235 
240 293 305 311 338 390 398 399 408 411 436 437 443 
 487 524 552 569 605 625 650 660 663 671
 41
 9 10 21 38 52 59 62 86 104 112 118 119 
125 126 138 150 151 160 183 306 365 375 387 414 419 
473 477 485 489 494 518 519 533 535 538 552 606 616 
 632 646 651
 31
 45 49 55 56 71 95 137 189 217 228 252 273 
300 345 348 387 409 424 425 457 558 562 583 587 594 
 623 635 640 656 658 678
 31
 13 21 31 39 45 61 96 100 135 151 165 198 
209 218 238 265 276 325 367 371 484 543 550 565 566 
 590 602 604 623 653 654
 46
 4 66 86 102 131 135 137 140 162 167 176 190 
201 221 223 256 281 300 314 320 322 366 370 380 381 
386 410 432 446 454 481 482 488 516 520 523 570 582 
 599 617 634 638 648 651 652 670
 39
 2 37 56 119 129 153 172 175 182 191 216 226 
229 236 245 267 275 288 290 297 325 328 350 372 373 
381 382 440 454 482 530 536 559 584 616 622 623 634 
 661
 36
 2 29 43 46 115 116 119 135 136 148 181 183 
186 229 232 250 284 299 310 341 397 404 409 416 425 
 460 489 510 576 582 590 592 597 599 606 614
 39
 24 36 42 54 69 118 133 164 187 216 225 262 
269 283 291 295 299 312 336 345 374 398 411 444 446 
453 460 461 463 494 501 531 598 601 636 639 644 649 
 667
 27
 17 19 54 73 93 122 174 182 187 208 235 250 
325 338 368 389 395 442 496 530 550 559 562 615 617 
 634 637
 41
 10 20 26 57 62 80 135 161 162 171 202 218 
254 278 291 305 309 339 343 355 385 425 431 462 488 
499 506 510 524 543 549 575 584 591 601 612 621 635 
 654 655 675
 25
 6 16 23 36 49 52 135 149 217 260 271 288 
291 319 393 420 435 521 524 546 565 585 590 620 651 
 35
 12 19 73 100 108 117 127 131 144 163 164 165 
173 205 209 231 249 255 311 331 334 347 363 376 403 
 443 445 461 467 504 531 554 613 631 657
 31
 80 87 105 135 167 207 224 289 324 328 340 342 
345 416 420 447 486 491 534 543 572 576 579 584 591 
 603 618 646 672 675 679
 33
 29 51 63 159 165 184 216 221 239 252 253 260 
263 267 271 293 363 376 377 392 408 412 420 428 435 
 524 529 551 559 632 634 649 659
 35
 13 23 48 92 98 100 102 118 121 122 159 170 
172 190 227 257 272 280 297 316 327 332 349 355 411 
 427 443 444 457 488 493 550 555 560 648
 40
 3 5 10 11 27 52 56 59 85 90 106 107 
116 126 164 177 181 186 196 240 266 275 325 329 342 
348 377 381 428 445 446 458 485 494 523 589 598 614 
 618 646
 42
 21 31 43 56 62 113 124 126 137 140 163 203 
210 235 246 247 260 266 294 304 305 352 359 409 413 
420 427 446 492 562 567 585 590 596 610 625 628 631 
 632 633 642 671
 41
 3 22 44 52 53 80 99 122 124 146 147 153 
154 155 160 186 197 203 247 254 272 275 292 298 300 
322 328 332 370 378 413 428 434 444 461 485 510 603 
 646 660 674
 38
 1 9 39 79 82 90 136 146 154 156 165 244 
250 252 256 267 296 302 330 339 359 367 376 379 394 
400 407 455 489 511 524 527 536 577 605 618 619 647 
 35
 25 53 88 94 119 146 256 273 284 296 303 329 
346 357 362 375 380 383 391 451 468 492 496 497 502 
 510 556 560 583 586 587 604 617 623 627
 34
 2 51 67 81 85 120 124 159 187 196 202 212 
236 243 278 300 323 338 381 399 416 444 453 458 487 
 489 520 523 582 594 595 622 661 678
 30
 3 9 32 40 85 90 127 139 158 160 227 314 
365 379 382 408 430 470 523 526 543 552 553 567 581 
 591 604 642 659 662
 42
 1 13 18 19 30 50 148 149 155 192 198 199 
213 228 241 257 261 303 308 314 336 340 348 355 366 
428 429 438 446 455 467 474 476 500 525 554 578 635 
 647 649 660 679
 37
 33 55 59 163 165 175 177 200 201 215 229 242 
252 268 292 302 316 320 322 326 351 369 391 395 421 
 500 523 525 533 536 586 601 609 630 636 638 663
 33
 12 15 16 36 43 145 218 224 225 253 260 264 
271 299 334 343 360 361 388 411 457 479 540 547 565 
 571 611 617 619 638 641 672 677
 31
 2 5 20 42 65 75 95 99 103 121 132 162 
240 267 269 272 350 383 387 390 407 417 421 467 513 
 538 540 541 567 579 670
 27
 1 40 54 83 86 97 109 117 180 249 253 276 
295 337 349 374 435 464 465 485 508 554 610 614 616 
 636 669
 22
 35 91 92 96 256 261 266 326 341 371 440 463 
 467 475 478 558 589 590 630 640 643 649
 29
 10 33 72 100 159 177 193 205 214 224 231 246 
254 291 296 306 341 391 421 428 445 464 505 516 556 
 609 635 641 658
 24
 16 57 116 159 164 202 253 256 263 264 284 286 
 334 350 366 409 443 456 517 586 593 653 656 678
 29
 2 6 68 89 95 96 97 110 161 170 230 242 
286 339 360 375 391 421 446 452 459 542 556 558 583 
 596 618 620 657
 38
 12 44 79 95 98 116 127 138 149 166 198 223 
274 305 340 351 355 378 401 409 414 423 428 440 479 
503 532 539 541 542 555 558 560 563 569 582 629 654 
 34
 26 32 40 45 53 59 84 167 168 174 198 230 
265 278 298 309 342 348 385 397 437 439 506 547 586 
 609 612 624 636 640 642 645 674 676
 34
 6 47 60 125 134 140 156 163 171 185 211 244 
255 278 281 326 355 360 375 421 431 434 465 483 510 
 515 532 546 558 561 595 633 667 678
 25
 38 61 67 68 83 130 195 203 213 214 259 273 
279 345 401 417 420 456 501 574 601 606 617 629 639 
 32
 13 17 44 46 49 70 107 148 158 168 232 290 
316 323 387 390 413 420 424 434 440 457 485 491 494 
 536 582 589 604 615 618 630
 34
 16 22 32 37 51 52 61 72 80 93 103 118 
162 248 264 337 376 381 411 452 459 495 498 536 549 
 576 577 602 606 609 632 650 665 668
 29
 14 58 74 92 129 153 198 234 261 279 320 326 
335 364 408 417 423 449 451 466 476 491 544 606 613 
 652 660 663 673
 27
 3 11 22 28 37 80 130 135 204 249 251 304 
315 377 381 396 416 480 499 510 542 557 565 615 627 
 639 677
 35
 1 41 47 55 86 90 96 101 134 138 168 192 
229 236 246 277 294 394 415 419 422 429 435 436 520 
 534 545 548 549 553 587 635 643 647 663
 21
 49 67 135 140 169 180 208 213 230 232 266 313 
 328 348 363 511 549 621 629 632 660
 35
 4 5 13 28 44 53 54 84 95 100 131 162 
183 189 206 213 247 291 293 316 332 386 396 409 411 
 443 444 501 502 517 521 554 592 612 654
 25
 1 2 4 21 32 43 80 124 130 170 171 198 
206 221 230 368 382 410 453 466 510 565 583 610 673 
 30
 14 66 73 88 96 98 100 127 130 154 171 180 
203 208 245 259 335 345 350 387 390 412 444 471 498 
 536 570 604 631 645
 31
 28 45 47 106 118 125 137 165 167 171 174 176 
232 269 295 299 301 332 333 357 386 389 418 427 446 
 458 475 492 509 532 650
 29
 9 40 84 91 119 139 160 245 273 298 337 398 
411 414 450 473 483 484 489 511 521 530 533 553 626 
 628 631 634 679
 40
 7 23 60 66 82 103 136 143 145 156 164 195 
210 229 230 245 305 306 314 352 377 379 392 409 424 
448 455 464 484 485 495 507 526 529 531 560 631 644 
 656 668
 35
 15 42 52 70 88 107 150 157 215 284 297 307 
317 327 344 370 391 393 397 407 436 440 444 448 457 
 472 473 511 550 565 577 624 635 640 652
 27
 7 28 59 64 68 84 106 124 143 151 163 173 
175 257 270 351 424 446 461 477 493 534 537 543 577 
 617 637
 35
 5 17 80 86 106 117 226 238 290 321 348 351 
358 361 385 388 399 431 434 435 438 441 449 450 453 
 485 490 516 523 545 583 645 656 674 678
 38
 28 42 61 80 84 105 121 125 139 169 197 249 
257 258 295 301 304 307 351 359 363 376 378 384 412 
422 450 453 472 504 553 559 603 659 661 662 664 670 
 44
 4 17 43 46 72 87 92 101 139 146 152 226 
231 236 259 260 270 274 281 319 327 340 347 348 363 
383 385 388 407 429 451 464 467 472 482 497 502 511 
 552 560 563 583 653 656
 43
 3 33 39 57 88 90 108 133 146 149 161 170 
174 207 217 228 246 267 303 304 306 320 333 355 387 
398 428 444 462 497 523 543 556 575 583 584 587 589 
 591 647 653 669 672
 38
 8 22 51 77 83 105 132 171 183 197 206 242 
245 250 251 263 378 391 407 412 415 443 445 447 451 
457 467 502 506 519 522 538 569 596 626 627 652 669 
 35
 33 61 66 81 85 88 162 181 185 187 192 215 
220 253 264 265 266 268 286 296 297 303 304 330 349 
 391 394 418 501 518 524 556 593 625 656
 35
 20 24 26 55 60 66 154 158 169 208 212 234 
251 264 273 291 298 318 321 364 376 411 446 450 550 
 559 571 576 588 595 604 607 632 636 673
 49
 7 18 25 30 37 38 48 50 52 73 81 93 
117 125 126 137 160 209 211 244 251 294 297 322 332 
334 349 358 372 390 418 456 459 468 494 535 543 550 
 556 568 582 587 588 596 602 615 652 653 667
 33
 8 10 16 28 41 49 54 59 60 79 85 127 
145 180 192 220 221 238 264 299 342 348 368 369 494 
 513 526 527 535 549 599 632 669
 36
 17 38 67 97 107 109 126 133 141 149 152 167 
203 204 218 249 303 326 328 336 338 361 413 438 452 
 466 475 517 529 561 615 620 633 639 665 679
 44
 13 46 104 131 158 161 169 173 193 195 223 232 
235 243 246 252 270 295 315 328 343 358 380 384 408 
418 426 439 444 464 467 476 492 495 524 541 546 569 
 571 584 600 611 641 667
 38
 5 33 39 42 51 65 71 87 105 124 162 185 
212 213 233 244 259 282 291 298 346 347 369 376 381 
402 414 454 494 521 537 550 560 574 584 585 586 663 
 49
 9 22 35 38 54 77 81 91 112 125 126 157 
166 171 172 240 265 271 277 290 296 308 310 319 325 
334 335 336 344 382 404 419 432 445 462 486 532 569 
 582 611 622 624 626 630 634 645 655 659 664
 38
 7 33 35 45 83 94 136 142 148 167 175 179 
193 196 201 222 248 254 255 293 294 299 309 317 322 
328 330 377 402 439 459 508 519 539 541 587 603 630 
 28
 81 102 130 133 149 178 228 238 255 268 270 280 
298 335 354 377 406 530 580 603 613 637 642 646 665 
 667 677 678
 27
 10 20 80 94 121 123 148 202 251 291 429 431 
450 466 484 507 515 520 573 585 607 636 637 643 649 
 661 677
 30
 19 40 66 89 124 143 166 185 213 215 216 228 
241 325 349 441 444 460 469 483 508 523 526 533 583 
 588 617 638 639 657
 28
 22 92 93 108 113 160 206 235 237 246 254 279 
307 364 394 432 438 479 490 528 553 559 561 566 576 
 604 637 650
 37
 55 59 63 74 128 140 150 160 173 189 224 248 
254 257 268 291 304 365 384 390 437 471 478 481 506 
 515 530 555 557 560 563 566 620 634 663 670 677
 38
 4 8 24 42 60 99 100 104 175 184 200 204 
222 233 291 332 344 372 392 412 423 436 443 457 458 
472 487 495 499 505 509 518 559 620 631 658 678 679 
 35
 7 67 71 76 80 107 109 122 136 138 143 145 
167 206 247 267 286 287 327 333 363 365 368 375 398 
 422 428 463 476 492 499 567 585 586 624
 34
 4 31 65 106 116 121 145 153 166 183 231 244 
249 305 326 359 360 364 382 384 401 422 434 448 454 
 468 489 504 535 592 595 619 637 658
 27
 3 15 39 53 144 164 221 223 234 250 302 371 
451 487 523 527 529 530 531 536 538 540 551 568 585 
 593 662
 34
 12 14 60 82 88 134 137 146 168 187 214 233 
234 256 264 268 278 279 304 311 333 335 358 388 389 
 394 422 439 514 538 552 554 616 667
 23
 6 27 33 70 80 117 151 156 161 163 178 221 
 249 334 342 354 422 436 448 540 565 642 661
 44
 17 62 64 65 87 115 189 190 197 207 220 262 
273 302 305 315 318 323 340 374 375 411 413 447 448 
452 462 478 480 512 538 539 583 590 591 599 617 645 
 646 659 661 662 665 668
 34
 1 35 81 95 117 130 154 163 179 220 232 252 
292 313 340 348 370 371 372 428 488 497 505 527 531 
 532 551 577 617 638 645 648 660 679
 32
 1 3 25 31 50 67 135 175 213 261 269 298 
313 336 338 350 353 361 376 385 429 437 450 480 489 
 531 534 566 647 651 663 678
 36
 8 72 109 114 157 161 198 243 251 254 258 274 
276 282 310 311 323 342 346 351 354 372 376 448 494 
 500 548 558 564 588 591 622 632 647 660 667
 32
 10 16 65 86 90 95 119 131 152 165 166 167 
177 189 199 205 232 255 281 293 300 428 441 447 460 
 486 503 561 580 609 632 663
 27
 28 48 50 93 116 160 225 228 233 234 259 296 
300 356 358 362 487 526 538 553 566 627 649 654 659 
 662 675
 27
 2 28 40 52 58 81 86 111 143 162 181 213 
255 258 296 343 349 411 412 503 509 526 546 557 558 
 664 675
 31
 2 49 50 64 104 117 146 151 163 182 217 242 
253 290 299 304 310 339 345 384 387 416 426 444 484 
 492 511 567 611 618 674
 35
 1 6 22 41 85 153 159 160 162 163 188 191 
209 249 252 268 289 291 294 336 369 410 439 456 490 
 516 525 535 555 577 583 593 614 620 623
 31
 12 17 42 46 55 90 123 141 148 173 225 250 
269 336 361 384 403 413 420 428 431 454 466 476 505 
 516 519 537 547 676 679
 36
 31 43 89 91 96 101 112 147 151 170 203 205 
228 243 272 292 321 325 338 417 445 448 450 475 479 
 500 520 570 578 592 599 601 602 606 646 669
 34
 30 41 69 81 85 90 97 121 162 191 204 227 
229 249 264 278 306 328 333 362 409 434 494 529 549 
 576 578 586 588 598 601 627 637 659
 31
 18 21 22 48 66 118 122 166 204 216 256 320 
327 332 339 364 369 378 407 421 432 475 487 516 551 
 556 629 643 647 661 665
 36
 40 68 81 82 109 175 200 211 214 218 245 260 
265 269 304 316 331 383 419 446 471 484 490 493 524 
 532 585 587 589 591 597 607 660 662 663 667
 47
 6 10 32 46 51 60 67 73 82 86 89 101 
143 164 184 192 235 257 263 295 327 359 361 396 405 
412 430 461 464 471 493 498 511 520 523 559 564 588 
 590 595 611 628 639 640 645 656 674
 34
 9 19 42 46 56 92 136 231 245 274 280 283 
285 300 343 347 353 384 448 451 456 496 498 499 514 
 528 529 532 596 600 607 619 621 628
 26
 24 37 46 101 123 127 154 179 210 222 243 266 
311 315 385 418 527 531 582 585 587 628 632 647 650 
 670
 28
 4 42 43 49 69 82 106 163 167 178 194 221 
246 247 266 308 327 371 406 431 455 468 497 514 529 
 534 563 669
 35
 1 53 63 67 134 145 174 202 223 231 243 245 
253 288 291 300 312 363 407 416 448 459 478 490 497 
 517 526 545 554 562 564 574 602 614 672
 36
 17 26 31 36 40 156 165 174 175 176 186 209 
210 231 270 280 298 315 382 391 408 417 445 463 490 
 495 501 507 590 595 609 620 625 638 667 679
 38
 2 5 80 87 121 122 130 148 160 175 193 206 
273 287 309 322 344 348 356 375 385 397 398 406 417 
427 463 491 500 504 536 540 541 584 586 590 605 677 
 30
 32 55 68 82 83 95 139 167 168 179 188 215 
224 256 257 302 311 322 339 340 357 374 376 383 416 
 452 471 483 589 656
 33
 1 63 76 116 123 148 180 188 201 226 273 274 
275 290 296 312 329 357 359 396 422 459 460 487 495 
 502 555 600 615 616 622 650 661
 42
 16 25 27 41 54 61 116 139 156 161 193 204 
213 226 245 248 254 300 329 355 356 365 390 401 462 
465 476 497 500 511 529 536 556 569 571 583 617 638 
 662 663 666 667
 30
 23 24 40 86 97 129 144 176 202 206 248 252 
262 277 285 320 325 356 398 426 461 486 515 518 591 
 595 622 632 656 659
 34
 15 27 49 52 67 79 87 135 185 217 264 275 
285 295 312 319 328 355 359 383 388 397 410 415 466 
 467 529 540 583 586 632 650 657 675
 35
 31 39 55 78 124 128 139 152 201 257 272 285 
305 317 329 334 363 368 413 421 443 468 479 488 516 
 518 542 543 559 569 572 608 628 653 678
 41
 4 5 45 49 50 82 84 106 121 123 125 128 
188 194 204 219 221 227 230 295 317 329 338 346 445 
453 459 468 487 491 502 517 520 540 550 592 600 608 
 619 643 655
 36
 45 80 91 95 137 161 164 177 184 188 220 233 
251 253 296 308 345 386 402 417 427 445 447 449 459 
 470 471 481 492 508 533 599 625 651 658 659
 36
 12 42 57 83 89 90 103 139 157 168 179 196 
209 259 286 321 326 329 334 345 347 379 484 488 490 
 495 508 521 553 570 598 618 640 648 668 679
 35
 8 22 29 52 75 161 176 206 253 254 261 268 
374 377 401 412 430 441 448 484 489 509 533 549 564 
 573 592 603 612 618 649 657 661 670 675
 41
 7 33 40 46 58 66 79 97 116 117 134 155 
162 163 193 218 225 255 261 262 356 380 394 420 430 
433 436 443 451 468 487 498 524 540 577 587 618 640 
 654 661 664
 34
 15 24 56 70 127 130 141 163 169 199 203 213 
235 249 261 308 338 359 389 392 393 395 405 490 504 
 519 524 527 545 563 568 592 620 662
 41
 27 28 49 56 123 138 140 159 176 207 228 232 
237 253 258 273 305 310 318 322 326 329 340 350 380 
387 410 433 442 453 462 539 550 561 586 605 640 645 
 653 676 677
 48
 8 11 13 47 58 127 137 138 140 150 160 177 
184 195 219 260 295 298 309 325 328 329 367 373 377 
405 425 438 444 447 459 468 475 495 505 508 512 526 
 528 580 589 604 606 614 622 633 646 677
 33
 8 34 121 123 147 161 213 246 264 290 297 331 
339 345 374 383 410 411 425 433 444 465 496 497 558 
 578 591 615 621 632 649 650 674
 44
 2 6 76 78 84 89 97 104 126 132 151 163 
165 170 173 174 184 244 247 280 342 346 371 399 403 
415 444 446 449 473 474 531 542 572 584 611 621 630 
 639 643 644 649 659 669
 32
 2 7 8 87 100 171 172 180 192 201 203 222 
224 245 328 382 424 426 468 474 486 500 501 512 530 
 543 550 562 563 574 609 613
 34
 43 48 54 85 93 114 128 135 148 166 168 178 
210 251 255 341 357 373 382 388 416 418 436 440 445 
 458 461 465 477 487 527 593 611 643
 34
 9 10 44 53 73 130 234 245 249 253 298 302 
304 316 358 369 393 400 407 412 416 441 443 479 508 
 511 534 536 547 560 598 609 661 671
 37
 19 46 47 96 100 186 192 197 207 211 240 259 
260 290 291 295 310 344 351 369 376 378 385 406 450 
 456 460 505 513 516 601 619 631 655 659 660 667
 36
 30 68 72 86 87 144 150 190 294 301 309 323 
382 394 406 414 417 420 448 449 461 498 507 512 531 
 555 563 566 581 593 600 603 635 643 655 661
 39
 64 77 92 137 139 141 153 161 165 170 185 201 
203 208 225 241 249 267 279 283 292 297 330 345 483 
528 546 550 566 589 597 603 608 615 643 651 655 658 
 666
 38
 52 59 114 118 169 208 256 261 292 324 334 368 
386 394 403 411 425 443 448 454 473 512 540 549 552 
556 561 573 584 622 626 639 648 659 662 674 678 679 
 36
 3 9 15 36 44 49 73 78 97 99 164 165 
224 236 247 254 290 318 323 325 371 387 399 437 455 
 486 490 526 547 553 560 575 585 635 646 672
 36
 28 47 81 82 105 111 116 126 168 172 173 188 
191 210 216 255 256 275 288 327 385 428 439 451 474 
 482 487 532 540 558 625 631 644 647 657 676
 36
 17 21 71 94 139 180 192 201 218 220 230 256 
308 316 330 339 347 349 358 402 410 416 420 450 524 
 535 538 540 565 599 611 615 617 635 647 653
 30
 9 42 61 65 97 136 153 159 169 172 221 343 
362 378 411 418 453 468 476 485 492 505 514 523 525 
 557 578 591 641 662
 38
 26 44 107 125 143 192 193 208 216 223 248 271 
277 287 289 300 411 414 431 447 462 465 482 497 524 
538 550 554 574 577 581 589 611 625 634 639 672 673 
 24
 66 75 99 259 312 327 361 385 386 409 427 439 
 476 488 495 540 541 546 587 637 639 644 658 672
 43
 32 51 54 122 124 126 146 155 178 179 194 196 
201 233 247 248 254 257 277 281 284 297 309 317 356 
364 380 390 402 408 415 496 499 507 520 572 590 592 
 623 640 647 651 664
 42
 41 72 127 150 177 178 182 208 225 239 250 265 
290 291 305 307 313 320 336 349 357 360 404 463 468 
481 493 510 523 531 538 559 570 574 580 585 586 602 
 619 629 652 655
 29
 12 47 84 85 86 88 155 186 217 242 262 317 
320 403 423 433 477 484 492 509 537 539 592 624 627 
 628 661 664 666
 26
 9 11 20 23 48 49 91 202 246 305 354 361 
431 455 458 485 493 497 503 555 560 561 586 635 659 
 668
 53
 11 22 39 40 46 53 85 91 108 129 142 145 
150 151 156 174 177 205 225 236 240 249 257 259 266 
296 322 324 328 340 357 361 371 377 382 407 410 484 
497 522 525 528 537 549 558 559 577 587 601 612 624 
 675 678
 35
 23 31 74 83 93 133 135 158 163 177 183 191 
192 206 247 250 276 291 305 318 376 377 384 407 419 
 425 431 472 495 542 546 593 595 662 667
 42
 4 46 83 126 142 159 166 175 181 191 204 205 
246 252 266 304 308 313 345 346 349 361 381 384 400 
401 408 411 432 436 446 461 470 505 529 570 581 587 
 594 597 625 671
 37
 20 40 45 46 84 101 110 125 140 141 178 194 
197 209 217 255 265 326 328 359 372 374 379 385 412 
 420 476 498 524 526 551 560 569 602 605 606 618
 38
 6 25 56 118 135 163 166 174 177 242 250 251 
256 263 284 318 378 383 414 457 460 489 491 494 495 
527 529 538 542 543 571 589 597 607 612 641 646 672 
 19
 13 51 54 72 116 169 205 208 218 273 358 364 
 418 469 554 612 672 674 679
 34
 25 45 99 116 121 136 137 146 201 209 210 222 
270 280 294 326 329 337 346 390 399 522 532 535 553 
 558 563 566 588 591 611 615 653 668
 40
 35 36 43 44 86 98 101 117 122 123 131 148 
159 167 210 244 246 263 277 284 296 301 318 334 359 
416 422 484 489 500 510 512 549 558 560 593 595 618 
 629 645
 36
 5 26 118 119 155 159 176 214 219 308 310 335 
338 343 346 364 407 424 450 454 457 460 481 497 505 
 554 570 582 586 590 591 634 641 653 659 674
 34
 43 74 131 155 172 212 224 234 255 306 317 353 
376 381 402 409 449 464 489 495 514 536 547 550 575 
 579 590 594 598 610 634 635 639 669
 27
 6 32 133 149 162 218 258 333 342 344 378 394 
404 427 428 445 460 468 478 496 534 564 567 602 603 
 649 675
 28
 29 110 126 186 211 222 250 260 290 343 359 417 
423 442 459 471 484 487 508 530 544 548 552 573 591 
 633 634 635
 36
 18 21 115 119 128 137 140 185 217 273 294 295 
325 344 393 408 432 433 435 452 462 470 484 520 524 
 532 540 557 562 575 578 583 598 610 651 670
 41
 7 13 39 55 68 81 87 106 132 153 165 173 
211 216 229 259 275 303 314 325 326 343 373 386 407 
432 473 549 550 555 561 571 582 583 625 633 652 672 
 674 676 679
 36
 4 58 78 88 91 110 112 167 206 215 226 229 
238 245 265 290 301 315 318 325 347 385 394 413 437 
 495 541 550 557 566 582 600 613 635 642 676
 32
 10 23 29 33 73 89 91 169 205 207 243 251 
275 278 292 294 295 330 335 366 413 455 498 502 510 
 518 526 535 555 585 651 670
 34
 29 35 39 45 62 75 83 121 150 267 268 291 
324 329 331 346 357 370 415 424 453 457 460 472 496 
 551 566 569 571 580 588 597 603 606
 40
 7 66 121 133 143 161 196 200 225 227 229 243 
265 267 270 308 319 325 341 355 365 373 374 376 377 
381 389 392 400 413 473 508 547 584 593 611 612 619 
 626 667
 40
 9 20 41 76 84 90 96 104 123 130 134 183 
185 193 210 277 279 294 296 392 397 411 414 434 443 
519 522 524 551 574 584 590 601 622 636 645 646 670 
 671 675
 42
 58 60 62 90 102 106 131 133 161 184 206 227 
263 265 299 306 307 335 339 359 366 368 375 395 421 
449 460 463 465 469 514 525 527 537 568 580 584 599 
 620 645 652 660
 41
 16 33 43 59 110 120 130 136 188 201 208 215 
218 241 259 276 292 296 313 317 331 372 378 381 423 
448 477 482 485 501 538 540 553 587 612 614 621 641 
 650 661 674
 29
 4 7 9 12 27 30 36 69 81 145 158 204 
293 337 370 402 411 423 499 505 511 528 537 570 583 
 595 596 623 649
 36
 2 15 30 45 55 60 67 82 84 98 149 210 
215 238 250 260 321 330 333 358 364 416 433 437 442 
 453 499 506 514 558 589 598 605 629 670 677
 31
 29 44 48 87 101 110 128 204 218 236 238 248 
257 291 320 330 350 368 396 419 424 463 486 491 510 
 556 598 599 636 651 667
 50
 25 36 37 43 51 60 62 68 75 83 167 170 
206 214 215 220 239 254 255 266 274 290 311 313 327 
337 360 372 379 380 390 422 432 434 444 448 454 456 
 466 500 517 525 544 566 577 598 600 622 635 678
 37
 38 72 98 100 136 141 143 150 162 166 174 186 
226 245 253 258 278 294 299 327 336 382 410 418 429 
 445 509 528 533 609 620 626 631 661 663 666 674
 33
 2 25 53 161 173 192 205 219 223 244 251 294 
354 359 363 375 378 412 423 424 431 433 452 526 531 
 535 558 562 564 582 631 646 678
 35
 5 15 40 77 94 97 128 132 157 182 249 251 
276 290 317 338 342 380 391 404 446 447 459 486 529 
 530 537 540 542 546 600 613 626 643 675
 34
 14 18 22 86 87 93 134 141 152 161 173 185 
187 201 205 219 279 326 327 328 342 407 424 449 467 
 473 504 524 525 550 591 613 615 634
 38
 9 32 40 44 61 67 124 166 170 179 180 218 
249 265 270 274 275 298 317 342 354 391 398 405 409 
457 491 503 505 534 551 562 570 573 585 600 610 650 
 34
 5 14 97 131 140 147 202 309 312 314 324 345 
365 377 394 419 431 434 439 494 529 535 547 554 579 
 591 596 597 609 616 621 622 647 662
 40
 62 92 98 124 127 137 166 178 246 249 250 252 
270 333 339 343 375 390 391 406 412 414 418 451 454 
496 499 509 546 551 567 568 578 609 638 643 652 668 
 672 677
 24
 59 75 82 98 133 155 188 210 247 272 280 331 
 406 433 492 503 509 523 571 576 582 593 651 666
 34
 13 24 26 41 60 99 134 149 156 165 222 226 
275 299 330 336 337 364 394 419 445 484 503 558 561 
 562 564 596 617 622 623 624 676 678
 39
 14 32 46 51 81 92 93 122 142 149 199 224 
246 254 266 281 285 306 316 350 380 392 403 419 425 
430 436 449 483 500 579 587 593 611 612 642 656 662 
 668
 23
 25 39 40 44 48 100 110 173 219 244 262 276 
 296 305 309 344 350 447 459 464 541 635 645
 39
 8 19 69 92 120 134 142 174 179 186 194 207 
262 292 293 329 332 363 388 408 414 416 426 431 458 
477 486 505 514 525 544 557 580 583 589 612 640 667 
 676
 36
 1 2 21 76 109 116 131 142 143 157 166 175 
182 190 205 243 306 307 310 314 319 321 339 359 366 
 388 391 446 520 527 546 594 614 615 629 673
 43
 4 16 24 32 49 115 125 159 173 175 180 217 
218 232 247 248 256 260 307 309 311 376 383 415 467 
471 479 524 541 548 567 570 577 614 624 625 630 634 
 635 646 647 662 671
 23
 33 41 91 100 102 243 246 313 314 333 335 377 
 383 433 479 512 546 568 605 608 612 652 666
 31
 2 5 6 16 36 53 60 113 121 148 171 190 
222 257 271 293 307 423 425 445 447 496 509 523 529 
 539 551 566 602 638 679
 29
 2 4 8 18 29 80 144 196 201 227 239 272 
375 385 386 417 429 433 444 447 459 485 487 490 533 
 541 636 646 673
 40
 15 22 28 63 69 82 99 124 138 139 148 191 
246 257 259 285 306 315 329 345 350 430 442 462 469 
497 502 503 511 548 565 567 568 575 580 623 654 656 
 671 672
 30
 58 66 89 181 190 211 256 263 313 337 353 376 
377 402 443 452 464 499 518 520 536 537 568 570 582 
 612 616 621 663 671
 34
 10 14 28 40 81 108 128 138 165 254 273 283 
287 353 375 377 385 387 423 426 437 439 446 456 480 
 512 513 517 539 548 586 626 646 673
 50
 4 30 47 78 120 127 130 136 138 183 189 197 
227 248 254 264 267 292 297 298 311 328 335 352 361 
366 367 370 382 403 415 429 445 450 458 484 490 513 
 521 527 531 552 555 571 583 610 611 637 653 664
 41
 23 40 48 56 62 85 102 121 133 165 178 198 
241 267 274 300 302 326 327 347 352 379 389 402 405 
419 423 435 441 452 470 551 555 569 572 582 603 615 
 620 621 660
 31
 12 14 17 57 119 120 121 145 166 203 216 243 
262 272 278 324 346 354 374 378 443 464 474 478 504 
 552 573 579 592 670 672
 42
 80 92 124 135 164 214 219 234 239 269 292 326 
341 351 353 362 364 368 372 375 383 392 472 473 482 
512 517 520 524 539 577 585 593 599 600 604 626 631 
 641 649 662 676
 29
 9 27 51 54 84 130 132 163 182 188 202 218 
239 280 282 363 367 405 408 410 445 469 473 542 562 
 585 619 650 658
 34
 19 48 52 57 85 91 97 123 162 172 189 197 
204 224 244 250 276 311 317 325 333 337 358 447 461 
 463 516 532 534 545 565 625 637 647
 34
 10 22 32 45 64 72 94 134 138 146 207 224 
243 245 262 265 274 281 304 320 326 382 426 431 445 
 451 453 479 492 540 550 578 595 625
 37
 11 16 18 26 45 50 148 159 165 172 173 220 
221 243 249 256 290 349 368 380 397 405 453 459 469 
 484 502 506 523 525 526 553 588 589 592 599 671
 35
 27 62 66 79 81 84 88 104 107 123 131 161 
164 189 209 211 229 251 275 280 298 312 337 393 413 
 455 470 484 515 552 573 592 666 668 674
 36
 7 21 45 65 103 114 119 130 133 143 188 202 
223 258 296 298 321 333 341 343 344 380 418 439 457 
 524 530 555 585 586 598 622 646 655 657 669
 34
 6 41 44 71 76 84 87 136 159 169 181 219 
230 246 247 248 256 305 307 349 350 377 384 396 414 
 416 443 444 478 515 517 576 595 652
 40
 7 15 21 57 63 64 118 133 142 144 163 183 
190 196 202 206 244 291 301 312 351 397 407 414 419 
421 447 474 487 520 549 565 575 584 627 653 660 672 
 673 676
 37
 19 20 39 43 50 82 84 87 90 119 140 152 
159 167 172 183 194 210 245 255 265 329 336 339 437 
 440 458 485 495 526 535 572 588 594 655 664 677
 37
 6 8 41 46 50 96 108 157 173 177 188 208 
211 222 223 233 264 295 321 327 378 398 411 414 417 
 471 512 525 530 567 576 605 608 610 630 648 656
 41
 14 16 47 124 186 198 204 214 230 238 245 247 
251 257 300 308 323 326 341 344 353 371 377 381 393 
400 426 439 440 511 523 564 569 571 591 610 612 628 
 638 639 667
 36
 13 16 25 40 61 71 94 121 164 174 194 195 
206 234 267 300 301 336 367 375 398 406 429 445 504 
 525 552 582 594 599 638 657 659 665 671 678
 27
 3 14 166 170 212 229 247 268 284 290 313 329 
332 339 464 471 525 535 562 588 595 604 617 622 652 
 673 676
 43
 16 85 101 112 113 115 118 120 146 154 168 193 
205 207 212 214 215 250 269 296 302 328 377 409 411 
412 421 458 480 487 492 515 518 522 523 532 537 541 
 557 604 620 633 651
 30
 6 14 69 77 102 110 142 146 158 163 170 228 
264 267 277 287 292 337 344 375 378 410 412 474 488 
 555 583 617 641 653
 33
 68 83 85 87 153 180 190 222 230 259 310 318 
327 332 343 351 362 378 379 400 409 446 480 493 512 
 521 530 558 587 589 614 626 650
 28
 15 21 31 34 41 61 91 117 129 145 167 215 
332 338 340 352 375 397 403 424 453 482 486 507 518 
 537 558 585
 25
 19 29 44 63 152 176 192 211 257 290 300 301 
339 353 381 438 457 465 494 523 566 584 619 640 646 
 32
 20 70 76 118 121 171 190 193 207 242 276 277 
292 307 333 343 366 402 407 410 462 500 506 527 560 
 591 603 625 632 639 653 663
 31
 1 9 53 58 75 120 141 168 177 187 253 273 
380 381 383 384 408 421 429 458 470 507 527 540 605 
 612 615 620 642 651 673
 34
 16 35 39 49 70 145 147 168 227 276 279 318 
341 347 348 366 396 417 449 465 486 490 513 521 532 
 540 544 561 600 611 634 642 670 678
 41
 2 12 18 31 64 88 125 135 136 163 180 207 
216 219 238 312 378 389 431 450 462 486 495 496 498 
506 513 538 549 557 567 568 583 592 619 626 633 646 
 658 666 667
 37
 7 18 21 41 71 73 90 93 100 133 209 224 
227 248 252 257 258 272 277 313 322 324 338 370 384 
 396 472 490 504 513 516 559 564 583 642 666 676
 33
 3 15 58 113 131 133 155 188 202 220 225 230 
308 318 327 346 364 408 428 439 461 474 486 487 489 
 518 533 553 574 583 588 597 657
 36
 23 39 48 79 81 103 133 158 165 184 191 283 
292 325 331 357 418 422 428 489 513 535 539 556 557 
 561 585 599 608 615 624 633 650 667 670 674
 38
 26 50 104 108 112 119 121 152 158 169 179 185 
191 205 219 225 248 264 276 286 293 319 340 341 342 
344 391 427 435 487 498 521 566 579 582 596 615 618 
 31
 2 12 13 33 61 94 117 122 126 143 156 207 
209 232 295 307 326 334 383 435 456 500 560 564 569 
 578 588 603 626 647 649
 28
 17 41 48 54 82 89 180 198 212 227 283 326 
346 347 350 352 393 432 470 475 498 506 510 513 532 
 646 655 659
 37
 29 43 90 96 103 104 124 220 249 266 268 283 
292 305 321 357 378 384 400 404 436 437 464 484 495 
 500 506 510 552 576 577 583 604 614 615 648 673
 32
 110 113 176 201 301 302 308 327 345 367 371 372 
417 427 435 438 463 486 499 501 505 528 542 552 563 
 570 586 596 628 654 669 673
 31
 6 11 27 37 58 113 160 180 211 236 264 276 
285 338 381 389 395 400 410 414 433 454 492 523 528 
 578 594 628 634 655 673
 34
 3 14 18 24 50 59 80 108 116 153 163 167 
178 234 243 259 266 283 301 310 316 333 375 388 394 
 412 417 434 435 484 547 557 607 619
 31
 7 42 59 84 123 129 154 171 194 281 330 352 
361 373 378 381 399 431 438 442 449 483 486 493 499 
 507 519 525 590 592 677
 30
 7 8 46 57 102 106 112 113 130 142 211 226 
235 243 245 265 355 357 358 368 380 402 429 452 539 
 577 587 614 632 675
 34
 23 24 51 77 96 97 102 114 123 128 129 161 
246 248 287 364 388 421 449 455 470 522 535 539 563 
 571 578 584 612 621 655 667 668 675
 28
 11 49 70 98 204 206 207 225 233 273 297 331 
333 352 374 409 443 462 494 508 521 552 561 590 619 
 622 645 670
 32
 3 6 14 33 89 105 118 120 168 176 185 190 
210 213 214 215 217 278 318 382 411 438 443 474 537 
 579 590 600 609 653 661 671
 36
 2 17 28 52 93 126 141 158 185 187 198 200 
203 246 274 284 303 377 424 426 444 447 475 485 525 
 539 556 582 602 616 618 642 649 666 668 672
 42
 8 25 27 39 59 61 69 82 117 131 134 149 
203 207 214 218 221 222 242 244 281 287 290 316 401 
419 447 487 505 515 528 554 558 569 591 600 608 612 
 621 627 631 643
 29
 4 65 67 84 105 189 216 257 319 357 358 380 
407 423 431 447 493 504 534 561 567 580 603 618 632 
 658 670 673 675
 36
 3 15 24 37 53 80 126 153 157 159 168 170 
174 176 203 205 206 234 290 410 413 441 480 492 529 
 546 556 571 574 579 590 593 612 637 656 676
 44
 4 12 19 31 39 45 59 103 121 138 163 194 
210 211 221 238 246 247 253 269 291 293 295 338 344 
378 432 447 450 452 454 460 469 488 490 502 503 533 
 554 582 590 597 614 637
 34
 48 55 71 95 118 132 138 157 178 182 192 231 
237 271 276 279 294 314 323 351 418 421 451 459 471 
 524 541 544 595 596 606 624 670 678
 29
 1 21 26 35 44 71 144 147 168 184 187 225 
293 332 346 350 355 356 373 381 466 526 553 565 596 
 604 612 633 674
 29
 8 14 24 53 99 124 159 169 187 203 226 234 
236 248 272 276 304 316 340 376 442 491 564 565 597 
 609 623 637 645
 29
 2 37 43 48 58 159 166 184 228 258 261 264 
269 283 293 398 465 471 493 496 614 640 648 655 656 
 660 670 673 677
 41
 12 20 42 107 119 136 172 183 188 239 245 253 
269 275 278 325 333 337 343 446 447 448 471 474 485 
496 500 504 507 511 522 523 562 575 583 614 616 630 
 634 645 649
 39
 1 8 25 28 33 85 108 126 154 176 178 195 
197 208 219 233 244 246 283 303 318 324 360 374 378 
384 387 388 399 405 419 420 437 478 564 604 648 649 
 674
 37
 1 16 33 82 83 87 89 112 114 147 159 188 
208 228 352 386 392 395 404 425 440 458 465 524 526 
 531 537 544 551 575 576 586 593 616 617 659 675
 41
 68 70 81 90 95 105 108 116 123 127 184 194 
246 272 285 320 329 337 376 418 426 449 452 457 460 
461 462 495 528 534 542 553 554 564 565 570 580 601 
 639 647 662
 29
 17 89 110 128 147 148 213 220 239 274 314 322 
337 342 346 355 376 442 450 451 456 489 527 603 608 
 618 621 672 678
 22
 26 63 76 90 201 220 237 252 283 314 375 417 
 427 451 464 551 614 630 658 668 670 677
 32
 54 59 157 181 202 204 205 209 210 229 235 241 
254 311 319 338 352 361 368 379 390 413 495 503 519 
 524 579 602 640 643 665 667
 40
 28 30 39 46 48 52 53 94 112 121 125 139 
161 165 172 186 199 212 227 233 264 270 277 314 395 
413 419 445 459 471 472 489 506 520 543 560 565 566 
 586 668
 24
 3 21 92 101 116 129 144 191 207 210 228 299 
 333 338 447 457 469 506 568 584 585 628 629 637
 36
 32 44 62 77 80 90 120 125 126 168 213 229 
267 279 312 314 346 375 394 415 425 434 446 484 519 
 530 550 585 602 608 615 642 647 648 657 670
 35
 12 20 76 92 125 195 209 214 223 244 258 269 
270 289 381 386 387 414 415 422 436 439 469 470 491 
 499 526 538 552 594 610 615 634 636 672
 39
 42 43 106 108 118 123 129 130 157 173 176 180 
190 205 208 222 256 285 293 304 306 314 341 355 380 
387 393 399 419 443 448 519 526 531 551 553 565 588 
 671
 42
 16 37 38 51 53 56 66 73 86 88 89 100 
119 120 145 171 172 202 261 275 320 331 346 374 380 
383 403 487 504 513 517 531 549 565 600 628 635 647 
 654 660 671 672
 38
 9 19 26 55 88 101 104 181 194 213 243 250 
263 309 310 347 365 405 433 449 450 461 463 475 481 
515 518 528 529 541 581 594 601 617 620 651 665 673 
 37
 8 29 34 64 84 87 89 95 122 155 172 203 
231 274 311 344 357 382 430 438 443 456 476 492 518 
 527 547 548 568 574 582 592 619 638 652 658 670
 45
 49 56 57 69 82 94 122 123 144 235 241 259 
293 294 302 304 316 331 378 381 394 414 422 423 449 
454 470 476 484 501 507 514 545 557 573 585 587 601 
 617 637 642 644 650 670 671
 33
 40 43 60 71 75 104 120 130 131 142 179 180 
193 199 203 217 231 254 370 390 394 410 461 486 499 
 508 509 591 611 614 630 657 660
 39
 7 21 25 31 37 43 78 86 101 109 111 128 
132 140 160 166 170 181 211 274 297 408 427 436 472 
478 484 485 489 497 500 545 560 571 598 599 616 650 
 666
 41
 6 8 13 39 50 54 69 86 108 109 119 152 
165 192 198 238 277 347 350 351 360 374 384 392 403 
417 424 441 498 525 537 552 570 572 601 612 616 623 
 666 670 675
 31
 14 45 47 57 120 128 135 149 159 171 173 185 
196 209 233 247 270 288 315 354 375 401 430 443 534 
 537 611 651 657 659 670
 39
 1 2 5 39 47 56 58 87 120 135 178 235 
237 245 279 290 295 323 326 329 367 369 375 387 395 
410 472 488 492 497 536 545 573 585 589 602 629 648 
 673
 34
 18 27 39 63 75 81 120 122 145 216 239 247 
312 341 364 374 393 419 421 430 487 488 502 507 553 
 563 567 578 593 594 616 620 647 672
 39
 1 54 89 102 121 150 152 161 168 169 191 195 
205 232 241 242 255 258 263 281 285 286 291 332 374 
396 400 435 466 475 486 497 541 562 607 613 638 654 
 661
 41
 20 63 128 130 141 142 152 156 157 162 164 169 
191 206 212 238 243 269 333 353 391 411 415 419 427 
454 457 484 486 514 533 611 613 614 628 632 637 641 
 644 657 662
 28
 3 11 19 23 30 50 95 109 138 230 264 267 
326 348 353 379 412 422 450 484 543 549 554 563 573 
 594 616 636
 36
 27 53 96 101 156 161 163 173 190 214 220 223 
245 247 301 303 323 331 390 400 416 423 428 435 441 
 463 531 532 541 548 598 608 616 627 646 672
 40
 1 9 10 47 64 74 93 107 108 118 167 169 
189 206 226 243 249 272 290 315 340 357 382 394 397 
458 467 497 498 503 511 556 562 563 578 613 615 633 
 648 677
 32
 52 70 120 147 159 162 194 200 220 250 260 261 
337 349 380 435 448 477 509 517 549 552 558 559 567 
 575 586 600 612 618 637 665
 36
 4 11 51 56 87 89 111 123 163 208 215 258 
271 287 332 394 396 410 414 463 464 469 476 504 536 
 551 561 562 581 589 603 606 614 628 639 665
 32
 11 26 44 48 88 98 116 126 144 174 179 260 
270 337 349 382 407 415 429 450 503 516 517 526 534 
 594 621 629 635 642 655 677
 37
 10 30 41 74 81 118 119 136 152 154 175 178 
179 184 257 264 294 296 327 365 383 395 425 426 493 
 500 502 519 557 591 593 594 597 614 632 664 667
 52
 1 3 8 21 27 39 51 65 81 85 90 98 
112 128 140 141 219 225 239 240 268 283 285 294 298 
321 331 348 349 352 356 397 427 437 443 467 473 488 
489 491 495 501 538 547 572 586 621 637 646 650 657 
 664
 41
 4 7 24 28 52 62 92 98 111 118 175 183 
201 219 238 270 271 272 296 330 339 359 389 390 395 
415 420 429 445 482 491 503 551 555 589 596 604 633 
 646 669 674
 36
 1 3 56 61 78 93 101 103 117 190 208 209 
221 224 244 258 262 333 360 362 363 367 396 408 444 
 490 492 507 525 536 542 558 566 606 645 648
 36
 5 6 11 15 22 65 72 79 89 125 133 146 
156 164 274 302 308 311 325 329 389 433 443 447 485 
 488 493 514 533 535 541 549 555 591 608 663
 32
 22 45 60 83 104 109 149 158 184 199 237 241 
256 263 286 303 312 330 339 356 365 388 389 425 430 
 501 559 603 636 650 651 657
 39
 22 23 29 42 99 114 161 162 167 189 221 243 
252 277 292 310 311 338 340 345 369 379 388 402 445 
454 460 515 537 570 574 587 599 614 633 652 663 673 
 674
 31
 11 17 18 25 40 43 47 67 88 101 138 141 
183 204 211 212 252 330 335 339 356 369 375 393 445 
 472 473 513 579 589 668
 30
 109 128 142 160 171 181 185 277 280 299 301 307 
309 336 399 410 422 430 467 474 477 556 582 588 593 
 594 595 611 655 679
 31
 21 25 40 42 71 129 133 154 178 212 245 253 
288 297 314 324 328 329 380 404 441 472 476 499 539 
 572 576 594 639 662 673
 29
 7 50 74 101 125 139 186 204 227 255 262 268 
310 332 334 335 374 455 456 491 495 557 581 585 608 
 611 641 647 676
 39
 3 35 46 59 70 83 96 109 155 178 225 244 
289 306 307 329 330 337 356 386 393 395 410 422 445 
466 473 478 488 516 530 537 575 584 599 614 616 636 
 654
 36
 12 47 74 81 91 93 99 117 132 135 144 177 
179 186 190 221 230 240 292 331 332 333 342 379 531 
 553 582 586 589 595 601 644 650 652 661 670
 31
 43 54 81 82 102 118 119 131 174 175 176 184 
186 247 274 325 328 331 343 388 409 460 482 525 528 
 548 563 565 567 602 674
 27
 104 116 127 137 159 191 192 193 229 293 297 301 
418 438 451 461 529 547 564 588 597 610 627 633 645 
 648 650
 31
 7 17 30 41 60 65 119 122 129 154 155 167 
182 216 291 347 407 416 444 499 514 530 552 561 587 
 612 618 623 624 642 674
 32
 40 80 102 123 159 213 223 256 302 322 333 353 
370 386 411 468 507 525 555 587 605 606 608 617 624 
 643 648 654 666 668 673 675
 26
 4 48 90 127 243 250 259 299 301 326 341 368 
379 390 399 515 517 564 571 584 596 602 630 640 648 
 659
 34
 16 34 142 144 189 207 217 233 246 252 257 262 
275 298 333 354 377 385 386 408 425 432 454 466 472 
 490 494 543 550 560 564 633 636 664
 28
 30 34 49 125 168 182 213 245 252 278 293 300 
343 356 358 382 437 456 484 493 501 527 572 591 597 
 600 641 674
 34
 11 19 45 105 109 110 120 151 162 181 247 266 
328 400 407 413 455 457 469 471 475 479 481 493 525 
 528 534 536 558 596 598 623 624 629
 39
 5 17 27 68 81 84 116 132 159 214 222 235 
254 293 362 384 388 409 410 418 419 454 476 490 520 
525 540 549 567 569 603 605 609 612 633 648 649 652 
 654
 32
 47 86 122 123 162 172 174 210 219 237 246 262 
305 327 335 336 351 362 367 376 414 416 493 515 534 
 572 582 605 621 633 644 656
 36
 21 40 41 44 55 66 77 83 93 95 115 140 
147 167 222 223 224 251 288 293 331 347 362 402 408 
 426 436 464 513 523 536 637 640 643 647 671
 56
 4 10 13 14 18 40 42 51 87 111 148 168 
170 172 173 182 202 219 236 243 255 265 269 279 282 
293 294 315 328 334 335 342 362 365 403 409 413 450 
453 466 468 481 485 501 542 572 574 606 627 636 647 
 655 668 670 676 677
 38
 10 44 63 83 94 105 107 113 135 151 166 199 
245 252 298 313 323 340 362 392 426 444 452 455 489 
493 496 503 522 534 573 597 619 627 651 671 678 679 
 29
 6 42 68 80 121 125 127 144 181 263 269 275 
301 304 310 348 360 381 398 446 525 534 556 563 586 
 607 624 627 659
 47
 6 8 52 90 96 129 136 137 164 176 177 179 
218 224 256 260 261 270 286 287 295 302 303 356 385 
416 420 434 463 469 487 489 490 498 502 506 518 551 
 559 572 592 611 623 637 644 654 668
 26
 9 14 26 42 81 92 93 106 134 207 215 241 
259 365 385 393 423 469 504 535 544 553 568 648 668 
 673
 33
 3 30 68 95 124 140 164 165 208 211 212 223 
235 249 254 270 279 286 325 328 379 401 481 497 513 
 523 541 561 588 589 593 597 611
 36
 11 47 52 82 117 201 209 219 221 244 253 273 
308 315 319 325 328 336 366 379 406 412 414 442 447 
 449 454 477 485 494 540 573 613 627 635 654
 33
 4 23 47 65 88 91 143 151 153 195 202 204 
209 227 236 244 245 259 319 350 374 388 396 443 444 
 451 462 509 530 534 623 633 663
 24
 4 40 98 126 159 193 203 208 233 307 308 309 
 311 348 349 404 414 416 489 508 533 624 653 659
 21
 1 5 56 63 124 134 144 205 260 282 349 367 
 373 453 496 546 566 601 622 628 669
 41
 27 30 55 80 81 91 111 125 128 132 162 178 
184 196 203 212 230 243 276 295 326 338 343 357 361 
377 401 411 414 415 485 494 533 563 598 620 627 638 
 648 654 675
 30
 12 26 89 114 127 139 251 252 263 268 384 399 
412 424 443 458 478 488 489 543 573 582 584 595 599 
 618 628 645 671 678
 31
 1 11 35 43 57 81 95 111 114 125 149 221 
260 265 347 370 389 406 422 443 444 475 485 513 515 
 519 550 576 620 623 646
 40
 18 55 71 92 115 122 132 154 164 173 192 207 
248 268 290 291 307 351 366 374 391 441 442 486 492 
493 499 502 512 530 553 573 574 613 626 651 652 670 
 672 679
 38
 19 83 103 155 163 187 237 242 271 311 315 324 
326 330 362 376 410 422 440 452 465 478 491 498 547 
562 569 589 610 616 618 625 630 632 643 650 669 676 
 32
 12 42 45 56 80 105 160 168 187 201 210 249 
282 294 317 365 390 413 421 430 452 504 505 506 530 
 532 537 564 583 586 605 642
 29
 1 3 9 34 44 51 53 116 125 142 166 175 
177 185 214 225 283 379 400 411 473 496 573 576 605 
 627 629 637 660
 43
 3 14 18 22 29 39 103 118 126 129 130 132 
156 183 186 202 220 246 263 266 286 305 306 331 342 
425 453 454 460 484 491 500 522 525 534 555 560 580 
 607 611 613 637 667
 37
 6 43 70 79 81 87 95 112 136 179 194 258 
276 278 284 312 321 327 367 387 397 430 443 444 466 
 467 499 513 524 530 549 563 592 594 601 622 670
 32
 30 45 56 77 103 119 128 163 165 170 193 201 
202 206 251 255 282 290 291 293 322 358 396 462 493 
 505 578 621 654 656 660 675
 33
 31 39 57 106 117 128 166 169 190 199 256 320 
328 351 369 407 414 429 443 448 462 465 528 530 546 
 562 576 597 616 634 664 672 677
 34
 1 5 34 40 42 43 80 85 115 171 183 197 
201 207 215 228 234 259 334 362 397 444 477 482 488 
 504 543 555 570 571 580 634 645 667
 29
 10 64 72 84 85 152 160 251 253 291 294 331 
339 360 393 403 410 412 414 420 501 523 536 557 569 
 578 618 630 665
 48
 2 56 61 78 86 90 94 95 98 122 129 147 
151 169 175 195 209 213 231 252 258 263 288 309 334 
349 358 374 375 383 389 416 456 460 502 505 516 517 
 530 539 549 556 574 580 607 613 632 651
 35
 4 71 86 100 116 157 159 184 194 260 266 273 
282 284 303 317 323 345 349 374 377 393 426 440 443 
 447 470 491 569 573 584 585 601 610 632
 23
 7 20 75 94 97 170 189 202 335 342 365 372 
 403 428 456 504 544 550 580 606 640 652 653
 41
 1 10 28 41 43 57 85 88 91 116 122 145 
178 180 184 200 204 206 226 228 248 253 262 316 319 
336 374 390 407 408 410 425 426 496 501 516 557 582 
 597 650 659
 30
 14 24 50 54 72 80 151 173 279 280 292 392 
415 426 428 441 443 461 468 479 480 516 528 578 590 
 591 619 625 626 676
 38
 1 23 34 70 83 127 129 162 186 216 237 240 
253 282 289 351 377 383 386 399 400 403 412 439 455 
457 463 480 526 527 529 533 541 590 613 620 627 649 
 24
 4 31 44 91 160 242 263 274 282 284 298 309 
 329 330 351 373 387 422 438 494 558 564 613 659
 27
 14 20 27 42 91 111 168 173 207 223 258 321 
331 340 358 391 430 452 453 525 528 545 547 550 568 
 575 665
 34
 3 15 29 33 49 63 82 93 160 183 209 232 
248 250 277 278 325 327 334 337 408 415 420 422 425 
 504 542 548 551 556 587 613 619 634
 36
 15 23 37 46 48 55 75 98 102 169 176 205 
209 210 217 244 255 265 266 268 275 316 330 369 382 
 432 467 544 552 557 583 585 616 666 674 677
 40
 5 17 80 112 114 182 210 211 217 232 272 283 
299 315 332 377 380 393 401 409 453 465 470 494 501 
504 518 524 555 586 589 591 621 636 642 643 665 669 
 671 676
 37
 24 45 52 55 59 62 120 145 159 167 174 215 
217 233 244 261 271 299 379 387 408 410 441 460 464 
 498 511 529 568 580 592 594 607 627 645 655 664
 37
 6 11 14 34 51 140 166 176 178 189 197 201 
243 260 270 275 287 296 319 329 354 386 390 391 392 
 406 416 432 472 481 542 586 601 610 618 641 664
 39
 63 96 99 102 105 119 141 168 191 234 306 321 
343 375 397 429 434 446 461 479 489 502 539 572 586 
592 595 606 618 619 626 628 629 630 636 646 655 666 
 676
 27
 11 13 20 42 68 73 127 137 147 160 179 252 
264 336 341 345 370 385 397 402 419 475 501 506 531 
 582 663
 35
 6 10 37 39 57 77 83 103 137 149 158 164 
202 212 227 240 246 252 267 316 327 342 346 352 404 
 447 451 505 508 519 525 581 612 613 679
 45
 5 12 15 22 39 74 94 107 111 133 169 187 
219 225 267 288 292 303 314 332 336 353 354 372 378 
380 392 396 399 409 472 500 531 550 552 563 571 584 
 586 593 611 638 661 665 666
 30
 13 29 64 83 85 94 108 130 147 152 246 271 
304 309 316 327 330 389 421 443 447 461 479 523 529 
 539 545 549 617 644
 29
 10 47 72 73 78 84 112 129 188 212 247 273 
339 363 405 425 437 459 486 493 496 501 515 554 585 
 595 624 647 664
 39
 7 13 39 58 59 82 87 116 133 143 156 160 
186 189 196 203 214 247 248 251 290 303 306 321 325 
329 330 374 389 408 470 475 533 576 601 617 621 638 
 648
 47
 15 35 50 70 81 87 89 94 97 102 110 118 
120 129 172 174 175 180 188 208 212 243 245 267 274 
315 326 327 328 337 344 347 354 363 380 449 456 527 
 552 581 583 611 619 644 646 660 665
 31
 13 23 31 49 65 68 86 120 230 257 274 288 
307 370 375 390 395 419 440 446 493 497 498 510 514 
 530 531 557 579 612 617
 36
 11 17 19 34 36 56 85 113 168 170 177 203 
290 299 306 328 334 340 387 395 398 417 427 431 463 
 466 471 506 507 579 596 604 615 632 656 664
 36
 16 26 34 45 48 83 105 106 155 169 204 244 
263 349 372 391 401 456 466 474 532 536 544 551 579 
 608 614 619 624 639 641 645 654 655 668 677
 40
 19 20 32 41 50 92 98 99 122 127 146 153 
160 203 210 244 263 275 305 309 329 338 348 371 380 
401 413 490 521 544 560 585 605 607 614 646 649 659 
 671 675
 30
 20 25 37 39 63 77 94 123 128 144 203 280 
297 302 303 317 331 412 430 441 478 521 522 532 554 
 561 566 596 597 631
 31
 18 36 62 67 69 84 89 90 124 150 155 187 
216 220 291 376 389 404 424 427 445 509 532 550 552 
 566 605 611 612 625 658
 34
 3 104 117 170 176 190 208 219 236 251 261 271 
278 304 334 393 399 407 429 450 464 487 503 508 510 
 538 545 570 574 575 606 613 663 666
 31
 27 35 45 75 91 143 164 177 261 288 304 313 
314 325 331 334 383 388 397 415 447 448 449 503 533 
 542 623 625 629 660 667
 32
 50 88 113 123 131 150 167 177 201 205 239 281 
293 300 373 382 396 499 536 577 578 584 623 624 629 
 638 640 647 653 664 669 671
 24
 9 104 115 119 126 134 181 238 245 254 297 348 
 373 383 415 440 491 526 535 559 568 584 598 634
 39
 28 34 50 76 80 91 96 100 117 171 216 223 
224 236 249 251 294 302 306 312 348 360 376 384 387 
391 407 409 500 516 534 541 584 599 630 646 651 676 
 679
 39
 35 36 68 80 145 151 226 254 276 279 301 302 
305 309 313 367 383 385 397 404 408 413 420 435 439 
440 446 468 495 555 572 577 582 605 606 615 632 633 
 660
 38
 2 8 39 95 101 103 113 118 134 148 162 175 
185 195 197 215 229 244 252 270 315 427 443 479 480 
491 508 528 538 551 554 593 600 610 620 629 633 663 
 42
 5 23 55 120 150 194 205 211 251 258 259 282 
290 296 323 350 351 366 385 401 405 415 417 423 442 
445 454 487 488 507 508 537 556 561 607 611 613 616 
 631 633 640 656
 32
 2 11 18 26 47 49 76 77 82 85 134 142 
172 237 243 261 306 375 389 400 409 418 438 519 547 
 566 567 588 611 619 657 679
 30
 2 10 16 19 46 55 58 65 79 93 127 130 
136 151 174 214 231 301 392 407 409 476 552 576 602 
 616 620 626 665 667
 37
 24 44 46 53 54 86 99 181 185 243 248 253 
258 265 272 299 317 322 336 366 383 386 388 405 409 
 505 506 515 519 539 559 567 582 590 609 633 666
 41
 50 80 117 132 136 147 164 180 196 249 256 262 
264 265 285 295 318 336 363 370 379 412 443 452 459 
471 485 486 499 507 514 532 533 548 557 562 614 616 
 632 662 665
 47
 10 22 42 51 88 119 134 162 177 179 181 204 
237 242 244 296 317 326 332 335 341 352 367 374 376 
389 400 423 432 444 456 459 486 489 490 501 509 514 
 526 607 610 613 622 635 644 662 667
 36
 99 116 117 141 142 181 184 236 258 262 283 311 
313 324 346 354 376 449 485 523 531 532 542 543 545 
 548 581 590 596 625 626 630 638 653 658 673
 38
 8 13 17 32 57 67 105 139 164 180 181 213 
217 226 231 271 291 321 345 353 395 403 418 433 455 
511 528 534 535 548 559 561 597 599 615 621 628 657 
 25
 11 12 34 134 167 254 262 263 282 297 356 384 
413 443 452 457 469 497 527 594 604 613 624 649 662 
 33
 8 41 69 88 96 124 139 160 165 179 228 243 
284 332 381 382 386 388 404 439 455 461 483 514 527 
 529 533 549 554 563 568 575 598
 48
 44 63 85 97 114 133 138 165 184 211 212 221 
222 248 250 255 281 285 323 325 334 353 360 380 408 
462 469 475 484 492 497 500 505 512 522 537 555 569 
 577 584 589 613 645 649 661 664 674 676
 38
 7 32 79 94 119 131 140 150 176 181 217 228 
246 269 297 301 324 379 400 404 405 418 424 426 452 
454 463 473 487 496 508 509 521 555 579 587 600 605 
 33
 4 47 81 98 110 116 129 135 139 220 268 281 
314 331 333 342 344 378 395 407 416 424 428 503 506 
 511 527 582 629 630 632 641 672
 42
 10 29 74 82 93 117 140 158 196 235 237 250 
253 268 287 292 305 326 339 350 353 378 384 386 388 
409 424 427 438 470 482 485 496 525 526 553 575 592 
 604 605 617 657
 41
 48 52 106 118 147 155 159 168 171 172 202 212 
218 219 290 307 310 335 355 365 379 392 410 413 429 
434 458 467 474 478 502 511 525 572 573 574 598 645 
 648 657 675
 34
 20 38 47 50 91 105 117 119 120 147 153 183 
191 207 225 256 271 299 303 319 330 341 344 442 470 
 480 514 529 537 581 582 622 628 649
 33
 3 17 62 76 129 132 141 146 152 182 269 277 
302 348 371 383 398 430 455 470 496 510 521 535 538 
 539 557 588 608 610 619 641 653
 30
 12 15 74 78 107 122 158 170 195 197 216 253 
325 338 371 376 378 402 445 465 485 494 544 577 590 
 613 648 664 675 678
 35
 22 35 58 63 66 82 125 129 130 141 161 182 
298 326 389 406 407 412 422 481 491 504 512 522 549 
 561 579 594 621 626 633 636 642 656 671
 40
 13 48 49 58 64 83 88 93 106 112 113 205 
224 257 258 295 299 311 347 352 366 374 399 405 448 
462 466 467 468 490 492 523 551 552 588 592 609 621 
 623 634
 26
 4 36 62 65 187 193 352 400 415 466 490 538 
570 572 587 596 599 609 629 635 646 655 667 671 677 
 679
 31
 11 34 42 56 122 132 138 175 188 222 240 248 
252 290 300 325 355 377 379 395 400 401 427 496 502 
 547 549 555 564 601 665
 36
 45 80 94 151 209 216 243 263 279 293 297 298 
300 307 353 380 401 433 460 465 488 524 535 551 554 
 563 568 581 611 622 632 635 641 657 669 676
 25
 2 82 125 185 191 244 250 271 303 434 437 503 
513 523 528 588 590 606 612 627 631 638 640 642 655 
 28
 3 5 9 62 64 77 142 154 171 200 216 222 
223 232 255 279 295 325 376 386 446 488 494 499 522 
 531 573 611
 43
 23 83 86 105 153 174 191 207 226 248 249 266 
274 284 292 296 306 325 327 332 337 341 347 352 354 
381 382 398 402 485 502 503 507 518 533 562 574 592 
 615 617 644 667 672
 31
 1 10 29 47 58 118 120 164 176 227 260 282 
293 326 328 340 377 424 433 451 453 459 488 490 507 
 545 556 586 593 654 661
 33
 18 71 100 111 182 186 289 308 313 322 344 346 
369 375 415 423 467 503 508 557 581 590 600 607 616 
 622 625 632 645 653 659 673 677
 28
 5 41 46 65 66 84 94 151 161 178 268 269 
280 325 336 356 360 374 396 404 413 417 463 485 565 
 636 658 669
 39
 1 24 33 34 62 64 75 81 108 109 126 128 
174 211 280 291 303 310 337 354 355 360 364 374 392 
425 432 486 491 495 512 523 545 551 584 604 614 648 
 649
 30
 3 64 97 107 128 139 165 177 255 276 300 308 
374 392 418 424 444 448 450 485 488 490 534 553 560 
 594 622 652 654 671
 41
 6 15 19 25 61 75 92 110 117 134 143 160 
188 191 237 269 297 315 316 329 339 359 377 380 465 
498 506 524 539 542 545 557 588 589 594 631 636 651 
 659 668 676
 23
 24 53 73 78 92 124 138 143 145 204 215 257 
 272 273 308 374 408 498 517 523 584 617 639
 27
 11 32 41 58 102 107 127 134 149 247 290 320 
324 369 381 393 443 444 445 477 480 486 487 497 581 
 587 638
 30
 12 19 67 85 98 137 175 193 244 247 249 261 
312 368 373 450 451 453 455 456 462 493 494 496 529 
 535 593 623 659 675
 44
 1 3 5 16 41 43 44 46 63 64 65 82 
85 111 116 132 144 164 167 171 215 258 261 330 344 
391 413 423 448 449 474 492 513 516 542 543 550 603 
 615 649 652 660 669 671
 33
 61 64 69 97 122 208 217 226 240 244 302 356 
367 368 386 417 434 479 483 494 527 531 546 548 572 
 587 596 635 639 648 663 668 669
 45
 64 70 83 107 115 116 117 123 157 171 200 218 
271 303 310 320 327 331 336 350 355 360 375 381 396 
407 410 417 442 485 489 499 530 596 607 608 613 645 
 649 650 654 661 664 669 679
 41
 2 13 15 24 33 51 88 100 116 120 154 164 
166 182 187 204 206 237 263 271 285 289 294 306 380 
409 411 477 483 498 501 502 517 544 585 588 620 623 
 630 651 656
 33
 6 18 91 118 131 161 172 196 245 261 290 292 
302 332 338 357 381 407 437 446 449 451 455 477 488 
 497 509 545 571 585 629 632 648
 37
 5 6 46 61 69 123 229 251 262 266 268 269 
272 354 362 365 374 403 409 414 431 436 437 443 450 
 458 480 481 509 512 515 569 575 576 595 643 651
 26
 24 55 146 178 230 286 289 292 319 324 325 330 
412 430 451 458 477 507 549 592 602 605 620 652 663 
 679
 32
 34 38 80 123 129 164 182 186 195 214 262 279 
298 364 382 393 433 455 469 486 488 498 510 524 599 
 600 602 621 636 639 653 667
 35
 12 48 58 69 110 128 131 160 192 203 220 248 
273 278 281 287 321 335 361 371 392 395 398 438 448 
 496 501 509 526 565 600 612 625 633 651
 35
 12 14 18 25 61 78 105 109 162 170 171 172 
187 206 300 301 327 334 366 375 389 394 415 436 465 
 525 530 551 554 556 584 602 607 650 658
 33
 23 50 60 69 89 97 134 208 229 233 257 260 
300 330 360 374 384 385 397 417 418 452 480 488 489 
 560 620 623 626 644 647 665 679
 34
 6 19 26 27 28 29 31 47 74 86 98 133 
150 160 193 211 231 240 243 290 318 392 396 506 512 
 519 526 528 539 553 559 583 636 660
 28
 4 14 22 44 61 66 84 95 150 161 169 181 
183 247 254 259 261 267 384 408 421 434 514 527 529 
 561 613 661
 41
 30 31 57 124 127 141 153 195 241 245 248 250 
266 270 282 290 319 332 335 341 401 408 413 436 440 
451 466 488 495 498 511 515 533 545 556 594 602 611 
 618 645 653
 39
 5 17 18 53 101 103 126 143 149 150 187 206 
235 239 248 318 322 335 358 361 379 415 421 425 455 
456 460 517 526 561 574 593 596 604 619 652 658 668 
 677
 33
 5 11 32 76 99 102 107 145 160 166 209 212 
236 251 253 270 271 282 315 320 343 352 409 411 422 
 473 508 541 557 598 618 631 672
 34
 20 21 23 49 54 80 132 137 146 152 169 250 
255 281 297 369 379 395 419 458 493 507 526 532 543 
 544 553 554 575 582 593 595 661 677
 34
 9 62 81 147 162 182 205 214 237 239 243 252 
254 262 268 303 308 309 313 330 340 353 378 379 399 
 408 412 489 510 527 601 624 633 669
