 200 200
 1 1 1 1 1 1 1 1 1 1 1 1 
 2 2 2 2 2 2 2 2 2 2 2 3 
 3 3 3 3 3 3 3 3 3 3 3 3 
 4 4 4 4 4 4 4 4 5 5 5 5 
 6 6 6 6 6 6 6 6 6 6 7 7 
 7 7 7 7 7 7 7 7 7 7 7 7 
 8 8 8 8 8 9 9 9 9 9 9 10 
 10 10 10 10 10 10 10 11 11 11 11 11 
 11 11 12 12 12 12 12 12 13 13 13 13 
 13 14 14 14 14 14 14 15 15 15 16 16 
 16 16 16 17 17 17 17 17 17 18 18 18 
 18 18 18 19 19 19 19 20 20 21 21 22 
 22 22 23 23 23 24 24 24 24 25 25 25 
 25 25 25 26 26 26 27 27 27 27 27 27 
 27 28 28 29 30 30 30 31 32 33 33 34 
 35 38 39 39 42 42 42 43 45 45 45 46 
 46 48 52 57 63 67 75 89 
 3
 11 107 198
 10
 30 55 84 96 108 119 128 133 147 159
 7
 7 66 75 117 127 189 198
 4
 8 74 191 196
 2
 6 172
 8
 14 22 53 70 116 126 163 173
 2
 77 199
 7
 19 27 86 108 110 112 134
 4
 54 108 120 181
 2
 3 131
 6
 14 52 60 90 99 162
 4
 37 39 88 123
 8
 20 26 64 112 142 143 155 194
 1
 9
 3
 2 196 197
 4
 37 44 66 87
 3
 24 50 149
 7
 60 85 86 99 140 157 176
 2
 14 130
 2
 13 51
 6
 2 20 93 123 154 196
 7
 74 110 130 144 172 179 196
 2
 19 84
 2
 50 156
 6
 26 37 66 79 98 126
 4
 13 97 142 171
 4
 8 92 111 120
 4
 60 62 164 177
 6
 42 58 79 105 145 194
 3
 34 150 195
 2
 3 140
 8
 37 40 53 55 65 110 190 198
 3
 98 151 153
 3
 24 111 182
 6
 76 112 129 148 166 168
 5
 73 75 97 100 190
 7
 37 54 89 116 120 148 180
 2
 37 85
 3
 55 84 153
 9
 74 87 109 113 121 145 178 181 197
 3
 60 78 102
 7
 28 70 91 124 126 149 195
 5
 12 87 130 144 189
 4
 73 107 147 154
 4
 63 85 116 199
 3
 101 164 190
 5
 16 65 125 164 195
 5
 57 67 106 188 197
 6
 83 128 132 142 147 166
 1
 22
 5
 18 42 47 87 192
 3
 16 150 200
 4
 94 133 140 148
 3
 14 124 152
 7
 81 94 122 137 186 192 198
 8
 141 173 174 175 185 189 192 193
 5
 48 116 136 167 188
 7
 51 52 151 156 163 171 178
 4
 1 26 98 121
 7
 86 111 129 152 158 177 198
 3
 11 132 133
 5
 93 118 154 169 197
 6
 78 80 84 88 163 183
 2
 5 85
 5
 1 41 64 92 145
 8
 29 37 49 54 65 73 89 150
 8
 99 118 162 163 168 169 180 200
 3
 113 185 199
 1
 17
 4
 47 99 168 176
 4
 10 52 139 155
 5
 15 43 78 105 167
 3
 36 84 162
 5
 159 167 171 189 195
 6
 1 61 80 111 129 173
 7
 31 84 124 137 145 165 179
 6
 35 45 99 131 136 166
 8
 28 82 147 156 165 173 178 189
 4
 123 157 158 172
 3
 31 68 159
 5
 54 69 88 121 146
 3
 21 159 169
 5
 13 59 78 154 167
 4
 23 26 89 173
 2
 7 122
 8
 8 13 32 60 63 65 85 139
 2
 135 187
 3
 17 45 81
 4
 63 67 119 165
 1
 103
 4
 39 120 151 152
 9
 29 59 70 95 116 127 136 178 196
 4
 161 187 194 200
 6
 49 61 62 68 147 197
 4
 4 5 45 181
 5
 92 105 122 132 182
 2
 53 102
 5
 50 103 151 173 197
 3
 45 130 191
 4
 94 117 144 190
 6
 46 82 91 144 154 188
 5
 2 18 48 84 171
 3
 25 43 161
 2
 57 59
 6
 7 15 25 99 106 199
 4
 9 127 138 190
 3
 18 92 178
 4
 5 35 127 172
 8
 32 41 102 113 131 154 160 162
 5
 90 104 114 160 196
 5
 10 42 56 66 188
 15
 21 25 46 68 93 103 112 119 121 142 145 148 
 161 166 186
 4
 38 51 132 197
 4
 15 85 119 170
 3
 40 134 157
 8
 9 33 40 73 126 137 157 191
 4
 92 133 173 184
 3
 24 49 147
 4
 14 51 53 79
 1
 11
 4
 26 61 172 188
 7
 28 38 50 58 141 160 176
 4
 69 81 143 178
 5
 47 52 109 150 200
 4
 95 114 138 150
 6
 9 17 46 100 172 176
 2
 5 110
 2
 3 101
 6
 106 124 146 156 158 191
 2
 6 141
 2
 57 119
 5
 25 96 111 128 170
 6
 29 140 144 155 157 199
 4
 13 22 149 179
 2
 31 76
 4
 41 50 158 195
 3
 136 147 190
 9
 166 174 182 184 186 188 198 199 200
 2
 3 62
 8
 125 130 139 151 152 179 181 189
 3
 4 47 114
 4
 4 10 113 144
 3
 2 104 189
 6
 6 17 50 61 163 190
 2
 39 197
 4
 8 167 198 199
 4
 21 27 125 181
 1
 16
 5
 1 4 102 112 113
 5
 49 80 174 189 199
 6
 27 33 40 49 160 187
 6
 134 142 149 170 180 200
 5
 5 30 87 130 160
 4
 45 95 124 160
 4
 29 59 71 131
 5
 27 90 137 143 161
 6
 38 59 74 75 135 138
 3
 28 89 118
 3
 49 186 198
 4
 24 28 136 172
 3
 60 96 104
 6
 34 46 64 97 106 128
 3
 3 125 150
 7
 39 79 105 109 160 192 194
 11
 86 92 105 108 126 131 135 146 151 176 196
 5
 16 47 48 64 165
 8
 165 183 191 193 194 196 198 199
 6
 36 48 143 152 183 194
 2
 15 146
 8
 30 49 100 107 118 137 174 184
 3
 147 155 195
 6
 27 59 86 121 182 192
 4
 25 31 82 117
 3
 19 170 195
 6
 45 80 100 161 164 176
 9
 23 33 73 91 105 116 125 161 178
 8
 1 7 20 62 63 100 117 189
 3
 2 38 197
 1
 24
 3
 13 94 115
 4
 4 62 86 197
 1
 78
 6
 56 101 124 143 145 172
 7
 46 61 71 88 156 172 194
 1
 44
 3
 115 142 168
 4
 52 93 177 185
 1
 46
 3
 50 120 124
 7
 30 63 110 136 138 142 170
 3
 117 163 197
 4
 51 106 174 190
 2
 19 175
 5
 32 69 101 154 164
 4
 72 77 134 178
 6
 18 24 88 192 197 199
 8
 15 59 67 116 154 155 181 195
 8
 92 127 169 175 177 179 185 192
 5
 61 83 107 153 162
 5
 1 6 55 56 198
