 200 243
 1 1 1 1 1 1 1 1 1 2 2 2 
 2 2 2 2 3 3 3 3 3 3 3 3 
 3 3 3 3 4 4 4 4 4 4 4 4 
 4 4 4 4 4 4 5 5 5 5 5 5 
 5 5 5 5 5 5 5 5 5 6 6 6 
 6 6 6 6 6 6 6 7 7 7 7 7 
 7 7 7 8 8 8 8 8 8 9 9 9 
 9 9 9 9 9 9 10 10 10 10 10 10 
 10 10 10 10 11 11 11 11 11 11 11 11 
 11 11 11 12 12 12 12 12 12 12 12 12 
 13 13 13 13 13 13 13 13 13 13 13 13 
 14 14 14 14 14 14 14 15 15 15 15 15 
 15 15 15 16 16 16 16 16 16 16 16 16 
 16 17 17 17 17 17 17 17 18 18 18 18 
 18 18 18 18 19 19 19 19 20 20 21 21 
 21 21 22 22 22 22 23 23 23 23 23 23 
 23 23 23 23 24 24 24 24 24 24 24 25 
 25 25 25 25 25 26 26 26 26 26 27 27 
 27 28 29 29 30 30 31 32 32 33 33 33 
 33 34 34 34 35 35 37 38 38 39 41 41 
 42 42 48 
 6
 22 87 114 161 162 194
 13
 10 19 44 55 64 78 112 116 166 201 219 224 
 231
 9
 17 58 133 178 182 189 198 221 222
 10
 1 11 19 25 53 126 161 172 190 239
 11
 19 72 103 110 125 158 161 211 223 236 240
 13
 11 29 82 84 163 166 171 179 183 199 219 227 
 236
 11
 13 20 22 80 134 145 173 189 193 201 223
 12
 29 31 32 48 74 113 117 183 206 208 209 212 
 11
 15 21 112 149 163 173 174 187 202 224 243
 8
 20 58 98 104 124 148 165 222
 14
 6 42 54 68 88 104 132 153 197 198 202 212 
 215 220
 14
 1 17 35 65 93 102 147 150 158 165 179 180 
 184 204
 22
 33 60 76 91 98 128 130 131 148 158 159 163 
 179 189 199 201 206 209 215 222 230 239
 12
 51 76 83 125 138 172 175 186 187 188 211 226 
 11
 12 23 82 101 114 121 138 148 167 232 243
 14
 20 34 64 65 106 107 111 122 140 154 204 235 
 241 243
 12
 2 29 31 58 93 103 124 133 145 165 188 217 
 17
 58 78 104 119 122 137 139 141 173 174 177 192 
 197 204 205 229 230
 17
 31 47 63 93 101 113 118 146 150 164 168 186 
 190 195 201 212 231
 13
 8 12 59 83 100 103 120 172 210 214 226 233 
 242
 12
 4 5 47 70 79 106 113 134 141 152 184 199 
 12
 21 41 72 73 145 162 206 210 212 224 232 234 
 17
 15 19 20 21 34 59 74 93 95 96 101 140 
 150 156 166 201 204
 17
 36 57 59 66 77 110 149 179 180 185 197 202 
 207 208 209 219 225
 9
 20 28 49 108 114 137 144 169 208
 14
 4 17 24 32 43 61 94 95 110 158 194 214 
 219 241
 12
 44 67 69 80 140 170 181 185 192 214 226 234 
 8
 3 12 33 49 74 84 102 230
 14
 27 30 49 54 61 94 128 133 138 184 192 216 
 229 243
 17
 5 18 42 75 93 102 116 118 143 169 176 179 
 183 184 198 218 231
 12
 9 14 23 29 175 176 183 185 188 189 210 241 
 14
 38 51 55 66 80 89 99 108 135 140 150 151 
 197 235
 11
 26 86 88 133 151 166 196 202 203 206 227
 12
 26 39 72 124 133 136 143 163 173 175 215 242 
 16
 2 11 21 29 39 46 55 90 92 102 127 135 
 172 198 202 209
 10
 1 17 21 43 52 105 125 175 208 213
 18
 31 44 69 114 118 123 130 132 138 144 184 191 
 200 202 206 217 221 237
 10
 21 37 49 63 72 103 129 156 173 193
 17
 4 5 15 29 39 44 77 82 111 154 158 169 
 207 212 226 233 237
 20
 18 26 29 55 61 69 84 108 109 122 148 153 
 158 160 191 219 222 230 239 241
 15
 18 28 48 108 113 157 159 162 192 193 194 195 
 200 211 218
 10
 18 54 70 118 134 193 200 203 223 235
 13
 10 51 55 82 118 134 144 145 147 185 198 225 
 237
 22
 4 14 30 32 36 53 54 59 62 68 73 76 
 81 102 139 159 163 165 198 223 232 237
 15
 9 10 14 31 33 44 66 91 104 114 119 121 
 155 159 201
 13
 5 17 30 109 125 135 140 167 179 194 216 223 
 232
 15
 6 49 51 70 72 92 96 100 104 113 128 140 
 145 157 217
 9
 2 10 36 83 130 181 205 210 222
 9
 23 46 64 79 91 92 145 157 204
 17
 18 20 28 36 72 77 92 98 131 152 160 174 
 187 206 221 231 235
 11
 14 18 25 29 45 53 94 107 148 171 187
 11
 21 22 23 97 115 126 161 182 197 215 217
 11
 18 64 65 88 113 142 144 156 170 197 243
 13
 3 30 31 34 63 104 144 165 203 218 223 230 
 236
 15
 54 85 94 97 99 126 154 170 178 183 194 200 
 222 227 240
 14
 6 7 9 11 72 77 85 131 168 187 200 215 
 218 239
 16
 22 33 45 78 94 122 124 140 146 159 165 184 
 211 222 224 236
 9
 1 33 49 146 154 168 191 203 207
 15
 61 82 87 98 101 122 142 152 159 167 184 196 
 220 224 231
 14
 11 33 63 113 138 147 164 182 185 188 205 216 
 221 236
 9
 1 3 18 61 187 199 219 230 241
 14
 42 60 71 83 96 156 185 193 200 204 215 237 
 239 243
 11
 23 25 34 90 120 152 159 216 235 236 243
 17
 10 32 35 53 58 60 122 141 142 148 161 166 
 177 197 210 221 233
 16
 3 13 48 61 69 85 121 125 135 143 158 165 
 187 188 205 210
 13
 2 55 56 76 82 93 111 119 152 165 187 195 
 200
 16
 2 4 48 52 67 85 91 125 158 180 185 188 
 193 199 211 230
 13
 4 8 46 58 67 77 104 123 137 151 163 168 
 212
 13
 25 39 41 48 61 104 153 166 176 189 225 228 
 237
 10
 4 25 70 84 87 91 188 218 226 241
 11
 36 107 111 129 158 209 214 219 222 225 232
 16
 13 29 31 35 44 60 82 88 120 167 178 190 
 206 213 234 242
 13
 7 43 47 69 92 123 146 169 189 210 222 240 
 241
 14
 45 47 67 70 71 99 102 117 170 216 223 224 
 228 235
 9
 19 36 43 92 102 137 197 203 229
 12
 7 24 35 50 78 81 114 160 191 199 212 218 
 16
 83 92 94 105 127 134 154 203 210 212 213 228 
 234 236 238 242
 16
 1 32 58 83 110 121 127 152 169 179 183 197 
 214 218 236 239
 14
 71 93 104 107 133 153 164 172 177 182 189 195 
 214 234
 14
 64 113 142 176 182 184 190 198 207 215 221 227 
 235 241
 10
 11 18 63 76 84 86 155 192 225 239
 15
 45 54 65 104 118 123 134 151 158 171 178 179 
 195 211 233
 16
 1 2 16 24 38 62 72 106 107 110 112 123 
 159 187 207 227
 12
 25 44 52 81 83 92 133 146 158 199 231 241 
 7
 48 66 95 115 188 196 206
 14
 62 70 73 83 101 103 212 219 223 225 228 237 
 238 243
 14
 23 32 44 77 83 103 123 153 155 160 186 220 
 225 240
 10
 4 6 13 33 75 95 101 141 143 144
 15
 23 38 50 62 95 103 158 165 167 181 196 229 
 232 233 241
 14
 8 21 51 69 78 93 108 114 121 124 173 190 
 200 235
 15
 43 45 46 78 81 103 120 133 197 201 224 225 
 235 241 242
 10
 25 70 91 134 135 137 138 143 179 234
 9
 6 17 33 71 98 117 161 187 200
 15
 31 55 83 105 141 152 153 182 188 191 197 226 
 228 230 233
 15
 4 12 17 41 43 50 61 153 170 176 180 204 
 224 228 236
 15
 52 61 63 68 133 148 151 168 172 191 205 211 
 225 226 241
 13
 3 29 43 70 91 99 128 129 135 176 203 232 
 237
 13
 45 87 105 106 115 156 160 171 179 181 218 224 
 236
 7
 29 50 129 137 160 218 237
 16
 24 38 58 66 71 74 84 87 103 147 149 175 
 211 230 231 239
 10
 1 79 86 87 93 135 175 180 208 234
 13
 2 14 25 41 64 101 106 107 196 199 218 226 
 238
 8
 1 2 5 20 29 34 97 152
 12
 78 86 114 161 165 168 170 180 203 209 219 242 
 14
 10 11 19 31 56 62 68 74 76 144 150 204 
 212 238
 15
 44 47 68 105 120 121 134 142 144 151 173 182 
 184 198 207
 19
 6 26 40 80 87 95 106 113 115 127 129 135 
 136 147 190 191 209 210 213
 13
 10 79 88 103 112 126 127 128 151 161 178 215 
 231
 14
 8 18 37 48 58 67 84 88 99 187 194 206 
 225 235
 9
 29 30 44 52 60 73 83 91 92
 17
 5 9 19 30 48 53 75 89 99 105 128 138 
 140 149 161 211 229
 13
 60 61 76 83 115 116 150 168 189 207 209 213 
 231
 12
 9 31 61 73 85 109 141 154 160 181 194 221 
 16
 15 20 28 86 87 100 112 139 151 166 180 198 
 199 227 230 239
 9
 17 102 127 142 155 160 207 231 235
 17
 38 46 70 73 78 82 101 112 155 156 176 180 
 185 190 193 232 238
 19
 38 47 49 73 75 84 88 92 101 127 129 159 
 174 181 196 234 236 237 240
 15
 33 46 70 75 84 85 90 94 142 145 169 198 
 228 236 240
 15
 49 64 82 84 87 91 110 123 165 174 180 221 
 229 238 239
 11
 10 13 44 96 120 122 125 159 192 193 220
 11
 1 6 68 74 82 116 141 162 194 215 217
 16
 7 88 90 112 114 123 131 139 140 142 148 183 
 198 233 235 237
 12
 27 34 51 96 110 135 153 154 157 189 199 204 
 11
 3 46 53 86 128 160 181 184 208 221 230
 14
 4 20 32 39 50 51 62 70 91 92 131 135 
 159 241
 11
 3 27 31 43 80 97 115 164 187 237 242
 17
 30 33 40 105 113 124 139 148 170 188 198 207 
 216 227 236 238 243
 10
 22 77 82 113 134 160 173 175 186 208
 12
 40 62 63 95 116 117 159 165 183 195 237 238 
 15
 57 62 68 91 119 124 151 153 173 186 220 224 
 237 239 243
 14
 27 43 55 82 102 109 139 143 156 171 183 189 
 207 219
 17
 22 29 30 32 35 40 102 150 158 162 167 177 
 196 197 198 216 235
 17
 25 46 47 65 92 112 122 134 147 150 169 173 
 190 201 219 220 230
 13
 68 78 82 164 171 194 215 218 226 228 229 230 
 233
 20
 6 17 37 72 115 121 142 148 156 161 174 179 
 187 192 197 204 205 206 215 242
 7
 12 64 117 166 172 191 207
 14
 14 58 64 105 113 121 134 151 159 175 183 203 
 227 236
 10
 24 56 131 133 143 144 155 157 160 192
 14
 52 58 103 106 116 121 136 181 191 201 205 214 
 218 232
 18
 40 47 53 85 88 98 108 109 125 129 134 162 
 191 210 218 225 239 243
 18
 1 3 10 12 23 30 32 36 41 45 52 59 
 76 97 121 136 195 208
 11
 14 43 68 74 108 121 140 177 200 216 231
 12
 3 46 54 66 68 102 116 117 122 219 229 241 
 10
 11 56 71 85 111 183 192 195 234 242
 8
 21 30 65 122 126 130 133 153
 16
 8 15 17 37 63 66 68 69 83 86 123 126 
 173 199 205 236
 13
 2 17 49 72 83 101 124 141 142 174 184 185 
 207
 17
 17 27 30 34 59 65 77 83 93 124 130 144 
 167 170 192 220 221
 8
 45 52 60 107 136 202 217 223
 12
 7 10 41 69 105 117 126 133 140 155 166 170 
 15
 15 33 61 69 76 82 121 142 143 165 181 200 
 233 236 241
 14
 3 36 58 60 136 146 149 155 162 164 168 183 
 189 224
 11
 16 60 62 106 151 164 188 206 210 220 236
 14
 39 57 60 68 96 130 149 152 171 187 188 202 
 204 240
 13
 67 80 84 101 123 146 151 205 208 216 232 239 
 242
 10
 4 22 71 103 106 131 174 179 208 227
 10
 8 26 69 134 140 193 197 210 216 230
 15
 11 16 20 27 76 89 124 143 177 186 203 219 
 229 233 239
 15
 18 32 62 80 100 114 130 150 172 190 197 209 
 213 235 240
 6
 22 53 59 204 217 228
 15
 12 19 45 46 51 63 69 134 140 143 173 177 
 186 214 221
 11
 2 50 65 79 83 85 101 154 177 198 221
 11
 2 15 50 68 93 102 106 129 206 231 233
 10
 16 20 58 59 169 184 193 223 238 243
 9
 89 102 103 116 135 217 229 239 240
 11
 27 52 79 122 141 168 177 181 182 213 242
 10
 5 51 58 145 147 152 162 187 197 213
 13
 13 34 43 59 79 154 158 195 205 216 217 222 
 227
 10
 5 47 56 82 91 107 160 177 187 238
 12
 18 42 48 57 71 73 106 112 115 189 212 230 
 14
 30 48 77 80 104 137 150 152 178 185 194 198 
 215 233
 10
 34 38 66 69 132 191 199 201 230 235
 11
 28 44 68 83 109 124 126 133 146 155 166
 13
 9 19 42 64 87 98 107 114 190 191 205 219 
 222
 15
 32 59 89 90 94 101 105 141 162 169 222 227 
 233 238 243
 13
 6 10 35 37 97 113 124 146 154 158 174 176 
 240
 10
 29 59 111 115 132 163 165 176 205 241
 14
 30 45 65 71 109 111 112 183 184 189 214 224 
 228 241
 12
 24 39 50 84 86 90 112 119 134 173 186 205 
 16
 1 7 40 41 56 60 71 85 102 145 177 217 
 226 232 238 239
 18
 12 26 30 31 34 35 79 89 96 101 136 148 
 163 190 192 195 226 227
 8
 13 45 58 118 139 149 171 210
 12
 1 5 26 46 114 116 141 149 153 167 221 224 
 13
 17 35 48 76 78 147 149 162 192 204 231 232 
 240
 12
 8 58 68 105 112 122 157 158 198 211 218 240 
 9
 24 60 66 119 148 161 163 195 236
 11
 1 21 32 43 95 123 141 178 209 223 235
 15
 1 11 22 76 91 123 136 148 155 156 164 180 
 186 215 219
 18
 7 22 23 37 40 42 45 46 89 94 101 107 
 156 202 211 232 236 240
 14
 10 24 28 82 96 97 119 121 126 137 150 165 
 202 223
 15
 2 6 17 30 59 62 69 108 117 121 149 159 
 178 226 242
 18
 2 3 19 44 61 67 68 78 82 127 136 204 
 206 221 224 226 233 238
 13
 11 32 54 60 73 86 94 101 130 133 167 213 
 235
 17
 17 47 50 59 69 112 125 132 139 143 194 199 
 211 214 216 238 243
 18
 13 18 43 45 49 57 59 75 77 108 118 121 
 149 157 187 205 231 237
 14
 77 81 84 100 112 141 150 166 190 208 219 220 
 223 224
 9
 3 19 56 62 69 138 175 183 187
 16
 5 12 14 63 115 116 119 133 135 148 149 174 
 182 200 201 213
 10
 19 47 82 86 175 193 221 226 231 238
 13
 24 26 31 37 60 74 95 120 125 128 154 188 
 222
