 200 230
 1 1 1 1 1 1 1 1 1 1 1 1 
 1 1 1 2 2 2 2 2 2 2 2 2 
 2 2 2 2 2 2 2 2 2 2 2 2 
 2 2 2 2 3 3 3 3 3 3 3 3 
 3 3 3 3 3 3 3 3 3 3 3 4 
 4 4 4 4 4 4 4 4 4 4 4 4 
 4 4 4 4 4 4 4 4 5 5 5 5 
 5 5 5 5 5 5 5 5 5 6 6 6 
 6 6 6 6 6 6 6 6 7 7 7 7 
 7 7 7 7 7 7 7 7 8 8 8 8 
 8 8 8 8 8 8 8 8 8 8 8 8 
 8 9 9 9 9 9 9 10 10 10 10 10 
 10 10 10 10 10 10 10 11 11 11 11 11 
 11 11 11 11 11 12 12 12 12 12 12 12 
 13 13 13 13 13 13 13 14 14 14 14 14 
 14 14 14 14 15 15 15 15 15 16 16 16 
 16 16 16 16 16 16 17 17 17 17 17 17 
 17 18 18 18 18 18 19 19 19 20 20 21 
 21 22 22 23 24 24 25 26 26 26 26 27 
 29 31 
 3
 85 204 216
 6
 18 102 117 142 154 221
 5
 12 16 17 29 79
 7
 177 186 204 219 221 227 229
 9
 46 88 105 125 128 177 193 200 214
 8
 81 133 146 174 190 192 205 223
 7
 27 51 61 62 76 190 213
 6
 29 109 149 158 179 230
 7
 11 42 57 96 101 124 215
 6
 62 72 79 108 206 223
 4
 26 107 184 220
 6
 29 153 154 164 200 206
 7
 45 51 86 90 108 147 176
 3
 81 193 225
 5
 5 24 62 154 190
 3
 42 144 169
 9
 83 105 132 137 153 177 181 207 210
 5
 30 124 141 163 169
 6
 10 19 34 95 156 185
 3
 74 145 164
 3
 4 111 221
 1
 19
 6
 3 16 48 134 154 228
 5
 4 25 32 134 202
 6
 44 63 74 126 171 206
 5
 42 166 172 173 228
 6
 51 78 110 127 195 213
 1
 19
 5
 28 70 144 148 173
 3
 13 106 115
 3
 1 21 24
 8
 11 66 117 129 144 169 182 224
 4
 94 138 163 195
 6
 3 44 118 128 220 230
 6
 41 157 165 182 191 213
 4
 6 73 83 185
 11
 142 155 161 162 166 180 181 203 215 218 224
 4
 3 64 65 78
 8
 40 41 71 119 142 143 207 230
 3
 28 43 60
 5
 102 135 194 212 221
 5
 34 65 160 177 187
 6
 19 34 87 95 158 175
 4
 67 100 155 216
 6
 11 49 93 141 152 216
 4
 98 116 196 199
 8
 16 20 49 72 83 111 178 203
 4
 5 30 63 66
 2
 2 46
 5
 1 2 17 201 212
 1
 133
 5
 106 119 131 211 222
 5
 36 41 89 161 202
 4
 33 45 81 229
 5
 21 23 147 162 223
 5
 31 50 152 219 225
 3
 105 194 201
 6
 5 25 41 68 96 138
 9
 49 75 88 94 119 150 153 207 218
 5
 24 121 140 211 212
 3
 43 161 167
 6
 43 84 109 174 178 224
 5
 12 17 54 140 214
 7
 14 32 39 92 117 186 226
 3
 102 153 199
 4
 30 134 155 178
 6
 135 189 202 205 218 228
 7
 5 37 53 94 103 195 219
 8
 17 48 78 117 166 175 204 229
 4
 101 146 156 217
 4
 1 20 47 169
 6
 5 59 95 136 140 167
 3
 47 81 126
 6
 25 30 50 123 124 139
 5
 44 89 108 160 172
 5
 28 84 167 200 219
 4
 15 19 97 221
 8
 99 101 128 145 170 181 218 219
 5
 26 66 72 99 199
 3
 9 83 166
 9
 31 91 98 105 107 130 133 151 159
 4
 125 139 153 198
 7
 8 70 90 183 186 195 224
 8
 115 122 148 157 159 195 198 201
 4
 16 71 152 206
 4
 11 27 49 64
 7
 1 60 61 94 95 170 206
 6
 29 82 87 107 215 223
 4
 10 35 47 83
 3
 9 65 94
 6
 6 27 178 183 199 208
 8
 21 44 86 105 113 117 136 177
 5
 15 18 98 135 182
 4
 99 168 190 196
 4
 69 91 157 172
 7
 165 188 212 213 222 226 227
 8
 2 8 23 65 141 187 191 213
 4
 122 175 209 220
 10
 3 20 48 73 112 121 137 141 220 229
 5
 16 18 35 56 62
 4
 99 104 128 214
 3
 2 54 175
 8
 19 22 75 96 111 170 188 224
 10
 7 28 39 45 69 106 124 129 145 169
 4
 6 102 213 224
 4
 17 36 87 170
 2
 21 74
 7
 2 26 134 162 200 203 211
 3
 119 157 187
 6
 8 17 25 106 120 207
 7
 33 50 82 190 193 194 218
 2
 24 86
 3
 43 186 191
 7
 120 125 134 141 143 192 230
 3
 27 121 160
 7
 9 36 67 68 130 181 184
 5
 52 58 97 199 214
 6
 131 156 187 197 215 229
 10
 95 149 150 164 173 174 176 180 191 230
 3
 123 129 200
 3
 9 135 162
 6
 20 64 143 154 159 179
 6
 158 160 197 212 222 225
 4
 17 110 146 190
 7
 4 18 98 105 136 144 219
 7
 7 55 120 121 125 139 199
 6
 20 63 94 163 193 222
 7
 10 18 42 82 90 97 198
 6
 103 153 167 168 203 209
 4
 80 119 220 224
 6
 51 94 158 163 179 211
 8
 1 23 75 117 122 123 143 221
 7
 81 82 96 109 124 164 176
 4
 13 60 71 229
 5
 52 110 123 137 197
 6
 12 23 50 118 134 146
 5
 18 31 86 142 143
 4
 140 185 218 220
 4
 1 140 201 225
 9
 48 61 63 72 81 87 113 153 165
 4
 16 63 121 192
 6
 143 151 196 215 225 228
 6
 46 60 64 77 170 171
 5
 14 26 53 67 162
 2
 13 131
 5
 43 68 71 89 201
 8
 6 94 110 117 145 147 165 216
 5
 22 66 76 97 152
 9
 18 23 120 144 163 169 176 177 201
 8
 85 98 154 178 179 191 205 226
 5
 57 70 100 118 222
 6
 92 114 132 136 193 202
 8
 41 58 80 82 97 103 173 179
 5
 129 130 183 189 218
 6
 35 77 148 152 180 210
 5
 31 77 96 194 196
 7
 4 123 127 140 156 169 199
 3
 93 152 191
 7
 37 56 61 116 141 152 228
 4
 6 120 217 229
 5
 59 84 140 206 228
 4
 21 95 114 164
 3
 3 118 176
 3
 2 108 171
 6
 26 54 126 156 206 217
 4
 22 95 170 211
 3
 16 171 200
 7
 1 64 107 155 176 177 228
 8
 79 111 112 118 162 172 207 226
 5
 20 103 172 208 228
 8
 38 113 126 138 186 192 199 214
 8
 69 81 85 100 140 176 188 219
 3
 41 146 171
 9
 32 45 118 127 158 180 209 215 224
 4
 22 69 105 190
 6
 21 46 106 185 192 224
 4
 1 60 193 225
 6
 137 152 169 211 213 216
 4
 33 178 211 212
 3
 7 107 174
 10
 7 27 60 84 85 180 189 202 207 208
 6
 122 138 147 155 208 229
 9
 62 76 114 122 132 154 155 212 226
 4
 8 10 73 221
 3
 12 67 115
 6
 3 81 101 144 170 192
 9
 182 184 196 206 210 214 217 225 230
 2
 47 112
 2
 16 208
 9
 22 42 70 82 83 109 187 216 220
 8
 52 53 84 88 91 142 145 209
 6
 173 180 185 208 223 225
 7
 4 106 135 141 147 150 159
 9
 22 24 25 68 105 136 149 170 199
 4
 38 55 194 223
 5
 88 179 183 216 230
 2
 61 127
 5
 28 61 73 106 224
 10
 17 84 100 135 148 157 171 207 209 214
 4
 14 81 142 199
