 200 194
 1 1 1 1 1 1 1 1 1 1 1 1 
 2 2 2 2 2 2 2 2 2 2 2 2 
 3 3 3 3 3 3 3 3 3 3 3 3 
 3 3 3 3 3 4 4 4 4 4 4 4 
 5 5 5 5 5 5 5 6 6 6 6 6 
 6 6 7 7 7 7 7 7 7 7 7 7 
 7 7 7 7 7 7 8 8 8 8 8 8 
 8 8 8 8 8 9 9 9 9 9 9 9 
 10 10 10 10 10 10 11 11 11 11 11 11 
 11 11 11 11 12 12 12 12 13 13 13 13 
 13 14 14 14 14 14 14 14 15 15 15 15 
 15 15 15 16 16 16 16 16 16 16 17 17 
 17 17 17 18 18 18 18 18 19 19 19 19 
 20 20 20 20 21 22 22 22 25 25 25 26 
 26 26 27 27 28 29 29 30 32 33 33 33 
 34 35 36 36 36 37 37 38 39 39 40 43 
 49 53 
 8
 64 77 105 118 138 141 173 194
 8
 1 26 74 116 132 157 171 184
 3
 26 32 184
 6
 62 111 128 165 186 188
 5
 4 83 139 158 165
 3
 10 69 122
 9
 166 170 172 186 187 190 192 193 194
 2
 1 69
 4
 69 143 171 181
 8
 8 11 47 49 56 68 103 186
 5
 12 113 121 122 130
 4
 29 36 92 129
 5
 160 164 190 193 194
 3
 46 122 158
 3
 18 42 106
 5
 37 44 49 68 104
 2
 22 63
 5
 86 97 122 166 186
 5
 94 104 148 168 171
 4
 8 29 60 105
 4
 10 33 37 179
 4
 27 98 172 187
 7
 22 43 64 86 111 128 159
 3
 45 119 192
 5
 49 84 126 131 170
 6
 57 80 117 123 162 168
 2
 104 191
 4
 79 103 156 180
 6
 53 88 109 138 174 192
 6
 63 127 130 132 157 169
 5
 59 72 92 120 176
 6
 27 66 92 153 155 185
 5
 34 38 41 60 61
 5
 14 15 25 166 187
 5
 104 110 155 162 164
 5
 4 6 90 181 188
 7
 52 119 147 156 181 182 187
 2
 19 100
 5
 20 56 139 144 149
 3
 55 98 181
 6
 5 100 103 139 159 192
 3
 8 80 142
 6
 52 63 143 148 169 182
 7
 25 58 64 117 131 137 165
 3
 43 56 149
 2
 16 145
 4
 3 59 120 153
 2
 45 142
 3
 28 35 62
 4
 26 37 114 194
 4
 27 151 157 182
 5
 50 58 72 89 191
 5
 49 54 84 91 192
 5
 56 64 79 84 153
 3
 51 99 181
 6
 81 133 158 173 176 193
 3
 3 65 191
 7
 7 66 83 93 100 156 193
 5
 15 63 79 108 122
 3
 1 2 117
 3
 28 146 151
 3
 82 90 102
 5
 50 52 75 76 190
 5
 51 71 119 133 157
 6
 83 99 117 122 124 125
 4
 91 129 146 165
 3
 51 97 188
 7
 7 15 63 87 118 137 163
 5
 21 44 98 105 141
 4
 18 84 142 174
 4
 27 54 67 107
 6
 16 32 137 140 141 165
 6
 19 29 59 92 131 148
 4
 29 64 106 119
 2
 80 188
 3
 99 101 191
 3
 1 80 114
 7
 25 53 72 80 87 129 140
 7
 49 63 72 109 158 173 183
 1
 28
 3
 2 38 115
 2
 96 168
 9
 13 22 24 36 39 98 144 154 174
 3
 114 182 191
 3
 75 146 173
 2
 129 174
 4
 30 31 104 186
 2
 17 121
 2
 62 74
 9
 9 12 20 26 65 79 162 163 178
 5
 13 35 95 104 194
 5
 48 59 93 153 168
 3
 21 32 157
 4
 7 67 97 136
 2
 52 126
 6
 1 81 82 164 174 176
 6
 73 94 97 123 129 138
 4
 7 31 40 82
 3
 36 86 178
 5
 41 47 58 70 89
 5
 61 85 93 118 145
 2
 51 61
 5
 105 132 136 142 185
 2
 63 168
 3
 26 183 193
 5
 162 167 178 180 183
 8
 65 79 96 124 156 161 167 193
 5
 1 115 153 166 184
 3
 23 105 119
 2
 33 49
 2
 14 17
 7
 5 13 42 81 85 96 144
 4
 13 30 141 181
 4
 104 108 151 161
 3
 136 171 188
 7
 53 61 68 79 100 152 153
 3
 84 138 149
 5
 49 140 148 176 189
 5
 14 28 44 109 154
 7
 57 80 98 127 128 143 167
 7
 14 16 71 91 103 143 157
 5
 107 112 162 179 189
 8
 70 75 116 152 158 161 164 175
 8
 130 150 158 159 163 179 185 189
 2
 34 71
 3
 18 58 155
 6
 17 65 134 176 178 191
 4
 87 97 138 161
 4
 3 14 50 124
 6
 45 60 103 140 183 185
 4
 31 82 85 175
 6
 45 90 102 113 177 183
 5
 56 131 144 149 150
 4
 90 110 153 177
 7
 42 43 69 94 120 135 184
 4
 4 73 122 145
 3
 55 70 108
 4
 54 65 66 143
 5
 9 35 123 125 157
 3
 6 42 92
 7
 28 52 89 105 111 181 185
 2
 3 173
 4
 23 30 100 169
 3
 91 136 154
 3
 88 106 154
 7
 58 106 127 134 155 184 186
 3
 103 117 147
 3
 28 101 166
 4
 25 77 93 130
 9
 15 48 49 57 62 67 113 188 192
 6
 95 107 113 114 171 184
 6
 43 148 150 154 162 186
 3
 27 81 117
 5
 39 46 55 67 176
 1
 61
 3
 64 76 134
 3
 16 34 122
 4
 2 97 112 136
 4
 68 122 137 177
 4
 125 179 182 189
 2
 4 31
 4
 27 67 152 163
 4
 43 60 88 166
 2
 95 189
 4
 3 124 137 160
 5
 6 90 136 137 183
 7
 121 123 144 153 177 180 188
 3
 9 10 99
 1
 5
 3
 66 163 172
 4
 6 9 42 148
 9
 25 40 47 57 73 82 102 136 164
 3
 33 50 70
 5
 17 57 60 70 149
 8
 19 71 82 90 114 126 133 151
 7
 5 8 30 63 122 136 168
 3
 20 25 65
 1
 69
 4
 25 80 126 156
 2
 145 175
 4
 21 83 101 192
 3
 66 173 184
 3
 81 141 181
 5
 115 120 165 169 176
 6
 78 79 145 158 178 187
 4
 57 74 146 147
 5
 26 44 50 106 165
 4
 4 50 58 163
 6
 46 91 99 137 170 177
 5
 32 56 73 174 183
 4
 81 115 116 139
 5
 68 115 140 183 184
 1
 76
 4
 2 143 148 189
 4
 49 101 118 129
 5
 107 110 123 135 174
 7
 13 51 83 103 118 147 175
 4
 59 125 139 155
 5
 46 150 152 159 182
 9
 2 11 71 85 113 171 181 183 186
