 200 225
 1 1 1 1 1 1 1 1 1 2 2 2 
 2 2 2 2 2 3 3 3 3 3 3 3 
 3 3 3 3 3 3 4 4 4 4 4 5 
 5 5 5 5 5 5 6 6 6 6 6 6 
 6 6 6 6 7 7 7 7 7 7 7 7 
 7 7 7 7 8 8 8 8 8 8 8 8 
 8 9 9 9 9 9 9 9 9 9 9 9 
 9 9 10 10 10 10 10 10 10 10 10 11 
 11 11 11 11 11 11 11 11 11 11 12 12 
 12 12 12 13 13 13 13 13 13 13 13 13 
 14 14 14 14 14 14 15 15 15 15 15 16 
 16 16 16 16 16 17 17 17 17 17 17 17 
 17 17 17 18 18 18 18 18 19 19 19 19 
 19 20 20 20 21 21 21 21 21 22 22 22 
 23 23 23 23 23 23 23 24 24 24 24 24 
 24 25 25 25 25 26 26 26 26 26 27 27 
 28 28 29 30 30 30 30 31 31 31 32 32 
 32 33 33 33 34 34 35 36 36 37 38 38 
 40 42 43 45 46 47 67 68 69 
 5
 21 66 134 153 213
 3
 25 122 214
 4
 49 90 125 203
 2
 55 160
 6
 7 49 81 138 158 211
 7
 5 20 38 64 177 179 188
 4
 80 178 211 225
 2
 33 206
 4
 20 94 208 209
 4
 30 76 91 217
 4
 31 43 134 220
 2
 22 190
 9
 6 36 59 74 100 102 118 124 210
 5
 19 105 193 203 214
 9
 20 27 89 97 126 143 166 185 218
 6
 16 18 80 107 125 170
 5
 33 44 82 87 198
 5
 12 32 65 171 207
 5
 48 121 123 124 165
 7
 49 87 113 133 153 171 188
 5
 22 36 179 183 187
 3
 93 161 212
 8
 81 82 98 128 132 149 164 199
 5
 47 50 51 62 98
 7
 45 126 159 211 213 223 224
 1
 46
 4
 74 83 133 138
 7
 46 111 120 144 149 197 203
 4
 10 11 75 142
 8
 78 99 117 128 140 211 219 225
 7
 18 157 176 192 205 212 217
 6
 85 110 176 180 200 206
 10
 149 156 160 162 172 185 195 196 201 202
 6
 32 169 177 202 212 223
 5
 116 137 183 200 221
 6
 10 26 65 82 88 201
 7
 39 61 132 161 170 186 189
 7
 38 88 99 112 153 176 201
 6
 142 143 173 176 221 225
 6
 118 128 139 165 204 214
 6
 4 66 87 127 133 219
 5
 76 131 146 172 221
 5
 41 70 161 172 197
 3
 2 13 141
 2
 28 87
 3
 150 179 217
 10
 17 36 63 67 88 156 167 195 198 218
 5
 41 73 109 114 171
 5
 47 67 72 139 192
 5
 6 74 117 149 207
 3
 28 80 204
 7
 14 31 32 64 65 177 194
 10
 108 112 140 150 160 181 190 196 198 217
 3
 24 54 206
 4
 67 84 199 203
 7
 50 61 65 71 114 123 191
 8
 64 104 130 135 166 181 214 217
 3
 56 62 204
 4
 8 56 82 139
 3
 29 97 109
 4
 75 113 148 213
 4
 60 143 186 218
 3
 58 201 215
 3
 34 97 209
 6
 65 90 195 196 219 224
 6
 38 55 99 128 158 174
 6
 92 96 102 108 142 186
 7
 18 22 116 135 136 181 225
 5
 3 31 88 162 186
 5
 51 73 148 186 206
 8
 27 42 65 90 100 139 195 209
 5
 56 75 132 146 152
 7
 34 48 91 103 110 187 191
 3
 21 22 190
 5
 2 25 92 165 179
 6
 111 123 163 167 170 194
 5
 3 53 55 69 127
 6
 63 121 124 154 196 220
 3
 19 129 216
 4
 54 108 162 212
 4
 134 152 191 209
 9
 7 18 61 66 81 87 103 119 124
 7
 3 87 101 133 135 161 220
 6
 13 66 112 173 220 225
 3
 9 37 184
 8
 37 62 132 178 181 194 212 215
 4
 9 31 68 72
 5
 89 174 187 200 214
 6
 2 44 61 112 140 215
 7
 15 62 83 122 158 194 216
 5
 23 71 97 115 180
 12
 100 114 129 130 134 138 144 162 187 206 220 223 
 3
 124 141 145
 6
 86 103 121 133 169 197
 3
 47 163 183
 6
 110 140 154 164 175 212
 8
 18 101 128 173 182 187 197 202
 6
 43 48 57 137 150 154
 6
 1 52 107 113 123 127
 4
 11 65 70 145
 4
 47 80 107 169
 4
 28 57 114 148
 6
 116 138 149 152 182 224
 6
 25 59 144 169 201 202
 7
 80 107 148 154 182 189 220
 3
 39 130 196
 7
 54 59 90 96 122 193 216
 7
 19 26 77 132 186 200 206
 5
 31 66 103 150 175
 10
 26 54 122 139 145 153 157 173 184 211
 2
 53 200
 8
 43 46 97 119 134 177 183 193
 6
 12 76 155 179 220 223
 3
 67 72 209
 4
 1 53 83 169
 4
 44 57 175 218
 3
 25 197 221
 4
 105 136 155 182
 3
 1 89 121
 6
 15 129 174 180 206 215
 6
 22 56 67 218 219 225
 3
 30 176 215
 5
 219 222 223 224 225
 3
 81 94 197
 3
 12 74 155
 6
 68 86 102 131 171 194
 8
 1 10 109 178 188 193 203 210
 4
 12 143 182 191
 6
 85 120 144 196 205 208
 5
 119 125 157 177 219
 6
 2 37 133 159 217 225
 5
 37 58 63 104 189
 3
 142 147 204
 5
 12 54 79 107 204
 4
 53 151 197 219
 8
 52 55 123 135 151 190 214 218
 5
 3 21 42 83 115
 13
 44 48 50 79 89 92 101 171 178 189 202 210 
 215
 8
 43 75 97 98 113 126 127 129
 8
 11 16 38 39 76 77 146 168
 6
 34 41 74 117 176 193
 3
 37 75 96
 6
 4 20 43 53 117 154
 3
 40 84 178
 4
 24 109 147 188
 4
 55 78 138 172
 7
 93 109 112 141 180 207 210
 5
 2 14 19 141 191
 7
 7 20 21 35 99 108 164
 5
 18 40 42 91 213
 2
 19 169
 8
 43 60 78 107 134 174 188 193
 6
 95 108 120 136 156 195
 3
 45 84 198
 3
 18 166 203
 7
 11 36 65 153 161 170 190
 7
 43 45 68 96 177 199 200
 7
 6 18 24 54 77 102 178
 10
 53 63 88 106 119 121 132 139 170 211
 2
 8 33
 8
 36 57 115 127 132 148 159 176
 1
 4
 9
 24 38 65 158 166 171 174 196 199
 2
 1 37
 8
 65 151 163 175 183 198 208 215
 5
 20 21 31 36 69
 7
 8 11 51 76 141 164 214
 7
 129 168 173 207 213 221 222
 10
 1 5 19 39 40 68 75 96 194 207
 6
 2 71 74 107 153 176
 6
 33 55 65 77 193 204
 7
 106 115 116 158 168 189 208
 6
 57 66 70 118 155 199
 5
 132 138 167 188 193
 6
 10 23 96 170 179 196
 5
 54 78 97 222 224
 4
 58 69 78 79
 5
 159 184 205 215 218
 8
 32 35 66 133 169 200 204 216
 4
 13 39 69 198
 6
 14 23 34 44 167 224
 6
 38 44 56 185 208 220
 5
 45 79 98 172 216
 5
 1 77 99 135 200
 5
 26 35 101 122 186
 4
 53 60 127 184
 3
 23 74 215
 8
 32 40 135 151 163 177 203 207
 5
 29 98 132 161 209
 4
 5 44 187 219
 7
 1 98 152 162 180 182 204
 6
 10 74 96 206 217 222
 4
 53 79 118 166
 7
 40 76 158 165 203 220 223
 6
 27 58 113 161 180 193
 3
 10 85 220
 2
 27 138
 4
 192 210 211 216
 7
 13 31 46 60 137 140 159
 8
 45 46 49 59 96 100 195 207
