 200 220
 1 1 1 1 1 1 1 1 1 1 1 1 
 1 1 1 1 1 1 1 2 2 2 2 2 
 2 2 2 2 2 2 2 2 2 2 2 2 
 2 2 2 2 3 3 3 3 3 3 3 3 
 3 3 3 3 3 3 3 3 3 3 4 4 
 4 4 4 4 4 4 4 4 4 4 4 4 
 5 5 5 5 5 5 5 5 5 5 6 6 
 6 6 6 6 6 6 6 6 6 6 6 6 
 6 6 7 7 7 7 7 7 7 7 7 7 
 7 8 8 8 8 8 8 8 8 8 8 8 
 8 8 8 9 9 9 9 9 9 9 9 9 
 9 9 9 9 9 9 10 10 10 10 10 10 
 10 10 10 10 10 10 11 11 11 11 11 11 
 11 12 12 12 12 12 12 12 12 12 12 12 
 12 12 12 13 13 13 13 13 13 13 14 14 
 14 14 14 14 15 15 16 16 16 16 17 17 
 17 17 17 18 18 18 18 19 19 19 20 20 
 20 20 21 22 22 22 23 23 24 25 26 26 
 26 28 35 36 
 12
 49 59 63 92 103 116 124 174 177 203 208 220 
 9
 14 20 32 102 162 168 180 189 214
 6
 7 54 128 185 202 209
 5
 53 59 152 205 209
 5
 41 53 109 170 189
 6
 41 55 70 93 104 115
 5
 64 85 113 138 206
 5
 48 134 144 162 193
 5
 24 129 143 176 191
 3
 88 114 148
 7
 1 22 51 124 134 140 183
 5
 43 59 153 159 196
 3
 46 67 141
 4
 41 73 101 189
 5
 195 203 212 213 220
 7
 29 59 110 124 153 163 201
 8
 60 64 82 93 106 160 186 187
 6
 135 143 153 160 184 215
 4
 43 46 171 193
 8
 42 73 102 158 180 188 197 200
 3
 25 95 145
 3
 27 105 186
 6
 124 155 182 206 215 218
 6
 3 30 49 65 133 188
 4
 7 20 90 190
 9
 22 34 41 62 112 118 121 185 213
 4
 5 32 75 86
 4
 74 180 190 208
 3
 5 23 36
 4
 8 172 199 208
 4
 18 84 132 151
 5
 54 62 128 168 209
 5
 16 85 139 172 185
 6
 3 9 21 45 112 155
 3
 107 197 203
 8
 90 100 140 160 164 174 184 187
 3
 3 48 173
 5
 14 82 167 172 218
 8
 100 106 142 151 187 192 198 200
 7
 26 53 58 132 186 188 207
 4
 10 136 153 202
 7
 28 93 120 155 166 180 200
 6
 6 37 55 118 172 206
 6
 10 54 67 130 164 186
 3
 7 47 187
 3
 95 131 214
 4
 33 114 115 220
 2
 20 111
 6
 87 133 136 182 214 220
 6
 42 57 74 113 154 178
 5
 81 99 121 145 178
 3
 39 70 173
 2
 8 63
 4
 59 78 99 185
 8
 69 74 116 142 147 181 208 217
 4
 5 24 155 160
 3
 35 43 179
 8
 6 35 77 100 130 131 150 209
 4
 41 87 163 191
 5
 42 61 86 169 198
 8
 90 105 119 142 170 201 212 217
 6
 4 10 27 110 125 183
 6
 78 146 169 186 198 216
 3
 2 134 204
 4
 107 137 154 159
 4
 73 88 117 200
 3
 1 83 200
 3
 2 83 102
 4
 91 145 163 172
 5
 78 130 137 142 159
 8
 129 134 147 179 192 199 208 214
 8
 149 150 156 168 175 188 189 210
 4
 8 32 47 208
 8
 36 75 111 175 177 185 194 209
 3
 173 189 204
 9
 3 9 25 85 101 167 198 205 219
 3
 97 196 218
 4
 11 34 65 209
 4
 62 92 127 128
 7
 31 46 153 158 164 184 190
 4
 7 86 126 129
 4
 34 115 166 175
 7
 89 124 155 172 192 218 219
 3
 28 39 146
 5
 20 44 64 99 210
 8
 6 7 45 71 87 105 128 151
 4
 99 144 161 202
 6
 79 96 125 126 197 203
 2
 47 151
 4
 135 193 201 207
 3
 29 33 196
 5
 25 85 129 141 198
 4
 15 108 113 159
 4
 56 101 149 218
 5
 101 120 166 173 190
 5
 143 183 207 210 216
 5
 11 42 56 132 156
 3
 116 175 209
 5
 62 79 109 115 169
 5
 83 94 107 206 219
 3
 50 69 162
 7
 60 98 130 138 167 191 195
 6
 4 42 138 179 180 215
 10
 31 32 74 83 88 103 126 140 165 182
 7
 9 26 45 79 85 117 137
 4
 66 97 139 177
 6
 17 43 50 51 76 203
 10
 4 30 104 111 146 152 181 186 191 196
 5
 1 6 99 127 148
 6
 1 31 84 141 151 218
 6
 52 89 101 142 213 219
 5
 3 41 47 131 151
 7
 1 59 71 73 76 139 180
 4
 118 155 199 202
 4
 44 48 63 146
 9
 44 71 86 91 132 160 211 212 216
 1
 24
 5
 8 77 133 158 185
 6
 9 20 50 75 103 111
 2
 5 114
 6
 27 37 60 132 166 220
 6
 44 63 125 158 176 200
 3
 30 141 197
 5
 98 147 157 165 185
 6
 2 10 13 104 158 183
 10
 21 25 51 65 73 112 118 120 122 173
 3
 2 5 211
 8
 12 31 48 49 120 161 164 216
 4
 29 43 108 163
 3
 60 84 162
 4
 2 42 111 139
 7
 157 161 168 171 179 181 187
 5
 59 174 190 191 194
 2
 8 106
 6
 65 161 165 176 180 205
 3
 125 203 220
 1
 105
 6
 3 22 78 127 135 204
 4
 21 87 192 204
 4
 28 73 131 139
 4
 21 119 125 193
 3
 11 133 184
 4
 72 83 110 212
 2
 36 119
 2
 17 211
 4
 27 72 163 220
 4
 29 42 151 153
 7
 80 90 117 152 163 181 217
 5
 43 104 112 152 159
 4
 13 50 52 156
 4
 57 75 201 209
 5
 24 41 43 114 127
 6
 84 141 161 176 205 215
 2
 79 162
 6
 28 88 123 144 181 187
 6
 20 61 127 140 154 197
 5
 41 122 165 196 209
 7
 21 46 49 73 110 112 149
 4
 45 84 99 113
 7
 4 55 66 68 77 154 214
 5
 194 205 211 217 219
 4
 33 77 111 140
 3
 38 179 203
 6
 123 145 152 184 208 216
 9
 15 68 76 121 127 150 165 204 215
 6
 4 15 61 77 117 179
 6
 6 26 125 159 192 218
 5
 1 23 42 74 140
 8
 12 13 19 79 91 161 181 186
 5
 5 74 91 119 159
 7
 23 94 110 140 153 182 220
 5
 22 100 110 143 199
 4
 23 81 158 208
 5
 35 103 141 182 204
 5
 1 61 85 139 201
 1
 78
 3
 46 191 207
 4
 114 136 167 193
 6
 21 66 126 128 139 183
 6
 3 38 58 63 92 174
 6
 44 84 122 143 188 194
 7
 76 80 100 144 148 154 182
 3
 89 125 173
 6
 16 45 76 83 154 195
 7
 70 113 116 121 128 152 170
 3
 24 30 171
 7
 2 22 75 77 187 207 214
 8
 11 14 60 100 102 131 185 211
 5
 23 25 67 100 164
 6
 21 89 102 158 208 215
 3
 64 75 160
 7
 1 4 73 74 166 172 211
 5
 41 76 99 130 179
 4
 2 26 69 76
 8
 12 115 126 129 162 174 195 212
 8
 68 108 126 177 202 214 218 219
 6
 40 41 61 87 158 179
 8
 20 44 52 124 188 192 211 213
 3
 62 75 86
 5
 96 124 152 178 196
