 300 378
 1 1 1 1 1 1 1 1 1 1 1 1 
 1 1 1 1 1 1 1 1 1 1 1 1 
 1 1 1 1 1 1 1 1 2 2 2 2 
 2 2 2 2 2 2 2 2 2 2 2 2 
 2 2 2 2 2 2 2 2 2 3 3 3 
 3 3 3 3 3 3 3 3 3 3 3 3 
 3 3 3 3 3 3 3 3 3 3 3 3 
 3 3 3 3 3 3 3 3 4 4 4 4 
 4 4 4 4 4 4 4 4 4 4 4 4 
 4 4 4 4 4 4 4 5 5 5 5 5 
 5 5 5 5 5 5 5 5 5 5 5 5 
 5 5 5 5 5 5 5 5 5 5 5 5 
 5 5 5 5 5 5 5 5 5 5 5 6 
 6 6 6 6 6 6 6 6 6 6 6 6 
 6 6 6 6 6 6 6 6 6 6 7 7 
 7 7 7 7 7 7 7 7 7 7 7 7 
 7 7 7 7 7 7 7 7 7 7 8 8 
 8 8 8 8 8 8 8 8 8 8 8 8 
 8 8 8 8 8 8 9 9 9 9 9 9 
 9 9 9 9 9 9 10 10 10 10 10 10 
 10 10 10 10 10 10 10 10 10 10 10 10 
 10 11 11 11 11 11 11 11 11 11 11 11 
 11 11 11 11 11 11 11 11 12 12 12 12 
 12 12 12 12 12 12 12 12 12 13 13 13 
 13 13 13 13 13 13 13 13 13 13 13 13 
 13 13 14 14 14 14 14 14 14 14 14 14 
 14 14 14 14 14 14 14 15 15 15 15 15 
 15 15 15 15 16 16 16 16 16 16 17 17 
 17 17 17 17 17 17 18 18 18 18 18 18 
 18 18 18 18 19 19 19 19 20 20 20 20 
 20 20 21 21 21 21 21 22 22 23 23 23 
 24 24 26 29 29 30 
 6
 62 80 96 230 293 370
 11
 1 120 163 210 225 247 267 275 312 318 370
 6
 11 38 116 197 200 260
 12
 61 80 140 170 174 204 237 268 285 318 345 361 
 13
 4 34 70 94 116 179 199 212 227 229 258 336 
 365
 8
 52 68 118 156 222 333 342 366
 7
 47 60 192 237 262 367 375
 12
 34 40 87 160 223 229 258 272 282 287 323 363 
 7
 46 69 128 156 204 211 337
 10
 44 89 118 167 311 323 328 358 364 370
 8
 8 50 62 67 203 204 317 325
 10
 10 61 121 182 261 294 310 335 358 366
 10
 6 40 42 80 168 203 243 336 352 362
 8
 40 145 148 191 217 305 320 336
 13
 10 23 46 65 70 126 203 210 241 268 274 275 
 280
 10
 17 24 122 125 208 211 226 238 252 333
 7
 2 80 139 156 191 225 319
 8
 5 103 110 124 156 158 183 323
 12
 2 51 73 101 170 192 201 203 254 255 256 335 
 8
 101 107 138 145 255 340 353 366
 9
 24 135 144 220 278 286 296 327 351
 13
 99 125 137 147 178 234 273 274 298 314 324 330 
 360
 9
 27 33 45 95 103 106 288 314 357
 9
 4 34 63 105 156 265 300 338 356
 11
 37 62 94 205 224 257 336 343 348 356 376
 5
 121 239 284 369 374
 11
 3 28 33 43 97 105 214 255 261 315 377
 9
 2 5 111 114 228 237 260 321 347
 11
 52 133 158 169 175 187 221 235 256 261 367
 9
 69 124 159 234 257 262 283 291 347
 6
 6 166 191 238 280 373
 12
 14 223 227 259 305 331 336 339 343 355 363 378 
 16
 131 148 196 202 212 268 277 294 297 299 305 315 
 339 347 364 369
 15
 27 29 40 43 63 71 105 109 164 210 244 252 
 308 333 351
 4
 58 59 179 328
 7
 15 41 136 142 161 209 291
 8
 3 8 33 79 93 236 279 320
 8
 3 84 180 261 262 351 357 359
 11
 83 121 135 169 179 181 250 254 265 286 296
 7
 126 208 245 282 286 339 344
 9
 42 129 167 246 254 273 287 311 337
 9
 13 184 186 216 246 267 286 356 359
 9
 19 41 59 71 78 201 208 239 329
 11
 87 104 116 130 179 230 273 274 296 319 364
 10
 3 51 54 117 121 151 162 206 279 378
 7
 35 74 123 145 210 251 282
 9
 21 107 178 220 238 263 287 361 363
 13
 214 256 271 294 320 330 343 346 352 354 359 368 
 376
 8
 8 93 150 204 228 254 301 323
 8
 29 36 75 186 207 283 303 357
 11
 29 78 100 204 215 239 244 261 314 344 345
 5
 66 70 179 189 375
 13
 36 45 116 121 160 230 254 273 295 322 334 355 
 363
 10
 16 23 27 34 93 104 247 284 295 365
 7
 20 36 60 88 224 229 280
 12
 6 127 157 163 190 209 275 303 309 349 371 376 
 9
 37 42 136 213 228 262 269 358 362
 10
 4 96 118 134 215 223 278 315 339 377
 7
 6 12 231 305 350 373 377
 7
 30 85 98 121 132 263 371
 8
 146 154 207 267 302 303 317 319
 8
 37 47 76 159 198 259 285 374
 8
 2 15 16 17 37 62 122 304
 15
 3 13 19 94 146 150 161 166 173 236 248 294 
 320 342 347
 7
 84 225 235 241 258 263 367
 9
 59 64 82 181 233 274 276 278 304
 6
 2 4 16 41 117 278
 10
 95 164 185 208 259 302 317 332 342 349
 11
 39 40 70 157 161 177 181 193 286 309 338
 7
 191 256 293 295 324 345 369
 11
 5 17 19 58 116 133 155 196 255 303 337
 8
 13 29 97 111 203 211 224 359
 6
 111 195 219 220 267 346
 7
 16 24 44 55 95 125 259
 8
 3 36 102 103 124 157 176 238
 15
 58 61 70 90 162 175 189 194 197 213 217 237 
 288 303 313
 12
 2 9 17 40 48 109 165 187 242 265 286 352 
 5
 38 77 208 266 323
 10
 7 37 90 116 143 225 315 329 350 373
 2
 35 83
 8
 20 23 67 127 256 263 313 359
 12
 15 79 91 129 164 166 167 189 212 254 309 310 
 10
 73 120 168 236 289 290 308 318 326 353
 8
 22 58 147 188 218 254 307 344
 10
 52 120 123 138 156 184 187 206 216 362
 6
 1 100 136 179 180 309
 7
 73 118 173 207 255 260 333
 11
 18 37 77 159 165 195 214 217 292 342 357
 6
 5 17 63 135 222 360
 19
 5 14 25 33 35 45 49 62 88 130 141 172 
 223 264 267 282 298 344 360
 8
 8 32 111 235 237 287 290 354
 11
 9 44 46 99 198 199 209 241 258 281 288
 16
 5 11 18 93 95 108 118 157 162 169 200 212 
 266 332 368 373
 10
 7 71 110 156 204 288 304 319 321 359
 8
 74 130 158 183 213 250 333 374
 8
 66 194 221 263 349 360 361 372
 7
 3 187 276 287 299 309 346
 13
 125 143 161 165 212 252 262 281 301 322 337 343 
 350
 10
 6 61 63 67 121 166 189 329 341 346
 9
 10 18 26 50 60 85 172 330 377
 7
 235 243 266 306 323 365 378
 6
 72 96 98 107 234 373
 11
 215 229 241 275 285 318 329 338 351 356 362
 15
 163 186 193 249 263 316 322 326 332 341 343 346 
 360 367 377
 7
 37 124 129 210 289 322 340
 9
 4 31 165 179 189 242 249 312 323
 12
 66 119 137 203 205 207 256 258 284 306 332 367 
 7
 48 120 156 181 257 303 343
 8
 19 51 74 117 119 158 204 344
 7
 39 143 163 254 273 330 357
 4
 41 65 251 293
 8
 59 64 68 152 272 288 307 331
 7
 14 53 99 109 119 137 292
 9
 58 94 123 221 249 256 257 291 358
 15
 42 85 93 103 130 140 176 206 221 231 235 242 
 299 354 376
 6
 34 96 123 231 292 310
 7
 10 95 140 190 203 291 339
 10
 187 190 209 272 275 279 327 328 360 366
 10
 4 139 197 206 213 222 237 304 338 370
 11
 72 182 196 197 236 249 295 325 343 355 363
 8
 1 95 103 171 188 236 277 339
 10
 3 20 153 157 184 207 209 295 352 354
 13
 93 156 235 247 254 298 325 334 349 353 359 370 
 376
 9
 47 59 101 268 279 321 322 335 359
 5
 33 65 194 219 304
 14
 1 14 43 95 99 127 168 174 193 245 292 340 
 367 378
 13
 66 74 176 179 203 260 263 291 335 341 347 348 
 355
 5
 48 172 239 261 378
 5
 158 261 292 341 360
 13
 68 79 94 128 181 183 205 258 259 287 307 309 
 315
 8
 3 28 44 50 110 161 310 365
 8
 34 117 127 129 180 211 306 349
 11
 62 84 125 166 242 243 277 308 337 347 373
 8
 1 9 49 67 94 232 258 365
 6
 13 102 106 216 286 325
 9
 37 93 132 180 236 287 312 331 354
 11
 2 52 94 127 218 220 283 298 304 311 331
 6
 161 286 296 353 363 371
 11
 22 78 116 134 181 186 195 225 290 304 309
 11
 8 13 81 118 185 186 191 224 271 338 349
 5
 41 96 122 200 375
 9
 216 253 315 316 324 362 371 374 377
 11
 121 180 224 257 285 309 310 317 325 342 358
 9
 56 136 219 242 243 289 294 303 365
 8
 76 84 154 211 280 298 338 352
 17
 93 95 109 137 156 225 232 256 259 264 266 281 
 288 300 302 344 350
 9
 1 18 59 166 174 182 214 281 357
 7
 10 45 83 227 289 343 364
 5
 138 250 276 277 378
 7
 31 198 270 288 329 356 369
 9
 15 169 240 248 254 265 288 300 311
 8
 72 112 149 180 194 214 273 333
 3
 119 183 280
 8
 33 97 142 148 238 245 308 355
 6
 55 174 198 231 313 363
 15
 8 12 17 26 89 100 157 183 184 192 233 247 
 295 364 370
 7
 22 71 229 230 243 336 353
 9
 35 106 220 229 235 274 276 344 371
 7
 36 64 101 105 146 165 286
 7
 8 52 72 144 189 216 326
 10
 18 33 125 134 212 248 299 360 363 374
 7
 122 198 208 242 277 301 348
 6
 67 219 226 236 245 364
 10
 200 228 273 286 295 300 305 354 374 377
 4
 58 192 222 250
 7
 34 68 130 171 216 219 377
 6
 4 30 96 207 235 290
 11
 15 46 59 118 122 152 183 287 292 312 377
 11
 22 60 61 64 65 97 196 199 224 287 326
 8
 12 34 54 260 277 320 348 375
 7
 2 38 50 128 181 221 371
 7
 66 124 191 246 274 357 376
 7
 6 28 44 58 64 209 376
 5
 9 112 157 246 376
 8
 58 66 69 93 171 199 320 347
 6
 36 53 59 142 215 232
 8
 16 40 60 206 225 313 320 363
 10
 6 8 28 168 190 264 293 331 354 363
 9
 82 89 174 182 264 284 333 362 376
 5
 117 184 248 271 301
 5
 20 173 287 329 359
 6
 7 36 72 164 183 320
 9
 117 185 206 221 313 321 334 368 373
 7
 117 193 255 304 336 348 378
 12
 7 34 43 98 100 122 134 203 240 354 358 369 
 7
 35 79 117 185 245 280 373
 5
 74 173 242 299 362
 9
 1 26 141 205 223 273 303 322 343
 6
 223 238 284 292 312 375
 8
 82 115 139 187 213 290 304 364
 10
 85 130 144 147 170 223 251 293 310 336
 8
 58 73 120 241 248 269 350 357
 10
 42 63 65 71 144 170 296 345 364 378
 11
 33 46 65 113 118 120 139 188 194 257 293
 10
 223 251 270 271 335 341 370 371 372 373
 7
 68 163 179 195 252 264 296
 8
 34 56 157 213 226 260 351 376
 11
 87 150 206 232 235 243 259 264 280 316 368
 6
 31 38 64 138 230 289
 6
 49 88 240 338 355 363
 9
 58 90 136 181 289 307 353 357 375
 8
 4 10 133 230 270 287 363 372
 16
 41 60 138 144 158 176 209 237 288 289 331 334 
 337 340 353 365
 5
 11 60 104 218 313
 5
 4 128 278 296 306
 6
 26 155 164 266 335 345
 4
 22 50 182 217
 8
 11 126 159 216 237 274 283 330
 8
 1 43 76 172 180 224 254 279
 6
 97 131 190 207 308 357
 13
 5 14 25 41 69 70 76 132 143 217 223 236 
 325
 9
 97 126 132 201 240 290 324 335 355
 12
 47 102 172 182 205 222 281 303 304 311 327 363 
 6
 33 78 86 117 129 131
 7
 49 78 134 187 190 205 306
 6
 1 180 279 294 333 370
 7
 7 39 254 255 276 334 375
 9
 60 113 132 142 224 241 277 301 370
 6
 61 127 185 275 283 297
 7
 101 120 121 141 149 269 361
 10
 36 77 99 128 273 317 326 332 361 372
 12
 35 54 107 118 162 173 177 215 255 265 337 373 
 5
 25 122 158 208 330
 6
 61 120 151 160 169 290
 4
 21 235 268 298
 9
 35 45 72 147 164 300 357 365 378
 7
 6 98 150 153 218 237 358
 9
 30 39 57 195 259 264 273 291 332
 10
 39 62 68 86 92 265 302 321 337 365
 11
 7 34 168 225 238 254 286 288 306 372 373
 9
 63 76 107 124 278 283 344 350 351
 8
 47 171 188 206 240 313 316 353
 15
 66 69 100 134 162 197 238 247 277 303 332 334 
 344 364 368
 9
 3 18 24 38 127 141 245 297 321
 6
 137 151 330 333 352 358
 10
 51 71 79 101 226 260 299 305 329 336
 10
 9 36 53 98 126 211 289 297 312 328
 8
 80 119 123 227 276 302 321 372
 11
 39 53 93 128 133 161 197 238 307 340 360
 12
 58 83 93 186 188 241 266 305 312 325 345 366 
 11
 77 98 140 156 163 196 231 290 347 355 370
 7
 6 64 66 81 143 159 247
 6
 57 59 63 101 114 327
 9
 27 38 113 139 240 246 329 340 361
 9
 115 138 205 248 330 331 342 356 371
 8
 4 14 73 124 142 169 170 331
 10
 2 108 135 175 178 211 240 276 305 375
 8
 38 45 77 93 116 159 281 350
 8
 16 122 126 131 177 243 314 338
 11
 33 42 117 129 207 233 236 261 310 315 316
 15
 86 123 135 136 184 200 244 257 268 269 291 307 
 357 361 367
 13
 15 21 38 75 108 110 175 179 182 250 255 258 
 371
 7
 124 227 269 278 293 306 319
 7
 20 69 75 105 189 322 372
 7
 44 51 122 168 175 218 330
 13
 70 153 202 233 240 282 303 305 311 324 345 374 
 375
 10
 32 119 162 165 239 260 266 289 311 329
 9
 87 102 154 155 184 257 279 346 358
 8
 35 112 131 160 180 228 278 341
 9
 39 182 205 228 239 244 254 335 345
 9
 11 42 105 160 188 210 324 331 366
 10
 7 33 48 75 92 100 102 234 277 286
 9
 82 93 100 148 207 320 327 361 372
 7
 81 102 106 257 275 314 351
 9
 89 133 193 276 321 324 330 338 375
 10
 60 108 164 209 249 254 291 308 318 376
 10
 46 54 180 181 264 297 332 336 359 366
 9
 65 69 91 205 239 307 326 328 367
 6
 11 19 73 149 159 308
 10
 12 119 177 185 196 208 226 244 245 346
 10
 2 19 58 103 160 179 213 228 314 348
 8
 68 152 214 251 262 267 353 369
 9
 25 33 98 259 260 275 286 287 371
 6
 1 88 140 178 215 226
 11
 9 61 116 119 128 158 160 163 188 192 256
 7
 112 131 220 358 364 377 378
 9
 23 48 65 96 116 132 227 306 337
 8
 13 123 253 282 306 329 344 370
 12
 5 35 99 104 120 206 229 244 262 276 289 363 
 12
 97 126 135 204 212 244 279 314 321 339 349 366 
 10
 2 81 86 96 119 183 246 263 267 286
 7
 5 59 156 180 184 215 332
 7
 37 67 119 203 274 335 376
 9
 21 61 81 104 106 133 162 171 310
 2
 226 340
 9
 43 55 117 214 232 304 356 358 362
 10
 7 141 201 253 270 271 297 317 348 354
 5
 158 167 210 235 345
 16
 9 10 11 21 75 94 97 137 151 156 185 198 
 217 227 258 307
 8
 1 123 226 239 273 343 353 356
 13
 49 53 59 146 149 193 204 236 274 311 321 354 
 361
 10
 3 7 9 157 159 205 256 270 335 366
 8
 107 116 145 219 223 241 252 346
 11
 12 90 93 118 157 167 186 255 294 329 369
 7
 38 104 167 204 265 337 364
 8
 35 114 195 199 292 293 305 368
 8
 39 64 67 176 185 308 316 368
 6
 12 36 62 192 194 223
 5
 10 60 63 106 322
 9
 99 125 218 246 262 275 320 330 364
