 200 212
 1 1 1 1 1 1 1 1 1 1 1 1 
 2 2 2 2 2 2 2 2 2 2 2 2 
 2 2 2 3 3 3 3 3 3 3 3 3 
 3 3 3 3 3 3 4 4 4 4 4 4 
 4 4 4 4 4 4 4 4 5 5 5 5 
 5 5 5 5 5 6 6 6 6 6 6 6 
 6 6 6 6 7 7 7 7 7 7 7 7 
 7 7 7 8 8 8 8 8 8 8 8 8 
 9 9 9 9 9 9 9 10 10 10 10 10 
 10 10 11 11 11 11 11 11 11 12 12 12 
 12 12 12 12 12 12 12 12 13 13 13 13 
 13 13 14 14 14 14 14 14 14 14 14 14 
 15 15 15 15 15 15 15 15 15 15 15 16 
 16 16 17 17 18 18 18 18 18 18 19 19 
 19 19 20 20 20 20 20 20 21 21 22 22 
 22 22 23 23 23 23 24 24 24 24 24 24 
 25 25 25 26 26 26 27 27 27 28 28 28 
 29 29 31 32 32 35 39 39 
 10
 41 79 85 96 136 159 162 182 203 209
 9
 2 21 47 93 98 121 162 183 205
 13
 1 33 49 51 53 111 132 133 138 146 169 177 
 181
 8
 1 37 77 121 145 152 161 179
 14
 9 13 35 68 77 85 112 114 147 153 195 198 
 199 207
 11
 15 32 49 53 55 79 87 108 115 170 183
 8
 69 79 110 128 136 150 181 200
 11
 71 116 132 140 148 189 190 195 199 210 212
 15
 13 49 51 58 88 129 130 138 168 171 179 188 
 193 204 207
 13
 4 7 9 13 63 87 96 99 102 135 145 159 
 199
 8
 4 44 50 69 70 113 144 173
 20
 4 12 14 18 28 29 44 46 65 70 74 75 
 84 104 117 122 129 155 159 183
 6
 3 15 66 129 135 212
 10
 7 13 58 67 98 129 138 141 171 201
 12
 37 43 50 107 109 118 124 127 142 163 181 211 
 14
 8 24 33 44 48 69 80 104 112 139 161 173 
 186 202
 16
 9 14 30 31 64 90 105 111 124 136 147 149 
 153 159 168 186
 8
 2 78 97 103 119 141 155 171
 14
 3 11 16 24 33 62 67 69 92 127 148 153 
 156 159
 11
 31 85 96 121 135 148 159 163 165 167 196
 9
 4 43 108 118 121 161 171 180 194
 10
 60 78 112 118 145 147 151 196 202 205
 11
 24 27 33 63 64 72 85 87 169 175 197
 14
 102 106 107 109 114 128 132 135 151 159 169 176 
 207 212
 17
 39 52 74 75 88 93 113 119 144 148 149 160 
 167 168 175 199 208
 11
 18 37 38 53 73 83 136 143 152 153 181
 14
 20 23 28 31 66 87 94 95 104 133 171 190 
 203 205
 10
 8 76 106 115 130 132 150 177 178 197
 13
 14 36 38 68 71 72 77 89 92 98 106 107 
 142
 12
 68 82 109 111 121 168 180 188 193 198 199 200 
 11
 7 15 22 52 68 114 126 132 160 162 207
 15
 1 2 3 14 20 33 36 81 99 111 118 132 
 150 161 202
 15
 4 7 51 53 83 88 105 112 139 169 174 181 
 199 200 210
 7
 47 51 80 147 157 162 201
 6
 41 45 95 139 169 171
 13
 14 24 28 31 77 88 89 104 111 134 172 193 
 207
 16
 83 89 96 101 119 137 139 150 169 177 183 188 
 189 201 202 206
 15
 3 48 55 64 71 72 86 97 130 172 181 186 
 187 202 208
 10
 9 10 68 84 110 131 147 170 184 190
 15
 43 52 78 97 100 102 117 118 126 136 165 173 
 188 194 208
 14
 7 14 34 43 44 48 73 89 107 119 136 172 
 199 211
 9
 63 97 113 114 119 167 193 197 206
 14
 16 46 57 75 80 82 96 100 122 131 163 184 
 207 210
 12
 28 43 70 92 105 125 127 146 147 152 169 191 
 12
 8 13 14 28 71 73 116 151 162 179 196 206 
 11
 3 23 27 73 89 119 145 150 159 187 196
 11
 6 15 29 62 83 111 121 161 166 170 183
 8
 66 82 137 175 180 186 191 212
 13
 5 15 17 49 70 89 126 148 161 163 167 180 
 186
 8
 17 20 48 100 157 163 170 181
 16
 10 23 35 36 67 84 105 113 120 131 142 145 
 151 152 164 188
 11
 51 62 79 126 146 175 176 190 191 194 209
 13
 19 20 29 32 34 80 103 112 126 137 175 195 
 205
 15
 5 20 40 81 91 106 116 119 121 137 145 164 
 194 206 209
 12
 58 61 70 71 119 143 149 174 203 208 210 211 
 12
 22 72 79 94 104 105 119 126 149 150 152 159 
 11
 60 80 112 122 146 170 171 178 181 188 194
 15
 57 69 91 114 115 118 135 137 141 160 161 169 
 174 180 191
 10
 52 85 123 138 139 147 174 184 201 208
 9
 22 58 61 81 101 132 187 202 206
 13
 15 17 23 27 50 62 80 83 129 163 179 194 
 212
 8
 2 7 8 91 102 142 157 182
 15
 6 39 47 79 87 123 131 159 165 172 174 182 
 185 201 208
 14
 32 33 43 51 73 123 133 143 144 150 161 162 
 168 202
 11
 10 15 34 49 64 72 73 88 91 120 184
 9
 14 31 39 78 98 166 184 197 199
 8
 18 37 67 84 145 160 176 193
 18
 19 34 37 65 76 78 79 81 104 118 124 137 
 154 178 179 192 199 207
 8
 29 38 65 85 98 131 172 202
 9
 1 10 54 70 81 94 150 170 186
 9
 15 19 35 45 103 125 163 180 187
 13
 16 17 18 39 58 81 97 111 124 133 137 154 
 197
 6
 23 31 81 111 165 196
 8
 6 53 78 119 159 192 208 211
 11
 2 13 29 32 42 71 75 83 86 120 204
 11
 2 6 13 25 29 46 55 63 99 144 195
 11
 13 60 90 111 131 136 141 144 163 188 195
 11
 5 36 44 53 88 112 119 147 200 202 205
 14
 17 28 39 49 53 93 97 130 139 146 148 158 
 189 196
 12
 51 57 98 107 108 117 164 173 196 197 198 203 
 9
 9 18 19 26 73 146 170 187 208
 19
 3 7 18 25 45 48 70 75 76 86 99 100 
 103 116 118 143 157 198 203
 10
 13 44 74 94 100 102 119 132 146 175
 17
 11 17 35 47 61 66 68 74 77 78 95 134 
 163 171 189 190 193
 9
 8 61 81 93 95 109 173 187 206
 10
 11 40 116 118 122 149 163 179 189 196
 6
 8 68 80 100 154 201
 16
 15 41 42 46 49 59 71 85 86 97 126 130 
 168 175 186 189
 13
 2 20 32 62 77 83 112 113 118 119 159 177 
 197
 13
 26 44 46 55 56 59 119 129 133 144 156 184 
 211
 12
 1 3 43 56 62 63 71 75 86 92 148 188 
 9
 5 37 41 93 145 162 172 193 209
 7
 16 65 70 79 104 128 164
 10
 12 18 35 45 87 156 162 196 210 211
 9
 9 35 46 57 81 92 111 132 151
 8
 9 43 80 123 145 149 157 162
 11
 17 48 64 80 87 101 106 160 178 194 204
 6
 4 60 67 163 172 187
 13
 11 20 46 84 98 104 111 113 115 135 148 208 
 211
 11
 15 27 34 69 97 99 128 140 164 169 208
 10
 5 7 46 91 160 183 194 197 198 204
 9
 6 88 96 118 151 184 186 200 207
 11
 22 34 74 77 104 134 164 170 178 179 196
 14
 8 14 15 19 29 59 100 109 118 167 173 177 
 183 190
 12
 20 28 57 59 86 90 95 106 122 144 173 174 
 9
 11 78 87 92 93 130 137 202 204
 9
 1 2 19 35 86 112 162 164 207
 11
 1 29 68 91 108 110 113 116 137 161 182
 5
 3 33 88 146 166
 13
 1 4 15 57 76 77 119 125 129 133 146 168 
 196
 6
 57 81 116 126 187 194
 12
 21 52 54 55 68 113 149 154 156 170 185 203 
 12
 38 82 90 94 109 134 148 153 155 172 179 208 
 13
 2 34 70 72 79 89 90 91 112 135 151 201 
 205
 14
 57 96 109 113 114 131 147 151 170 190 199 207 
 208 209
 13
 28 47 60 66 69 95 108 120 124 130 142 203 
 210
 15
 36 97 98 117 123 128 133 139 142 150 155 171 
 176 179 193
 13
 6 9 14 16 21 29 58 89 99 105 122 180 
 194
 9
 26 66 112 163 166 177 178 187 194
 7
 20 47 93 97 140 167 180
 16
 24 29 30 53 57 67 90 116 124 128 131 141 
 161 184 188 209
 12
 14 28 30 51 64 76 106 107 115 127 196 208 
 12
 3 39 52 100 113 127 135 138 149 160 181 187 
 10
 105 107 120 134 185 192 198 202 210 211
 14
 16 38 62 66 69 84 99 132 141 172 177 184 
 187 202
 7
 4 28 72 84 92 106 210
 11
 3 37 43 70 90 102 107 129 138 155 192
 10
 4 32 34 38 51 159 171 182 196 200
 12
 7 30 35 43 60 62 108 129 143 172 183 200 
 14
 58 66 89 100 129 142 158 159 164 166 187 194 
 201 205
 8
 2 5 59 69 156 160 165 185
 8
 1 35 47 66 158 159 185 212
 13
 12 19 32 48 66 69 85 101 130 152 156 185 
 203
 9
 17 67 73 78 82 102 152 162 193
 12
 40 61 79 82 85 114 118 125 172 191 193 200 
 15
 36 45 56 83 86 99 117 119 120 131 140 194 
 196 197 210
 14
 13 30 59 61 88 95 106 124 154 161 178 184 
 207 209
 9
 1 21 38 44 111 115 158 176 183
 10
 28 30 68 70 82 105 111 117 187 197
 14
 40 50 54 72 77 87 115 122 152 162 167 190 
 193 209
 21
 8 28 30 34 58 68 89 106 120 121 124 132 
 149 161 191 196 198 203 205 206 210
 8
 3 6 94 140 148 167 198 210
 17
 4 13 50 52 60 69 88 101 120 121 123 125 
 131 140 152 195 200
 9
 10 13 18 65 93 165 191 207 209
 13
 13 22 29 78 79 101 113 116 125 129 139 141 
 210
 13
 16 58 69 79 110 118 131 150 167 171 177 178 
 200
 17
 32 58 91 92 106 115 118 123 127 135 145 162 
 188 201 203 205 211
 8
 32 45 48 67 80 177 178 181
 11
 46 67 127 139 140 147 166 168 173 174 195
 14
 5 21 49 50 60 61 121 141 143 161 176 185 
 186 189
 13
 37 59 74 90 121 123 136 160 183 193 197 203 
 210
 10
 23 27 41 92 95 99 105 112 159 210
 9
 19 98 105 125 138 140 171 197 202
 14
 4 5 30 73 90 98 115 131 162 171 180 184 
 205 209
 10
 80 81 91 99 127 136 158 194 200 204
 10
 8 45 47 84 96 102 117 128 134 212
 13
 30 48 78 117 122 146 147 151 156 165 178 180 
 211
 10
 16 19 32 33 88 112 120 136 155 200
 9
 21 30 107 149 155 168 198 201 210
 12
 1 11 40 44 76 113 118 124 133 137 187 211 
 10
 14 77 121 137 154 163 165 174 175 180
 8
 32 36 54 122 143 179 182 192
 10
 56 63 67 68 78 98 125 189 193 199
 10
 5 15 16 61 71 93 159 180 187 212
 12
 31 33 36 57 59 66 82 129 159 182 183 212 
 9
 17 50 82 98 104 119 140 148 183
 14
 24 25 47 78 89 103 135 147 173 174 185 190 
 199 204
 10
 120 132 133 134 153 195 199 205 209 211
 7
 25 72 125 130 140 160 183
 9
 21 22 28 31 38 50 105 172 206
 8
 2 59 65 80 83 119 149 166
 12
 22 67 71 83 99 114 118 123 133 148 159 188 
 8
 5 13 41 49 110 123 141 151
 7
 80 108 146 164 177 184 192
 14
 6 26 44 45 57 59 67 71 83 94 119 146 
 153 207
 10
 6 31 43 114 146 173 174 177 181 204
 11
 43 45 77 111 117 120 136 155 182 183 192
 11
 4 61 66 92 108 130 142 156 182 184 196
 8
 1 18 49 136 158 189 198 210
 12
 11 43 44 84 99 145 161 174 181 182 184 207 
 8
 1 14 48 102 114 132 142 177
 8
 6 16 52 88 118 138 150 193
 11
 1 21 77 107 115 122 130 163 165 182 212
 12
 5 50 77 78 91 101 122 131 135 141 145 177 
 12
 22 34 39 40 44 80 81 135 137 143 183 193 
 8
 12 31 54 97 101 104 130 164
 8
 3 46 62 94 133 138 145 205
 6
 10 59 154 159 175 189
 10
 23 29 45 82 84 138 144 166 167 177
 17
 2 12 30 43 63 66 79 104 122 129 150 157 
 173 185 191 199 211
 15
 25 46 54 57 77 82 104 116 123 134 139 146 
 167 176 207
 10
 26 44 47 64 118 145 177 179 205 211
 13
 138 157 179 180 181 182 185 186 201 204 206 207 
 212
 10
 63 77 100 129 133 162 165 169 205 209
 10
 45 88 97 103 114 115 120 156 158 180
 10
 2 33 60 105 113 149 153 168 197 206
 13
 6 12 16 40 47 66 68 78 101 117 118 168 
 179
 9
 1 10 130 140 147 164 179 192 200
 10
 2 16 39 67 79 86 90 100 101 172
 11
 31 58 94 120 139 154 156 161 183 188 195
