 400 519
 1 1 1 1 1 1 1 1 1 1 1 1 
 1 1 1 1 1 1 1 1 1 1 1 1 
 1 1 1 1 1 1 1 1 1 1 1 1 
 1 1 1 2 2 2 2 2 2 2 2 2 
 2 2 2 2 2 2 2 2 2 2 2 2 
 2 2 2 2 2 2 2 2 2 2 2 2 
 2 2 2 2 2 2 2 3 3 3 3 3 
 3 3 3 3 3 3 3 3 3 3 3 3 
 3 3 3 3 3 3 3 3 3 3 3 3 
 3 3 3 3 3 3 3 3 4 4 4 4 
 4 4 4 4 4 4 4 4 4 4 4 4 
 4 4 4 4 4 4 4 4 4 4 4 4 
 4 4 4 4 4 4 4 4 4 4 4 4 
 5 5 5 5 5 5 5 5 5 5 5 5 
 5 5 5 5 5 5 5 5 5 5 5 5 
 5 5 5 5 5 5 5 5 5 5 5 5 
 5 5 5 5 5 5 5 5 6 6 6 6 
 6 6 6 6 6 6 6 6 6 6 6 6 
 6 6 6 6 6 6 6 6 6 6 6 6 
 6 7 7 7 7 7 7 7 7 7 7 7 
 7 7 7 7 7 7 7 7 7 7 7 7 
 7 7 7 7 7 7 7 7 7 7 7 7 
 7 7 8 8 8 8 8 8 8 8 8 8 
 8 8 8 8 8 8 8 8 8 8 8 8 
 8 8 8 8 8 8 9 9 9 9 9 9 
 9 9 9 9 9 9 9 9 9 9 9 9 
 9 9 9 9 9 9 9 9 9 10 10 10 
 10 10 10 10 10 10 10 10 10 10 10 10 
 10 10 10 10 10 10 10 10 10 10 10 10 
 10 10 11 11 11 11 11 11 11 11 11 11 
 11 11 11 11 11 11 11 11 11 11 11 11 
 11 11 11 11 12 12 12 12 12 12 12 12 
 12 12 12 12 12 12 12 12 12 12 12 12 
 12 12 12 12 12 12 12 12 13 13 13 13 
 13 13 13 13 13 13 13 13 13 13 13 13 
 13 13 13 13 13 13 13 13 13 13 14 14 
 14 14 14 14 14 14 14 14 14 14 14 14 
 15 15 15 15 15 15 15 15 15 15 15 15 
 15 15 15 15 15 15 16 16 16 16 16 16 
 16 16 16 16 16 17 17 17 17 17 17 17 
 17 17 18 18 18 18 18 18 18 18 18 18 
 19 19 19 19 19 19 19 19 20 21 21 21 
 21 21 21 21 22 22 23 23 23 23 26 29 
 30 31 33 
 10
 15 248 260 269 370 407 415 438 444 489
 10
 35 182 206 231 240 281 300 478 480 505
 8
 25 38 51 208 259 295 304 441
 9
 7 47 88 231 285 391 460 465 512
 13
 26 89 124 152 206 215 247 276 287 382 436 479 
 511
 13
 26 153 170 171 216 254 340 352 362 378 424 491 
 507
 9
 83 117 234 235 293 310 345 392 517
 13
 2 3 45 159 168 248 260 324 411 422 442 478 
 517
 12
 3 55 84 119 166 167 231 256 304 408 455 507 
 15
 4 46 59 154 180 238 241 264 277 309 375 403 
 411 502 504
 15
 47 107 177 233 253 315 347 352 363 378 389 398 
 402 413 470
 9
 43 61 114 131 247 370 397 420 487
 6
 3 40 95 351 357 435
 12
 2 74 127 128 184 205 237 281 340 354 412 470 
 11
 2 46 160 207 270 309 326 378 382 407 446
 11
 12 148 186 201 264 272 305 351 371 375 461
 11
 49 52 70 109 183 237 256 384 404 427 439
 10
 55 63 136 230 241 323 347 360 363 516
 11
 83 87 201 213 245 311 331 349 362 371 468
 13
 33 68 80 101 158 299 392 415 420 422 459 494 
 497
 8
 17 33 87 146 188 352 488 501
 9
 33 157 181 229 432 447 477 495 514
 12
 45 99 133 262 266 292 296 315 334 336 358 495 
 6
 40 116 216 413 474 495
 7
 81 123 220 364 417 464 487
 16
 119 122 166 167 235 246 261 278 322 329 339 352 
 400 447 482 501
 14
 1 3 7 56 105 114 202 259 331 343 359 451 
 504 506
 6
 78 99 303 356 428 489
 16
 30 84 122 139 153 271 282 303 326 345 364 408 
 435 449 495 502
 8
 10 12 49 51 324 421 500 503
 13
 18 46 58 66 89 127 218 255 309 321 358 484 
 507
 16
 10 79 95 119 121 256 257 260 280 295 314 362 
 384 429 462 506
 9
 141 161 239 361 374 377 389 403 430
 11
 3 59 127 160 184 196 295 306 355 368 420
 9
 70 90 161 163 171 189 452 511 518
 8
 21 86 265 268 356 362 379 445
 9
 159 205 233 317 327 416 488 504 518
 17
 34 39 164 202 214 220 242 253 261 307 332 427 
 442 455 462 464 489
 16
 59 81 125 162 165 173 242 244 259 270 285 300 
 323 485 488 492
 7
 8 62 108 152 315 364 518
 14
 121 180 186 207 217 242 278 288 406 407 474 475 
 498 508
 15
 28 53 55 62 81 96 213 227 241 275 302 322 
 403 428 432
 14
 117 134 159 176 180 209 249 252 257 267 328 422 
 450 517
 12
 38 48 66 69 80 136 204 214 322 351 389 506 
 9
 33 214 235 242 279 286 288 430 516
 12
 58 84 221 224 274 296 303 309 456 502 507 519 
 14
 53 141 210 216 299 317 362 371 442 450 456 465 
 471 495
 14
 80 198 202 257 293 303 327 387 392 393 408 409 
 502 512
 10
 125 148 184 194 236 385 473 476 483 498
 14
 13 23 97 139 154 292 321 357 380 382 431 440 
 467 493
 10
 5 11 199 328 336 353 382 432 451 485
 9
 44 48 120 243 282 291 298 435 441
 13
 94 96 180 248 276 283 358 368 374 386 395 458 
 509
 16
 131 185 213 215 231 309 311 385 409 438 450 457 
 460 469 511 514
 11
 236 259 283 342 460 477 489 504 505 510 514
 8
 98 150 158 202 328 384 449 502
 11
 6 53 64 83 223 233 300 413 452 453 479
 12
 84 161 201 264 310 321 352 387 409 445 478 483 
 12
 47 58 90 137 140 158 231 239 274 379 497 503 
 10
 48 234 295 348 431 432 433 448 463 490
 17
 22 32 35 82 126 130 137 172 179 231 242 378 
 421 437 445 451 474
 14
 4 93 131 132 168 172 322 365 431 437 449 452 
 480 505
 10
 1 8 15 44 84 113 135 249 320 407
 13
 61 76 84 118 128 144 163 200 330 426 457 487 
 504
 15
 19 38 46 59 93 144 154 167 253 311 379 396 
 406 447 493
 11
 6 15 28 88 104 163 165 239 268 384 445
 8
 16 54 80 158 243 306 338 370
 7
 32 79 81 158 172 275 422
 14
 20 80 138 166 213 223 235 244 246 278 316 325 
 351 503
 13
 5 9 57 120 164 166 203 246 302 409 449 505 
 506
 5
 40 65 86 119 469
 15
 89 101 193 226 233 282 306 324 332 338 395 406 
 433 485 491
 10
 19 25 28 68 82 85 292 295 434 502
 8
 158 281 382 391 479 481 488 505
 7
 126 237 296 351 423 437 472
 12
 26 48 86 168 289 318 382 391 432 458 497 507 
 8
 60 85 99 198 309 385 496 519
 18
 6 80 81 109 182 184 250 251 269 303 346 365 
 367 434 444 445 489 519
 15
 44 45 62 118 147 150 267 292 376 377 385 395 
 453 458 500
 14
 30 32 40 128 132 169 201 285 296 297 300 362 
 454 516
 8
 37 46 111 137 181 193 455 466
 11
 70 88 102 113 204 290 301 360 367 381 393
 15
 21 63 65 171 256 285 298 311 326 329 344 393 
 448 474 517
 16
 33 84 86 107 108 115 128 164 174 210 298 360 
 377 384 402 511
 4
 331 509 515 516
 11
 9 117 178 299 330 337 354 406 437 464 484
 15
 45 85 119 128 258 262 271 351 369 379 485 489 
 490 512 518
 11
 69 148 300 331 335 367 377 382 383 438 487
 15
 36 123 168 201 225 250 258 272 285 351 353 362 
 386 493 517
 14
 17 123 159 167 204 211 230 275 312 354 371 393 
 412 440
 9
 10 221 245 252 287 324 417 441 502
 8
 18 45 71 99 179 284 414 497
 10
 41 263 362 363 383 485 494 502 503 511
 11
 16 75 91 139 281 324 352 386 443 448 510
 9
 31 42 160 168 206 232 419 469 517
 13
 7 29 42 71 146 181 263 298 322 347 408 488 
 508
 12
 13 86 129 203 212 354 414 436 450 472 491 500 
 10
 8 54 57 123 175 320 407 409 437 502
 10
 28 189 231 251 293 345 366 380 411 494
 14
 98 115 134 142 200 254 308 319 322 365 388 426 
 435 459
 21
 43 60 95 115 118 199 209 231 273 295 302 304 
 322 346 353 359 369 405 412 432 501
 13
 60 120 127 129 187 224 306 334 338 436 457 501 
 515
 11
 23 46 168 181 302 314 324 389 390 486 512
 18
 139 157 197 238 266 289 310 316 318 343 367 410 
 424 447 454 457 483 511
 6
 237 381 402 473 511 519
 9
 9 97 130 222 254 313 354 470 506
 11
 19 106 251 276 299 300 397 430 431 442 455
 16
 1 6 50 62 65 75 170 262 265 276 305 393 
 467 484 496 504
 8
 57 190 202 331 391 418 466 496
 6
 41 120 168 273 482 516
 10
 12 50 134 176 204 257 343 411 502 503
 9
 171 298 301 392 394 429 469 487 499
 10
 5 29 69 80 104 123 165 171 289 445
 12
 41 79 176 252 271 286 325 331 366 406 474 518 
 12
 19 29 55 148 153 243 244 267 337 377 380 453 
 10
 49 88 121 129 132 141 346 381 494 495
 15
 14 24 50 68 80 101 136 160 233 303 416 456 
 468 505 519
 13
 40 63 95 159 210 258 301 316 353 439 467 486 
 517
 9
 66 84 124 126 157 227 307 333 493
 7
 57 67 88 245 273 336 355
 13
 44 51 81 104 149 169 201 224 366 411 414 420 
 445
 10
 11 115 182 237 239 240 288 305 446 469
 12
 82 111 182 218 299 325 360 365 396 410 411 429 
 14
 41 56 114 212 263 301 359 391 418 440 451 474 
 510 518
 14
 67 133 143 175 204 221 227 280 307 379 452 462 
 493 501
 7
 27 131 135 206 207 248 473
 19
 5 23 35 60 80 84 103 104 172 174 175 183 
 236 279 339 379 395 407 509
 9
 18 92 94 111 313 406 445 461 518
 15
 2 16 66 87 203 243 273 383 394 413 433 436 
 461 463 466
 9
 62 76 273 312 348 357 366 377 421
 10
 89 118 183 205 226 329 365 439 468 480
 13
 4 14 40 52 105 120 156 210 382 410 419 483 
 512
 13
 52 100 138 230 271 304 341 428 434 479 495 501 
 516
 8
 4 78 241 342 351 412 439 468
 16
 88 150 158 217 232 274 386 406 440 447 459 471 
 477 486 509 512
 10
 46 90 230 240 289 357 397 400 428 493
 7
 22 49 138 164 205 384 420
 11
 36 86 97 112 218 352 373 388 409 425 460
 13
 32 58 60 81 104 247 298 353 356 399 441 475 
 512
 17
 52 53 54 81 85 102 192 214 235 328 332 351 
 394 412 475 484 498
 11
 43 154 182 196 267 341 375 377 445 463 464
 6
 17 27 161 216 408 499
 20
 36 43 45 70 81 96 125 126 175 193 206 242 
 275 335 357 379 415 423 452 466
 15
 11 52 87 123 126 155 158 159 161 211 216 231 
 277 306 382
 12
 14 43 65 76 146 272 312 319 384 385 395 447 
 18
 12 42 73 75 78 127 132 207 323 329 335 354 
 359 387 433 450 468 500
 11
 9 42 47 70 88 91 235 400 473 483 507
 15
 36 55 64 119 147 151 242 283 300 345 390 398 
 405 486 509
 9
 20 24 58 61 98 131 168 189 429
 11
 16 93 108 152 177 195 214 325 479 494 496
 9
 40 122 201 267 277 317 435 458 474
 9
 41 69 247 319 328 334 442 458 466
 6
 10 15 189 278 322 519
 12
 68 320 330 361 390 453 476 481 491 496 506 518 
 16
 3 30 42 83 169 254 308 335 380 390 392 414 
 467 487 509 515
 7
 6 97 188 279 405 410 415
 14
 44 56 59 127 130 162 203 261 287 318 453 483 
 488 498
 14
 2 158 278 296 305 308 323 349 366 430 438 446 
 465 506
 10
 48 86 146 160 162 231 295 412 421 508
 8
 47 124 134 157 233 249 324 512
 11
 92 101 136 143 234 261 304 336 349 481 519
 9
 121 157 194 228 310 321 327 372 386
 15
 60 102 162 174 203 225 234 244 351 352 369 370 
 380 451 476
 8
 2 175 296 337 380 431 470 480
 13
 8 43 108 185 232 234 247 267 279 373 417 436 
 484
 10
 2 29 50 86 273 297 367 405 445 508
 13
 21 59 93 177 185 222 236 295 389 393 413 477 
 513
 12
 34 155 171 204 219 222 264 294 321 338 359 449 
 11
 51 230 232 234 236 330 337 386 456 488 494
 8
 12 161 175 187 271 365 378 418
 11
 34 169 220 271 299 326 363 393 427 456 494
 13
 10 12 149 159 179 205 248 381 407 434 474 501 
 502
 14
 64 72 107 119 129 158 183 267 332 342 378 430 
 452 463
 15
 35 40 78 83 161 166 208 209 302 311 390 436 
 452 485 489
 12
 11 85 110 207 240 358 380 484 502 506 508 510 
 7
 5 102 120 196 215 414 453
 12
 15 17 18 37 67 82 127 146 266 278 343 356 
 7
 145 214 454 475 500 507 515
 9
 1 42 132 172 211 216 219 250 347
 13
 2 5 25 26 88 212 295 301 313 322 331 440 
 477
 9
 14 32 37 125 408 470 504 507 508
 9
 26 54 160 239 254 294 380 383 446
 21
 23 65 74 143 148 186 217 246 259 279 326 340 
 352 356 375 388 389 458 466 474 518
 17
 1 15 21 32 44 63 107 116 247 273 289 354 
 427 441 454 498 503
 5
 24 117 118 133 378
 9
 35 54 100 140 271 399 405 433 501
 19
 5 19 42 80 82 92 105 135 144 150 241 314 
 332 382 419 465 470 480 484
 8
 40 82 163 238 347 401 427 432
 12
 4 135 147 169 170 218 243 246 302 341 357 511 
 6
 19 22 237 379 415 447
 7
 2 41 165 275 323 337 490
 14
 2 12 21 53 245 275 361 432 436 439 456 489 
 496 498
 17
 40 47 57 99 100 118 125 145 168 237 296 377 
 378 400 405 431 469
 13
 2 8 27 31 34 155 277 279 368 500 504 511 
 518
 16
 57 82 148 180 189 192 239 314 332 389 396 407 
 430 455 486 519
 14
 9 43 52 56 90 105 158 174 175 209 243 247 
 301 412
 11
 79 173 215 306 323 358 364 436 446 480 502
 10
 6 54 93 280 297 381 408 411 432 448
 9
 92 272 326 337 339 425 494 515 517
 7
 42 57 233 313 447 487 488
 10
 53 67 163 173 252 270 286 456 478 488
 12
 3 23 95 110 203 207 324 359 384 483 486 512 
 12
 119 162 277 379 392 396 417 446 461 484 508 515 
 21
 46 48 63 75 76 85 89 103 107 143 178 190 
 249 401 460 464 476 481 495 513 518
 9
 18 28 114 130 140 215 422 424 463
 10
 104 164 223 352 369 415 426 441 448 471
 13
 202 269 327 369 422 423 440 451 474 498 500 511 
 517
 14
 1 77 83 151 188 255 267 299 356 371 412 416 
 423 491
 12
 36 64 65 109 121 166 176 208 385 476 499 513 
 12
 123 150 203 269 295 297 334 348 403 415 429 457 
 11
 63 85 170 190 199 208 286 465 501 511 513
 14
 10 58 165 212 279 291 320 326 331 345 405 428 
 463 502
 12
 103 197 233 268 271 303 425 448 478 481 508 511 
 10
 5 26 82 99 251 324 394 476 477 496
 8
 19 30 223 272 308 419 424 514
 10
 14 27 118 220 295 299 325 374 496 510
 18
 31 41 45 55 61 83 100 103 201 236 267 288 
 299 316 341 445 465 516
 14
 77 126 129 143 165 194 269 274 355 387 419 426 
 478 496
 13
 12 14 121 131 181 187 224 237 366 416 419 465 
 509
 10
 10 73 230 280 289 326 343 358 371 476
 13
 73 80 94 99 117 172 208 235 358 405 420 462 
 498
 12
 67 127 132 234 253 315 368 375 432 442 445 459 
 9
 1 3 56 78 121 249 331 411 493
 10
 20 86 103 129 134 152 248 414 422 463
 13
 25 41 82 127 169 195 208 220 221 379 435 454 
 455
 9
 117 178 216 262 329 445 494 506 510
 14
 84 106 113 126 195 211 232 243 282 302 474 479 
 508 514
 11
 11 137 163 222 284 298 336 398 439 464 491
 11
 53 141 161 215 258 276 318 356 370 377 384
 12
 3 51 90 147 157 160 173 257 286 345 373 395 
 12
 47 136 164 309 315 329 331 414 432 443 455 495 
 11
 11 14 46 77 87 144 210 248 355 372 477
 17
 64 73 160 225 232 305 330 333 354 376 418 457 
 463 466 486 508 514
 10
 8 13 19 110 117 160 236 420 469 513
 9
 46 87 165 170 211 245 270 431 451
 9
 66 160 238 265 351 405 462 466 493
 14
 50 51 74 146 228 279 284 312 319 363 406 417 
 478 503
 12
 1 3 69 137 212 249 280 324 364 367 390 415 
 13
 16 17 105 110 128 157 230 261 285 318 355 434 
 454
 17
 10 54 86 90 119 141 163 269 274 341 397 405 
 409 434 448 477 515
 16
 59 92 108 135 187 213 255 305 323 336 367 369 
 406 410 454 507
 11
 7 106 134 138 149 286 308 319 388 460 463
 8
 3 27 129 213 298 387 399 448
 13
 11 49 61 85 112 122 159 171 207 296 336 432 
 459
 12
 4 42 65 204 219 394 396 461 464 466 493 515 
 11
 45 218 227 250 348 349 350 426 434 472 509
 14
 82 211 230 264 268 323 325 340 343 399 411 464 
 495 503
 14
 43 47 71 232 265 267 273 301 361 414 445 475 
 518 519
 7
 7 94 121 125 136 377 411
 7
 17 101 130 270 381 444 467
 8
 13 17 120 126 191 298 353 373
 7
 62 93 123 226 330 334 506
 10
 6 15 43 157 312 320 377 427 451 504
 13
 96 126 139 224 241 283 376 387 399 411 429 434 
 502
 14
 6 18 41 125 157 201 208 247 333 425 436 468 
 482 485
 9
 83 210 283 316 328 385 392 422 517
 10
 44 88 179 234 240 308 353 387 410 444
 9
 7 96 113 167 229 255 263 317 405
 14
 9 31 50 55 99 135 214 219 237 405 408 409 
 410 454
 9
 25 28 43 152 222 381 433 447 487
 7
 81 100 102 120 271 378 421
 12
 23 53 118 167 270 295 339 341 383 424 490 512 
 13
 98 126 133 145 149 179 208 214 303 430 470 488 
 494
 13
 50 85 117 160 203 250 283 285 291 351 363 476 
 503
 16
 20 48 55 95 125 135 170 221 222 250 274 330 
 340 429 508 509
 9
 61 159 244 284 372 384 401 480 513
 15
 1 24 87 124 126 129 203 234 304 368 417 443 
 481 514 516
 12
 44 128 169 178 211 237 260 314 326 345 367 434 
 11
 2 33 49 83 131 177 297 307 344 435 497
 15
 8 52 166 168 192 283 307 362 394 408 442 446 
 447 450 504
 12
 38 129 189 324 327 364 369 392 413 435 450 484 
 10
 52 82 159 195 198 206 245 408 466 467
 12
 40 128 165 357 410 418 420 426 432 438 467 504 
 15
 6 7 118 131 310 314 327 341 363 386 388 417 
 432 437 478
 14
 1 48 77 91 120 267 288 311 332 363 437 482 
 504 510
 10
 59 129 149 164 210 224 225 236 464 493
 13
 58 112 221 234 235 241 295 307 386 417 431 445 
 497
 14
 113 124 218 287 294 301 312 324 391 416 504 505 
 517 518
 9
 6 56 124 219 295 297 338 434 498
 21
 45 53 87 144 169 204 240 243 308 323 342 356 
 357 358 416 433 455 466 485 511 512
 15
 29 44 64 82 98 101 134 171 202 203 282 284 
 372 412 465
 14
 39 68 164 220 232 238 255 270 351 353 361 365 
 409 426
 16
 127 170 206 229 248 252 326 339 351 354 412 416 
 423 443 448 486
 14
 1 7 94 106 112 132 136 253 290 304 308 344 
 439 486
 15
 42 60 66 68 183 201 303 350 355 384 407 419 
 431 485 497
 15
 20 24 60 166 173 205 238 268 323 328 337 342 
 383 423 433
 8
 122 164 167 239 294 313 344 383
 8
 4 73 162 295 418 438 446 511
 3
 7 124 201
 13
 74 92 153 244 317 378 402 419 426 449 478 479 
 488
 11
 67 100 145 158 163 185 265 341 482 483 490
 12
 67 89 121 127 217 233 356 400 437 447 451 506 
 14
 132 151 166 184 238 244 320 364 371 372 396 457 
 499 512
 10
 13 94 157 161 201 270 333 410 450 506
 7
 108 199 286 343 465 475 516
 14
 21 102 129 138 178 179 213 278 290 298 316 317 
 368 389
 9
 1 72 80 118 192 195 239 270 284
 12
 94 119 147 235 254 287 297 333 339 441 491 507 
 13
 122 165 167 187 319 325 349 382 406 465 468 480 
 516
 13
 41 54 59 85 140 160 217 271 361 377 422 438 
 470
 12
 58 151 190 295 296 302 306 311 450 453 493 514 
 12
 3 49 64 94 125 142 193 201 230 238 272 281 
 8
 31 140 157 204 322 336 366 508
 10
 50 95 122 142 281 322 354 390 417 490
 10
 24 61 140 165 236 241 329 443 446 502
 18
 5 9 49 72 92 98 109 204 209 226 245 256 
 270 330 365 476 484 511
 18
 37 66 71 91 145 162 173 206 277 309 365 380 
 405 406 409 418 439 509
 16
 12 49 50 54 90 133 183 191 255 262 296 325 
 421 431 436 495
 7
 98 251 276 334 351 455 495
 7
 86 92 124 197 251 376 459
 5
 96 340 434 446 449
 13
 65 85 87 88 91 133 142 143 246 326 404 464 
 498
 10
 23 46 91 120 136 141 450 468 503 519
 14
 25 89 133 187 202 205 269 296 339 385 416 485 
 492 502
 6
 22 117 274 364 509 519
 5
 7 210 413 424 477
 10
 47 54 56 77 83 257 269 280 344 449
 11
 118 156 204 244 323 328 385 415 421 453 475
 11
 41 96 125 130 138 205 209 323 376 388 424
 14
 6 11 109 162 203 268 288 297 322 359 433 447 
 483 510
 12
 4 8 14 80 101 157 250 251 252 307 471 502 
 9
 41 89 194 260 275 300 303 355 493
 10
 13 57 85 117 134 236 301 475 499 501
 10
 21 106 159 185 193 268 275 310 358 363
 16
 22 40 117 128 131 140 162 169 209 223 242 284 
 337 360 456 510
 13
 118 125 230 287 290 398 431 433 448 491 496 510 
 519
 6
 4 103 130 329 446 481
 10
 7 51 74 92 225 244 383 397 412 446
 14
 62 81 91 139 157 188 232 300 428 451 459 484 
 494 511
 14
 167 231 245 389 393 404 449 458 463 465 482 503 
 517 519
 12
 27 80 95 162 297 306 323 338 377 432 474 499 
 14
 27 58 81 158 163 202 204 230 352 355 433 441 
 443 476
 8
 162 250 329 414 443 444 493 512
 16
 4 5 72 111 131 139 206 220 224 228 280 360 
 374 380 440 505
 11
 29 123 233 234 258 268 408 440 487 503 512
 14
 75 90 114 144 160 173 190 201 269 370 373 424 
 431 444
 10
 64 87 307 312 340 344 413 436 451 487
 10
 8 10 91 97 235 240 267 335 385 438
 8
 93 96 142 158 328 421 479 483
 15
 116 120 161 177 196 211 253 255 268 291 315 317 
 324 474 514
 14
 20 110 176 231 271 291 358 372 380 435 439 450 
 497 516
 11
 42 87 117 135 246 274 305 379 449 492 502
 14
 31 97 122 155 209 281 406 423 440 459 468 475 
 505 511
 8
 132 177 350 357 391 401 405 491
 12
 15 94 139 161 231 386 448 454 464 472 490 503 
 12
 49 56 184 218 273 336 414 441 452 463 471 474 
 8
 121 124 361 398 423 427 505 506
 11
 13 30 159 188 205 207 223 290 305 366 519
 16
 93 98 202 230 277 327 333 346 390 473 478 481 
 489 492 499 500
 11
 71 97 236 241 300 337 425 428 446 448 512
 9
 5 69 73 117 333 418 471 483 499
 22
 83 105 172 191 192 194 210 259 270 277 310 323 
 347 349 361 401 446 471 472 478 484 494
 15
 17 100 130 218 219 221 256 274 330 333 338 383 
 388 418 437
 13
 48 130 217 226 272 329 361 390 414 419 461 494 
 510
 17
 44 83 84 91 133 163 169 223 239 243 281 299 
 353 359 394 463 496
 11
 141 176 201 230 241 298 386 445 455 460 488
 7
 25 55 70 101 232 272 297
 14
 84 121 212 213 243 313 360 381 479 482 493 505 
 510 518
 7
 60 142 165 238 314 338 359
 18
 56 176 186 188 226 242 354 360 368 378 408 413 
 438 439 469 471 485 493
 6
 24 100 258 278 447 460
 9
 72 222 232 306 374 386 395 406 415
 5
 51 240 335 446 517
 13
 178 186 253 297 342 419 420 461 463 467 468 475 
 490
 21
 55 122 128 145 156 161 206 211 240 276 304 318 
 353 355 413 435 474 476 480 485 500
 11
 48 81 191 238 276 314 335 355 402 479 490
 7
 69 325 342 348 409 483 492
 7
 26 130 293 330 360 369 513
 16
 52 124 164 207 296 313 332 350 355 370 388 396 
 403 435 486 497
 12
 4 8 34 42 162 252 322 400 410 486 495 507 
 17
 81 128 137 149 170 228 249 327 334 359 376 387 
 444 472 486 489 491
 14
 50 62 90 167 181 209 268 302 304 322 346 452 
 475 494
 10
 45 47 48 52 71 122 219 381 425 457
 14
 13 37 63 84 88 138 174 180 269 282 357 391 
 428 457
 9
 51 133 182 251 282 407 462 516 518
 12
 30 47 53 90 112 119 335 346 394 410 453 484 
 18
 68 93 123 166 174 198 201 312 316 342 364 397 
 401 416 431 469 487 497
 8
 3 272 295 387 417 425 477 513
 9
 1 9 63 215 295 302 335 395 475
 11
 142 225 268 353 374 413 458 467 472 474 515
 14
 205 232 299 313 318 344 375 399 404 427 462 470 
 477 492
 7
 14 40 163 329 407 418 423
 12
 9 16 18 120 159 178 202 239 387 416 457 487 
 8
 2 82 138 164 174 269 280 485
 9
 56 89 179 180 233 378 381 431 518
 11
 4 91 102 122 144 197 340 377 380 453 496
 8
 106 123 242 328 333 442 501 513
 8
 44 205 254 325 424 472 490 515
 16
 11 22 61 111 151 157 170 172 215 217 296 327 
 332 334 434 505
 16
 16 22 28 43 89 117 147 203 217 237 267 298 
 327 328 388 507
 8
 57 62 123 137 191 296 368 436
 10
 43 72 153 212 233 310 327 425 464 518
 13
 51 61 76 118 207 385 398 421 433 449 454 459 
 517
 13
 1 107 121 173 177 275 304 334 339 377 489 504 
 505
 12
 5 16 20 124 143 240 346 381 383 388 442 481 
 14
 83 122 185 292 297 305 315 379 383 397 456 499 
 507 513
 20
 18 45 97 104 202 208 216 235 249 301 305 325 
 348 352 431 438 449 483 503 514
 8
 13 119 137 212 311 389 407 509
 6
 103 181 186 296 360 458
 13
 246 263 356 372 373 435 437 452 456 467 492 497 
 513
