 200 229
 1 1 1 1 1 1 1 1 1 1 1 1 
 1 1 1 1 1 2 2 2 2 2 2 2 
 2 2 2 2 2 2 2 2 2 2 2 2 
 3 3 3 3 3 3 3 3 3 3 3 3 
 3 3 3 3 3 3 3 3 3 3 3 3 
 3 4 4 4 4 4 4 4 4 4 4 4 
 4 4 4 4 4 4 4 4 4 4 4 5 
 5 5 5 5 5 5 5 5 5 5 5 5 
 5 5 5 5 5 5 5 6 6 6 6 6 
 6 6 6 6 6 6 6 6 6 6 6 6 
 6 6 7 7 7 7 7 7 8 8 8 8 
 8 8 8 8 8 8 8 8 8 8 8 9 
 9 9 9 9 9 9 9 9 9 9 9 9 
 9 9 9 9 9 9 9 10 10 10 10 10 
 10 10 10 11 11 11 11 11 11 11 11 11 
 11 11 11 11 12 12 12 12 13 13 13 13 
 13 13 13 13 13 14 14 14 14 14 14 15 
 15 15 15 15 16 16 17 17 17 17 18 18 
 18 20 20 20 21 21 23 25 28 29 29 29 
 33 
 7
 42 102 123 151 196 200 206
 2
 15 202
 2
 30 114
 5
 5 14 37 145 152
 6
 90 108 140 146 160 164
 6
 60 83 120 126 143 157
 7
 104 135 154 157 180 187 222
 7
 18 64 66 88 126 150 151
 6
 9 26 62 104 125 188
 4
 42 85 96 123
 7
 64 69 123 158 205 216 221
 7
 11 28 45 54 125 148 182
 8
 32 42 86 107 125 150 189 190
 5
 62 80 82 83 142
 3
 111 159 168
 1
 12
 5
 44 78 104 181 196
 8
 21 109 110 111 134 185 199 228
 5
 26 39 106 156 164
 4
 73 199 216 226
 5
 3 126 153 179 229
 4
 22 49 106 200
 5
 75 159 164 193 218
 4
 4 61 78 85
 5
 46 156 167 188 199
 3
 119 123 143
 5
 109 161 204 218 221
 6
 135 140 162 210 215 229
 4
 64 152 214 226
 3
 40 202 225
 6
 7 18 24 106 117 137
 7
 18 61 84 129 177 190 217
 4
 15 133 198 201
 4
 5 22 69 191
 7
 207 208 217 220 224 226 227
 8
 131 158 177 184 202 209 210 221
 4
 65 96 146 165
 5
 48 62 67 74 179
 3
 70 124 175
 3
 8 136 156
 5
 38 66 89 100 218
 6
 69 109 121 169 223 229
 3
 43 196 221
 4
 50 128 166 227
 4
 1 46 75 133
 4
 86 137 179 202
 5
 20 57 131 190 198
 5
 103 144 149 189 223
 4
 105 142 201 229
 9
 43 87 91 99 139 141 160 205 227
 3
 31 94 219
 4
 129 164 191 223
 4
 1 74 94 194
 3
 109 153 196
 6
 4 12 136 148 163 190
 4
 79 132 184 216
 5
 23 130 155 164 176
 3
 59 151 181
 5
 125 166 178 179 186
 4
 69 72 94 224
 5
 43 105 175 183 225
 5
 9 39 81 84 215
 9
 32 41 49 55 84 94 147 151 172
 5
 70 174 201 213 218
 8
 8 32 65 84 108 160 166 186
 5
 14 38 49 52 77
 5
 2 3 64 98 203
 2
 79 129
 6
 37 41 175 183 188 219
 4
 13 180 185 186
 1
 7
 5
 33 64 91 133 197
 1
 53
 6
 31 39 92 112 130 227
 5
 106 130 171 185 214
 7
 44 62 135 154 190 193 209
 3
 21 68 187
 6
 22 25 104 169 186 208
 5
 50 87 90 124 174
 7
 23 87 92 167 192 207 208
 6
 18 20 98 157 198 200
 3
 18 73 215
 2
 23 147
 4
 19 91 165 172
 6
 7 47 104 113 130 146
 3
 89 181 209
 3
 49 148 170
 9
 51 105 114 115 123 138 146 173 207
 8
 12 20 21 33 37 68 86 172
 5
 1 4 51 59 229
 6
 37 72 116 149 167 216
 6
 63 65 117 120 154 211
 4
 41 51 211 215
 4
 10 33 63 185
 4
 200 203 226 228
 3
 43 197 226
 3
 29 45 212
 5
 35 37 130 157 198
 7
 17 24 38 101 168 177 178
 10
 3 36 37 44 48 63 146 147 199 226
 2
 4 27
 3
 87 99 221
 7
 38 48 56 85 176 190 214
 8
 27 37 52 85 115 134 200 203
 5
 89 133 147 209 228
 8
 76 91 122 145 149 153 204 213
 6
 28 37 52 57 79 178
 6
 41 51 110 121 130 132
 4
 27 132 135 175
 5
 84 116 129 155 206
 4
 24 29 97 144
 5
 131 171 172 182 195
 4
 163 197 224 229
 5
 26 105 107 119 168
 6
 39 63 88 141 173 199
 4
 45 97 162 215
 7
 89 129 165 204 208 215 222
 4
 9 24 147 203
 5
 34 104 192 215 225
 7
 45 73 85 177 180 182 185
 8
 76 95 173 176 186 205 207 228
 3
 6 82 173
 7
 1 6 25 65 86 149 219
 8
 10 34 63 104 124 125 165 178
 8
 19 23 28 128 144 173 193 195
 7
 19 38 96 98 153 188 204
 8
 19 85 107 123 134 145 192 206
 3
 44 145 201
 4
 70 104 132 192
 5
 26 37 47 130 181
 6
 55 68 77 99 110 213
 1
 84
 5
 4 45 146 159 165
 3
 194 219 225
 4
 74 144 169 187
 5
 67 105 153 166 228
 10
 40 47 93 97 166 174 192 206 210 220
 3
 28 63 80
 5
 11 62 63 138 162
 6
 18 76 107 139 205 218
 6
 84 91 185 188 198 223
 8
 2 39 68 87 93 127 185 225
 7
 10 19 22 46 56 118 223
 4
 90 106 107 127
 4
 86 129 209 213
 5
 20 60 152 190 201
 4
 41 62 169 226
 4
 8 48 131 164
 7
 29 66 122 123 132 150 223
 5
 13 137 152 175 209
 3
 29 124 145
 6
 35 118 128 177 191 227
 6
 21 55 92 205 217 224
 8
 20 93 134 146 179 213 214 218
 7
 27 39 124 136 170 173 198
 7
 2 50 53 105 194 197 199
 4
 16 140 193 210
 3
 9 30 155
 3
 1 84 216
 5
 72 115 176 187 189
 5
 47 70 168 172 176
 12
 42 73 88 127 129 130 135 148 189 191 195 204 
 8
 20 24 50 86 144 150 191 195
 3
 2 117 219
 9
 25 36 40 66 71 126 131 152 174
 8
 21 65 67 100 119 161 167 177
 6
 44 71 108 116 174 212
 6
 18 54 58 111 144 212
 5
 84 90 134 170 225
 5
 11 93 144 164 187
 2
 178 222
 5
 2 46 112 189 209
 5
 3 62 88 92 217
 8
 38 71 148 149 172 193 198 229
 9
 23 25 46 68 77 144 202 206 211
 4
 19 30 161 219
 4
 42 132 211 229
 7
 22 90 95 145 180 192 225
 5
 66 112 113 118 209
 6
 37 62 108 172 204 214
 4
 71 139 173 212
 5
 102 131 136 220 227
 8
 5 41 69 72 85 129 175 184
 2
 75 101
 5
 6 16 172 176 205
 4
 7 88 103 144
 3
 86 89 204
 6
 37 40 67 74 189 217
 4
 58 95 194 216
 3
 85 138 150
 3
 5 8 52
 8
 6 18 37 67 78 146 147 154
 4
 31 37 40 189
 5
 53 141 155 191 227
 7
 54 56 64 113 114 156 194
 4
 65 145 186 211
 5
 123 158 183 212 228
 5
 3 105 172 174 226
 8
 43 81 133 137 145 151 204 211
 4
 21 40 104 129
