 200 185
 1 1 1 1 1 1 1 1 1 1 1 1 
 1 1 1 1 1 1 1 1 1 1 1 1 
 1 1 1 1 1 1 2 2 2 2 2 2 
 2 2 2 2 2 2 2 2 2 2 2 2 
 2 2 3 3 3 3 3 3 3 3 3 3 
 3 3 3 3 3 3 3 3 3 3 3 3 
 3 4 4 4 4 4 4 4 4 4 4 4 
 4 4 4 4 4 4 4 4 5 5 5 5 
 5 5 5 5 5 5 5 5 5 5 5 5 
 6 6 6 6 6 6 6 6 6 6 6 6 
 6 6 6 7 7 7 7 7 7 8 8 8 
 8 8 8 8 8 8 9 9 9 9 9 9 
 9 10 10 10 10 10 10 10 10 10 11 11 
 11 11 11 11 11 11 11 11 12 12 12 12 
 13 14 14 14 15 15 16 16 16 17 18 19 
 20 20 20 22 22 
 2
 69 139
 7
 22 46 102 106 114 129 184
 4
 75 83 130 146
 5
 43 144 169 171 173
 3
 20 55 76
 3
 4 141 184
 3
 32 33 92
 6
 12 61 110 115 139 141
 2
 10 11
 4
 35 70 101 158
 5
 4 6 82 173 181
 7
 32 44 75 130 146 156 177
 3
 74 75 122
 3
 130 154 176
 1
 5
 5
 10 34 94 101 184
 6
 86 128 131 142 170 175
 4
 1 34 73 81
 4
 2 3 38 91
 5
 34 35 47 120 146
 3
 74 98 107
 4
 63 68 70 166
 6
 30 39 52 56 66 153
 3
 44 124 157
 7
 2 53 80 90 96 171 175
 4
 47 60 81 86
 7
 6 56 78 101 104 117 140
 3
 48 124 155
 4
 36 94 95 172
 3
 21 37 131
 5
 41 74 152 167 172
 3
 40 142 148
 4
 7 124 139 157
 4
 6 13 42 134
 4
 12 45 89 124
 5
 78 85 96 115 121
 2
 1 16
 4
 14 20 131 176
 3
 8 110 185
 4
 17 31 126 132
 7
 24 56 65 68 84 139 150
 4
 138 173 178 182
 2
 11 103
 3
 77 171 173
 6
 54 140 163 170 176 181
 7
 72 105 112 127 167 179 181
 7
 61 81 97 119 152 173 185
 3
 77 142 144
 5
 2 36 74 97 151
 7
 10 40 46 53 149 152 170
 5
 7 71 105 106 116
 7
 32 43 65 85 167 170 181
 3
 11 77 95
 5
 5 109 138 148 169
 3
 5 17 33
 2
 16 150
 3
 50 167 169
 3
 33 135 144
 2
 19 33
 7
 66 83 98 143 145 166 175
 4
 16 51 93 159
 3
 64 107 182
 4
 13 19 52 100
 4
 52 121 125 163
 6
 25 26 33 64 104 117
 3
 75 126 184
 2
 9 86
 6
 58 114 153 156 174 179
 6
 118 127 139 183 184 185
 2
 57 131
 3
 37 99 174
 5
 24 126 147 165 179
 4
 5 27 34 149
 4
 18 37 110 112
 6
 2 18 41 84 141 180
 8
 1 25 26 51 100 111 136 174
 4
 51 58 64 75
 7
 52 67 81 93 131 134 171
 7
 67 84 94 125 167 178 179
 5
 13 34 95 162 166
 1
 71
 3
 35 79 110
 3
 81 162 178
 6
 36 56 87 97 116 175
 2
 3 88
 8
 3 5 12 55 65 96 110 160
 3
 82 97 155
 4
 1 21 131 165
 3
 59 142 146
 7
 6 33 62 100 165 170 182
 4
 54 74 181 183
 3
 108 134 159
 1
 7
 3
 19 31 62
 7
 1 32 42 57 94 109 147
 3
 1 4 125
 5
 80 90 98 160 165
 6
 36 57 113 142 148 160
 1
 119
 4
 20 61 141 159
 4
 27 39 45 76
 5
 32 55 123 131 139
 4
 99 105 136 165
 4
 4 60 170 180
 2
 2 32
 4
 40 80 89 102
 5
 54 60 61 149 173
 4
 33 41 43 45
 4
 103 128 140 158
 6
 59 99 132 135 175 181
 2
 124 184
 7
 2 15 31 102 133 147 156
 6
 101 114 115 122 141 147
 5
 40 58 78 99 143
 3
 38 88 176
 6
 53 83 88 127 136 173
 6
 17 53 71 82 109 169
 6
 15 56 64 87 158 166
 5
 3 52 77 126 182
 2
 14 95
 1
 67
 4
 11 60 111 165
 7
 161 162 164 169 172 180 182
 3
 7 31 80
 4
 46 59 179 181
 6
 34 37 75 117 122 173
 4
 38 117 133 140
 8
 29 31 52 54 75 80 96 109
 2
 1 77
 2
 3 150
 6
 13 22 35 103 127 132
 3
 21 63 143
 8
 2 38 66 121 135 144 148 155
 4
 49 78 84 139
 3
 32 53 149
 3
 23 93 147
 4
 4 37 111 156
 6
 54 55 102 120 170 173
 2
 78 95
 4
 47 99 118 128
 3
 24 51 93
 4
 74 151 157 171
 3
 120 137 181
 4
 57 134 146 183
 3
 9 132 155
 5
 94 113 116 157 177
 4
 51 93 127 176
 5
 5 74 130 150 178
 2
 8 159
 6
 44 61 66 72 76 156
 2
 93 142
 3
 111 163 164
 6
 85 93 113 132 152 158
 4
 10 55 79 178
 1
 95
 6
 119 123 135 143 148 149
 3
 17 36 180
 3
 16 90 169
 4
 39 53 149 151
 2
 92 98
 3
 130 155 185
 4
 62 69 104 125
 7
 35 77 93 139 168 181 185
 6
 3 41 76 82 96 179
 4
 12 74 158 168
 7
 31 87 130 137 140 156 179
 3
 38 89 94
 3
 100 125 154
 1
 79
 6
 153 168 169 174 177 180
 8
 8 42 126 130 143 146 155 172
 3
 4 69 182
 6
 15 28 82 124 139 141
 3
 78 124 170
 4
 63 96 147 161
 6
 23 85 130 140 145 165
 4
 111 129 148 166
 4
 18 54 110 114
 2
 59 118
 7
 83 97 98 106 112 113 155
 9
 60 67 91 109 112 133 137 161 184
 8
 3 9 34 42 51 125 132 157
 2
 14 182
 4
 94 125 133 160
 6
 7 9 76 115 151 175
 2
 161 181
 6
 39 48 70 109 175 177
 2
 6 62
 4
 63 79 87 175
 2
 73 79
 4
 58 65 93 151
 5
 15 23 31 57 59
 7
 8 14 31 32 51 55 171
 3
 86 155 168
 7
 39 56 58 76 146 166 185
 1
 1
 2
 68 179
 4
 116 133 145 159
 5
 22 83 170 181 185
 5
 134 147 150 180 183
