 200 200
 1 1 1 1 1 1 1 1 1 1 1 1 
 1 1 1 1 2 2 2 2 2 2 2 2 
 2 2 2 2 2 2 3 3 3 3 3 3 
 3 3 3 4 4 4 4 4 4 4 4 4 
 4 4 4 4 4 4 4 4 5 5 5 5 
 5 5 5 5 5 5 5 6 6 6 6 7 
 7 7 7 7 7 7 7 7 7 8 8 8 
 8 8 9 9 9 9 9 9 9 9 9 10 
 10 10 10 10 10 10 10 10 11 11 11 11 
 11 11 11 11 11 12 12 12 12 12 12 12 
 12 12 12 12 13 13 13 13 13 13 13 13 
 13 13 14 14 14 14 14 14 14 15 15 15 
 15 15 15 15 15 15 15 15 16 16 16 16 
 16 16 16 17 17 17 17 17 18 18 18 18 
 18 18 18 18 19 19 20 20 20 20 21 21 
 22 22 22 22 23 23 24 24 25 26 26 27 
 28 28 29 29 30 30 32 33 
 13
 27 29 68 82 84 86 101 127 143 156 176 195 
 199
 10
 49 91 115 129 133 156 169 182 186 195
 12
 38 47 58 62 65 69 76 115 120 135 175 192 
 6
 9 50 69 115 139 155
 10
 17 21 71 102 119 126 147 150 167 193
 11
 1 24 34 59 76 88 137 168 188 196 197
 11
 74 101 119 121 124 125 147 149 177 183 188
 10
 2 5 10 17 40 55 73 136 161 191
 10
 36 50 89 96 97 109 125 132 158 188
 6
 29 57 99 122 128 176
 11
 7 39 52 115 145 158 165 168 173 184 198
 9
 18 31 75 85 129 158 161 171 187
 15
 4 6 16 61 80 82 93 118 143 146 175 180 
 185 188 198
 12
 1 24 51 105 109 127 131 146 158 162 175 184 
 9
 23 45 52 85 135 143 154 159 185
 9
 43 46 72 107 142 166 171 185 200
 6
 12 57 68 87 91 139
 17
 22 24 28 45 56 82 90 94 110 132 161 175 
 179 181 190 195 196
 9
 2 18 28 66 71 82 114 127 140
 7
 43 57 81 95 113 155 179
 15
 7 12 17 33 69 84 97 125 128 142 146 161 
 167 179 184
 10
 4 8 31 43 68 76 115 135 136 144
 8
 15 46 56 61 95 136 146 166
 6
 19 36 50 81 116 153
 9
 59 87 95 99 129 135 161 166 197
 7
 1 3 83 115 124 127 195
 13
 4 21 26 86 90 94 120 127 128 142 162 181 
 190
 14
 19 28 35 73 78 102 106 111 142 144 145 175 
 190 193
 12
 2 18 25 27 57 96 99 103 114 133 155 157 
 8
 5 8 25 41 82 116 160 165
 8
 2 72 81 107 118 145 180 192
 12
 1 6 7 32 66 69 73 88 111 114 143 180 
 11
 2 12 23 37 63 98 108 123 149 155 172
 9
 5 6 7 8 30 48 87 114 147
 12
 20 21 23 47 54 73 77 122 125 126 174 177 
 12
 31 41 78 107 112 139 141 153 160 173 188 195 
 9
 10 17 24 26 79 83 121 149 165
 13
 17 70 100 107 114 132 140 151 159 160 163 173 
 183
 11
 74 84 93 112 146 151 160 183 184 189 196
 15
 133 152 160 171 172 174 180 182 191 192 193 194 
 196 197 199
 5
 64 89 93 130 187
 9
 1 7 21 66 70 71 90 139 143
 13
 48 53 63 101 108 112 120 124 127 177 187 193 
 199
 10
 2 17 25 32 86 87 89 115 137 172
 16
 2 17 19 22 58 85 90 93 96 98 105 128 
 137 143 162 183
 11
 6 8 88 106 110 116 131 143 145 161 175
 5
 20 117 118 147 198
 11
 9 17 49 52 66 135 146 147 161 164 174
 15
 40 42 48 59 92 99 107 113 131 161 162 168 
 192 195 200
 9
 4 31 61 62 118 130 135 167 171
 8
 31 40 47 52 65 114 117 161
 10
 9 18 20 26 27 46 87 96 143 174
 11
 18 39 55 67 73 88 106 122 156 167 198
 10
 71 82 116 123 132 137 158 179 187 198
 12
 18 40 74 77 111 131 144 153 169 188 190 195 
 8
 1 9 46 50 83 114 161 167
 10
 32 44 52 69 77 93 105 129 164 188
 11
 26 31 39 98 100 105 128 142 143 150 189
 11
 20 43 52 64 68 111 117 125 140 168 194
 16
 13 18 30 71 74 83 88 98 107 112 119 128 
 136 141 149 195
 13
 13 34 37 48 52 69 112 136 139 154 160 184 
 200
 10
 48 49 72 97 113 135 157 159 165 177
 8
 6 34 60 72 93 94 150 186
 7
 42 89 162 168 169 170 192
 13
 7 9 24 43 62 77 114 118 129 153 160 162 
 164
 6
 6 35 72 108 111 196
 13
 41 54 58 64 75 83 96 101 102 138 149 170 
 187
 10
 34 54 80 137 149 165 176 177 189 193
 14
 11 19 33 38 40 46 53 73 91 113 114 126 
 153 185
 9
 3 42 51 57 85 97 106 116 198
 14
 10 41 43 57 83 96 124 144 148 151 163 164 
 165 197
 7
 42 104 120 148 151 166 198
 15
 2 16 28 35 62 67 68 72 73 99 105 131 
 136 156 165
 11
 36 52 68 89 104 113 154 165 183 191 198
 14
 11 26 34 41 61 70 72 80 114 141 161 184 
 189 198
 8
 53 98 104 134 142 164 165 200
 7
 1 3 27 35 81 106 111
 9
 76 107 120 124 132 138 170 178 200
 8
 9 11 33 43 57 95 115 123
 10
 5 43 96 133 144 153 156 166 179 192
 13
 9 34 68 93 98 117 138 162 169 171 175 186 
 199
 15
 3 17 23 24 42 44 62 72 96 103 115 127 
 135 166 193
 13
 1 17 32 34 87 93 97 100 130 166 170 181 
 199
 9
 37 68 131 137 162 183 191 193 196
 14
 18 22 43 63 70 117 120 125 155 156 165 190 
 192 199
 13
 3 26 40 68 86 98 145 146 162 176 181 193 
 199
 12
 36 76 86 102 125 142 153 154 167 169 173 195 
 7
 58 70 110 129 168 190 197
 12
 59 75 77 106 111 115 136 138 153 154 177 184 
 11
 46 72 111 130 145 174 175 176 178 181 194
 8
 5 33 41 73 111 152 188 197
 17
 33 47 83 87 107 122 126 134 147 165 168 172 
 175 176 195 196 200
 6
 56 118 139 147 163 171
 7
 8 27 44 59 82 149 160
 12
 2 5 18 41 45 51 65 104 115 125 138 161 
 9
 33 49 54 74 118 140 145 148 198
 10
 5 12 21 79 86 112 118 127 182 197
 12
 10 84 105 107 134 135 159 164 167 179 180 199 
 10
 29 45 55 71 144 146 153 163 175 189
 6
 18 21 23 50 64 173
 5
 7 33 77 138 160
 13
 5 40 42 72 97 116 119 121 154 163 176 190 
 198
 13
 14 19 20 44 49 62 78 104 109 110 133 162 
 185
 13
 7 69 72 92 142 144 148 168 181 184 186 192 
 196
 13
 8 11 21 24 30 57 60 69 121 124 140 185 
 199
 10
 19 49 67 91 116 121 125 130 178 188
 12
 2 4 20 67 77 78 87 88 110 135 145 166 
 7
 8 14 88 126 156 168 174
 4
 1 85 116 196
 12
 36 63 79 90 97 100 117 130 140 161 187 196 
 13
 10 11 20 25 41 58 67 69 70 74 116 154 
 176
 8
 6 17 53 60 83 114 137 144
 11
 1 10 13 22 43 115 121 131 176 177 181
 10
 3 9 15 41 71 105 117 120 180 197
 11
 3 17 19 31 39 76 101 102 107 169 182
 10
 44 65 126 131 138 163 178 183 186 193
 16
 5 54 63 65 96 99 100 105 106 110 119 128 
 172 182 192 193
 10
 15 51 100 134 142 160 163 175 177 199
 9
 1 4 32 87 96 126 171 175 186
 12
 2 28 42 43 45 47 63 80 137 162 169 188 
 14
 48 50 53 60 75 94 96 98 101 116 143 182 
 190 191
 13
 3 4 33 40 49 57 87 132 144 153 160 174 
 179
 9
 10 24 60 82 94 139 148 150 197
 13
 7 22 43 45 88 103 106 117 123 142 162 177 
 179
 10
 4 10 18 57 61 90 114 153 160 167
 9
 8 15 26 58 66 118 182 188 195
 14
 97 100 102 114 116 126 145 156 157 169 194 196 
 198 200
 10
 12 35 70 89 128 136 145 159 167 196
 5
 10 31 105 130 190
 9
 18 44 56 96 98 135 179 183 187
 9
 3 18 89 90 108 114 121 151 172
 5
 51 68 139 148 185
 6
 49 82 92 147 165 185
 10
 19 32 87 96 136 155 164 174 181 196
 7
 19 88 118 151 155 179 195
 10
 12 19 68 76 99 104 186 187 194 196
 8
 3 106 146 147 151 169 194 195
 11
 21 23 68 101 109 114 116 143 158 173 186
 6
 14 31 87 148 173 187
 11
 13 17 29 44 55 91 148 155 163 177 180
 14
 14 38 44 73 77 79 87 99 112 135 144 158 
 160 181
 6
 36 59 69 140 157 176
 9
 15 17 37 56 88 152 154 170 191
 9
 4 72 75 80 113 123 150 166 187
 8
 38 40 47 54 79 89 120 183
 14
 14 16 46 47 59 66 92 125 128 129 133 143 
 149 166
 9
 27 50 53 75 94 147 149 151 170
 13
 12 16 59 69 75 88 128 131 142 145 175 176 
 187
 13
 16 31 47 69 74 122 126 145 154 172 176 179 
 180
 10
 38 55 60 61 91 100 145 169 181 196
 13
 40 42 48 106 109 115 143 147 152 164 165 173 
 184
 10
 14 21 36 70 83 97 99 173 179 195
 14
 1 6 22 35 54 76 112 121 138 148 176 177 
 188 200
 8
 30 37 58 71 75 103 182 195
 8
 22 39 64 86 112 124 184 200
 9
 11 25 70 78 109 111 129 134 143
 13
 2 13 41 61 69 70 75 89 90 122 125 126 
 144
 12
 20 21 42 47 58 113 127 146 150 154 163 175 
 11
 5 22 62 84 88 98 130 132 162 182 185
 11
 23 57 59 79 82 90 105 116 117 173 193
 10
 11 26 91 109 150 154 165 170 173 192
 7
 19 34 41 74 101 173 199
 9
 8 28 30 40 123 138 166 172 183
 10
 29 43 58 61 117 126 133 144 154 185
 9
 46 59 92 109 128 153 180 190 194
 10
 6 42 44 53 61 70 73 74 132 168
 16
 63 83 96 103 108 114 126 127 136 141 146 155 
 159 160 181 195
 7
 1 42 137 138 183 187 199
 11
 46 50 64 66 76 108 127 174 184 192 197
 6
 23 71 99 167 187 195
 9
 2 13 84 105 110 115 125 154 193
 8
 25 57 72 74 79 146 182 192
 12
 4 13 18 32 63 92 106 108 114 129 160 175 
 10
 9 31 41 64 108 113 136 157 175 187
 11
 12 23 71 84 87 106 107 132 139 166 185
 14
 64 70 76 78 92 101 105 119 127 166 167 183 
 186 189
 11
 32 33 37 42 55 85 96 97 103 187 199
 18
 2 3 7 35 51 53 77 87 105 110 113 120 
 125 153 156 161 186 199
 13
 1 32 44 45 78 84 100 108 110 127 137 152 
 156
 9
 3 11 34 42 78 102 115 142 159
 9
 2 16 105 117 150 169 182 187 188
 9
 15 20 41 65 72 132 160 171 186
 10
 6 17 41 68 96 108 109 144 185 190
 12
 40 51 58 92 119 135 137 140 141 152 157 160 
 16
 20 36 45 74 96 116 130 143 148 149 155 175 
 176 181 186 191
 9
 19 41 60 73 78 142 151 160 161
 11
 8 20 45 91 114 125 134 155 191 194 200
 14
 4 19 51 68 75 88 118 119 122 129 142 167 
 174 200
 9
 15 25 81 92 103 105 141 164 197
 7
 74 87 97 150 168 178 190
 8
 49 50 117 119 142 144 166 191
 10
 11 13 14 29 58 130 140 170 189 197
 12
 7 27 40 42 56 65 98 131 134 157 160 189 
 16
 24 60 61 73 85 86 109 123 128 129 142 157 
 165 170 189 190
 9
 5 17 44 48 60 80 89 110 178
 8
 40 59 82 83 85 105 119 182
 14
 3 25 28 37 60 91 95 115 121 157 158 182 
 189 193
 6
 17 48 126 134 185 189
 8
 6 88 97 105 133 181 194 196
 13
 1 22 27 35 40 62 81 93 108 122 135 188 
 192
