 200 237
 1 1 1 1 1 1 1 1 1 2 2 2 
 2 2 2 2 2 3 3 3 3 3 3 3 
 3 3 3 3 3 3 4 4 4 4 4 5 
 5 5 5 5 5 5 5 5 6 6 6 6 
 6 6 6 6 6 6 7 7 7 7 7 7 
 7 7 7 7 7 7 8 8 8 8 8 8 
 8 8 8 9 9 9 9 9 9 9 9 9 
 9 9 9 9 9 9 9 9 10 10 10 10 
 10 10 10 10 10 10 11 11 11 11 11 11 
 11 11 11 11 11 11 12 12 12 12 12 12 
 12 12 13 13 13 13 13 13 13 13 13 13 
 13 14 14 14 14 14 14 15 15 15 15 15 
 16 16 16 16 16 16 16 16 16 16 17 17 
 17 17 17 17 17 17 17 17 17 18 18 18 
 18 18 18 19 19 19 19 19 19 20 20 20 
 20 21 21 21 21 21 22 22 22 22 22 22 
 22 23 23 23 23 24 24 24 24 24 24 24 
 24 24 24 25 25 25 26 26 26 27 27 27 
 28 28 29 30 30 30 30 30 31 31 31 31 
 32 32 32 34 34 35 38 39 42 
 12
 23 69 78 84 98 137 142 147 172 198 203 226 
 11
 19 45 60 72 93 128 136 148 150 211 235
 7
 1 12 32 52 102 139 231
 9
 57 77 98 99 181 200 218 233 236
 14
 3 4 31 42 52 83 126 135 150 159 179 180 
 217 232
 12
 7 28 39 66 77 78 83 108 161 204 215 225 
 9
 56 82 89 109 114 153 206 223 236
 13
 11 35 38 39 75 92 135 154 157 188 190 210 
 232
 9
 28 36 37 50 97 121 128 189 190
 13
 20 36 81 93 125 149 162 187 199 202 208 216 
 235
 7
 24 34 49 103 123 147 229
 9
 26 62 74 164 185 203 209 213 220
 17
 3 33 36 48 60 61 79 90 105 108 113 125 
 135 172 175 217 235
 12
 3 4 21 41 76 99 109 128 150 173 218 231 
 13
 27 28 63 96 110 134 158 165 168 183 187 209 
 237
 14
 12 18 61 84 89 115 129 131 138 139 167 189 
 197 211
 13
 11 35 50 80 84 94 115 121 153 188 199 214 
 223
 15
 2 13 32 42 57 63 67 77 102 191 197 203 
 208 225 232
 15
 18 40 47 67 88 105 116 119 135 137 158 186 
 192 225 229
 12
 14 31 52 85 94 95 126 129 150 172 173 197 
 10
 26 36 45 95 115 140 208 212 216 233
 8
 30 31 67 101 146 157 203 209
 19
 27 68 83 84 85 106 107 120 132 141 146 147 
 157 168 174 183 188 198 236
 17
 30 46 48 51 60 65 100 107 118 138 164 186 
 191 197 211 230 232
 12
 33 37 45 107 114 130 134 145 179 195 221 234 
 12
 16 18 26 29 53 76 134 171 172 210 212 231 
 17
 18 22 27 31 41 51 77 79 87 92 136 150 
 159 161 164 210 231
 19
 48 53 74 83 122 132 148 152 163 168 178 188 
 199 200 204 214 221 222 231
 12
 10 11 45 68 73 76 99 178 192 203 225 229 
 14
 12 54 77 95 108 112 113 155 169 173 174 184 
 221 233
 11
 10 18 55 65 66 85 140 172 201 211 229
 12
 12 20 48 85 93 120 149 188 199 201 205 214 
 18
 118 150 156 168 175 177 181 184 193 195 209 210 
 216 219 224 226 227 234
 18
 15 32 37 53 55 93 103 105 114 140 182 196 
 200 204 207 209 218 227
 11
 21 64 80 130 133 134 176 189 208 225 229
 16
 10 22 36 38 57 67 84 100 116 129 175 184 
 199 207 215 226
 12
 4 40 62 135 143 146 151 179 203 205 211 223 
 15
 37 39 47 100 112 131 146 172 178 180 181 201 
 204 220 226
 19
 6 12 78 91 117 120 143 163 165 166 174 177 
 184 185 195 201 202 204 229
 7
 27 96 125 156 167 186 230
 15
 9 22 32 59 69 78 94 123 132 136 141 149 
 150 152 193
 16
 6 36 46 67 81 97 121 130 143 160 164 177 
 178 182 195 233
 15
 2 44 70 74 117 132 141 160 195 219 220 222 
 233 234 235
 11
 2 11 17 22 55 57 117 159 161 232 233
 14
 2 29 44 56 57 94 141 156 167 186 198 199 
 216 220
 9
 20 38 76 168 171 174 182 214 237
 13
 14 36 60 68 100 118 128 177 190 209 219 223 
 237
 11
 44 74 112 119 120 128 144 145 161 189 197
 17
 46 58 68 75 76 78 143 144 145 151 156 158 
 188 198 217 220 233
 11
 3 79 81 92 104 129 134 140 148 168 233
 12
 3 16 29 39 78 82 89 147 163 167 230 234 
 17
 15 32 34 43 66 67 70 76 103 118 191 195 
 204 208 213 217 233
 18
 55 77 116 131 155 171 181 192 195 207 209 213 
 221 223 224 228 230 231
 11
 13 25 59 92 97 105 123 139 142 212 221
 15
 10 14 27 38 40 55 68 71 73 82 130 147 
 148 221 231
 14
 10 48 62 67 72 96 105 128 129 130 137 198 
 214 215
 13
 14 17 31 66 78 105 134 152 155 187 207 213 
 225
 14
 5 6 11 50 59 64 65 96 123 148 172 213 
 230 232
 18
 8 11 33 52 64 84 95 123 135 145 156 158 
 176 178 184 205 215 232
 8
 5 30 52 53 110 119 211 218
 11
 26 58 76 126 130 158 166 191 201 202 205
 12
 49 55 98 119 156 157 165 182 191 210 211 237 
 11
 51 59 63 72 91 127 140 199 218 226 233
 7
 15 31 83 86 110 124 166
 12
 42 51 67 89 90 102 169 209 212 219 224 225 
 12
 1 33 39 57 70 112 180 194 198 209 223 228 
 14
 5 18 25 39 105 106 110 113 116 118 122 180 
 206 211
 18
 11 18 26 29 69 77 97 103 130 151 152 158 
 163 193 203 207 212 213
 14
 5 25 34 100 115 122 123 136 149 167 184 200 
 211 219
 12
 51 74 103 104 145 163 166 179 194 200 209 211 
 11
 27 41 67 85 102 104 108 156 202 210 219
 11
 20 64 76 145 146 164 170 182 213 215 233
 18
 31 43 44 47 82 84 93 106 111 120 140 148 
 212 215 220 224 233 235
 14
 20 23 26 33 54 57 80 109 194 199 213 217 
 220 230
 9
 2 19 32 66 103 186 188 208 232
 12
 3 116 122 127 137 182 184 185 190 215 217 235 
 14
 5 48 51 56 57 89 96 114 118 141 188 196 
 205 214
 17
 6 23 41 60 93 95 103 106 135 165 175 176 
 177 189 211 220 224
 10
 17 21 54 58 126 144 146 200 212 235
 14
 11 24 48 59 78 116 128 140 162 182 184 186 
 209 232
 15
 54 79 97 115 140 147 170 172 176 183 213 214 
 215 223 234
 19
 4 12 18 62 69 83 94 109 111 113 116 127 
 135 154 157 196 202 231 232
 16
 4 5 22 94 104 105 141 142 150 152 166 184 
 186 190 198 220
 14
 17 31 33 55 69 70 78 93 100 117 125 131 
 148 153
 9
 6 22 38 127 141 190 199 201 234
 10
 38 58 65 142 146 182 183 206 207 217
 15
 6 30 33 34 45 49 67 71 75 138 181 187 
 197 211 225
 12
 19 22 53 95 96 146 162 187 192 212 217 219 
 11
 2 50 62 126 131 155 199 214 223 229 234
 21
 16 22 41 42 47 61 65 73 76 87 124 136 
 155 180 183 184 199 202 217 234 235
 15
 24 72 84 110 124 128 146 171 187 194 201 205 
 208 212 229
 15
 3 20 61 108 128 144 147 157 159 163 178 182 
 184 212 220
 12
 39 43 135 145 147 155 160 161 164 199 217 224 
 13
 14 38 40 88 111 129 150 154 185 196 198 222 
 233
 16
 46 87 115 138 140 147 157 160 182 187 191 194 
 197 208 228 237
 13
 37 87 91 108 120 132 155 175 183 194 201 215 
 229
 14
 10 18 27 65 98 104 117 157 201 212 222 224 
 227 229
 12
 4 47 49 58 64 131 134 171 175 189 209 236 
 11
 1 45 54 110 115 126 137 141 167 219 236
 15
 11 40 59 67 70 93 99 101 112 116 160 173 
 194 200 230
 11
 10 46 65 69 89 115 154 196 198 200 232
 13
 3 10 29 58 71 114 117 123 128 161 166 183 
 200
 16
 5 67 75 81 90 99 115 119 130 156 159 168 
 170 216 218 234
 15
 19 35 41 56 61 69 163 178 196 199 214 220 
 221 226 227
 15
 7 36 38 39 73 79 80 89 115 117 123 166 
 175 183 223
 10
 9 40 43 103 107 170 175 206 224 226
 12
 54 59 61 102 106 129 136 147 213 215 218 235 
 14
 21 22 86 108 142 146 174 176 179 183 211 214 
 215 230
 14
 14 21 28 34 69 81 111 115 117 142 148 171 
 173 194
 16
 8 22 31 59 79 109 119 136 139 145 149 155 
 156 160 172 221
 10
 15 56 59 77 84 202 220 222 224 232
 19
 49 53 58 83 88 110 127 129 147 158 199 203 
 204 208 215 218 221 222 234
 18
 13 19 60 81 98 104 111 123 145 147 155 169 
 173 185 206 221 223 236
 10
 11 68 75 76 126 127 205 222 225 235
 11
 1 43 56 58 77 87 140 149 181 196 220
 15
 13 39 50 56 58 63 98 133 134 145 148 194 
 215 225 237
 9
 19 47 95 133 186 200 203 211 222
 15
 46 72 80 109 121 122 142 147 151 168 173 188 
 221 230 236
 13
 1 42 54 64 73 78 81 96 116 158 198 202 
 203
 14
 7 16 24 34 58 59 72 85 99 144 153 205 
 208 234
 12
 26 60 64 68 103 105 151 214 222 225 232 237 
 6
 20 94 106 141 201 221
 7
 48 79 85 140 170 200 214
 11
 23 80 83 97 127 139 140 145 178 203 222
 14
 2 13 20 49 77 79 99 107 145 146 173 189 
 193 210
 14
 71 88 113 143 154 180 181 182 186 196 197 213 
 217 234
 20
 1 10 42 56 60 70 95 110 119 121 149 162 
 180 183 200 206 218 220 231 237
 9
 13 31 32 52 62 165 173 215 216
 11
 2 36 83 85 113 132 151 163 205 216 224
 18
 82 93 102 103 115 125 127 133 139 165 176 190 
 204 207 228 229 232 236
 14
 2 10 24 38 41 86 91 103 150 176 178 179 
 191 200
 8
 4 38 60 63 67 77 105 118
 9
 40 45 104 116 157 227 228 230 236
 8
 13 59 80 115 159 174 207 230
 11
 6 15 56 104 107 141 149 167 169 183 222
 13
 54 55 57 71 89 137 152 161 169 181 213 227 
 237
 13
 4 5 18 19 23 41 87 114 118 124 172 207 
 218
 15
 6 47 48 50 80 82 96 104 142 175 197 200 
 204 206 227
 18
 19 36 47 49 55 68 69 76 107 110 126 134 
 141 144 152 167 170 225
 17
 11 12 20 21 39 40 42 78 81 86 103 124 
 156 164 166 192 234
 20
 31 35 43 44 68 76 77 79 86 88 90 96 
 108 112 153 183 198 200 201 218
 10
 2 14 19 36 38 57 76 82 106 214
 13
 4 9 13 23 28 49 54 56 112 145 175 189 
 199
 9
 10 35 37 76 82 94 203 206 207
 10
 25 88 111 119 137 157 159 160 192 217
 13
 47 57 77 149 153 157 159 164 167 174 182 195 
 212
 12
 45 101 117 119 131 161 162 174 205 206 219 232 
 10
 2 15 20 21 55 60 161 181 191 215
 18
 4 23 28 33 74 112 116 117 125 131 134 168 
 169 183 202 216 217 228
 12
 18 20 37 41 52 93 101 140 183 185 198 225 
 12
 21 25 37 51 62 71 97 124 176 182 187 196 
 15
 3 49 55 77 89 94 113 115 120 147 153 159 
 188 202 218
 16
 11 18 34 37 42 52 86 93 98 116 132 151 
 174 177 180 219
 14
 2 12 14 23 45 61 68 82 88 117 125 194 
 223 227
 8
 18 19 92 118 146 187 202 231
 15
 11 36 67 109 114 155 172 192 199 202 213 216 
 221 222 233
 12
 16 45 49 71 78 106 117 182 188 194 204 216 
 16
 3 18 25 46 59 72 74 86 109 113 120 158 
 202 206 215 216
 12
 13 56 60 93 95 100 127 144 146 148 156 217 
 15
 8 35 42 62 63 68 73 129 136 145 149 151 
 192 193 201
 12
 36 48 58 69 124 141 146 166 173 179 199 201 
 7
 9 45 70 79 81 164 234
 15
 25 39 55 67 105 111 114 162 174 180 187 194 
 197 224 229
 12
 1 23 38 68 79 91 105 153 158 212 221 232 
 17
 10 12 15 67 104 119 151 154 169 178 182 184 
 194 197 208 220 223
 13
 5 8 11 23 28 34 36 48 53 143 198 214 
 216
 16
 8 11 30 46 51 81 90 104 121 125 126 161 
 178 183 202 226
 14
 6 19 49 81 98 101 116 118 122 125 144 155 
 203 231
 15
 1 7 12 21 32 37 40 71 76 90 100 106 
 137 153 217
 16
 2 47 72 79 92 115 145 172 181 191 195 196 
 201 204 228 237
 22
 1 19 26 35 56 57 67 70 78 86 123 124 
 142 148 151 163 185 191 218 220 225 230
 8
 1 111 124 130 180 181 198 213
 14
 20 31 58 69 70 109 124 125 147 155 162 173 
 229 237
 9
 35 111 146 159 170 179 185 190 218
 13
 10 24 29 41 57 78 106 135 156 178 194 202 
 224
 14
 11 19 26 59 77 90 110 149 160 166 192 208 
 214 228
 15
 3 21 47 63 77 80 94 97 123 158 198 201 
 219 220 236
 9
 42 58 179 182 201 226 233 235 237
 14
 32 33 61 69 93 124 150 167 193 196 221 230 
 235 236
 12
 17 25 40 41 52 82 91 115 123 133 154 223 
 18
 15 24 31 44 50 70 73 121 123 143 179 185 
 187 190 200 204 220 225
 13
 4 7 28 39 50 64 72 157 173 195 209 226 
 228
 11
 29 45 46 80 107 140 188 195 198 232 235
 13
 1 10 28 62 80 86 112 117 152 187 188 216 
 235
 13
 22 24 33 40 64 104 135 136 155 160 178 183 
 211
 11
 5 55 56 66 87 125 134 141 146 155 205
 8
 24 46 79 88 145 165 185 208
 19
 32 35 37 46 55 87 95 124 138 145 152 169 
 182 189 192 198 204 229 231
 13
 30 50 87 91 99 107 146 160 177 189 190 227 
 232
 14
 7 10 25 50 88 91 123 145 148 191 203 204 
 212 214
 14
 1 51 68 71 107 162 170 174 176 184 205 216 
 230 235
 16
 10 16 18 36 37 63 67 79 94 97 106 109 
 138 187 189 194
 10
 1 43 56 76 80 101 125 127 187 189
 14
 37 46 51 81 101 133 149 180 186 190 195 206 
 231 237
 15
 27 38 47 53 63 80 90 93 111 126 130 143 
 205 218 222
 8
 10 16 56 67 85 108 193 234
 9
 27 78 103 129 138 159 176 190 225
 8
 13 21 76 118 162 203 234 235
 12
 12 17 34 53 55 61 123 126 127 155 177 179 
 15
 29 45 50 52 53 61 62 106 108 118 124 134 
 188 219 222
