 300 391
 1 1 1 1 1 1 1 1 1 1 1 1 
 1 1 1 1 1 1 1 1 1 1 1 1 
 1 1 1 1 1 2 2 2 2 2 2 2 
 2 2 2 2 2 2 2 2 2 2 2 2 
 2 2 2 2 2 2 2 2 2 2 2 2 
 3 3 3 3 3 3 3 3 3 3 3 3 
 3 3 3 3 3 3 3 3 3 3 3 3 
 3 3 3 3 3 3 3 3 3 3 3 3 
 3 3 3 3 3 3 3 4 4 4 4 4 
 4 4 4 4 4 4 4 4 4 4 4 4 
 4 4 4 4 4 4 4 4 4 4 4 4 
 4 4 5 5 5 5 5 5 5 5 5 5 
 5 5 5 5 5 5 6 6 6 6 6 6 
 6 6 6 6 6 6 6 6 6 6 6 6 
 6 6 6 6 6 6 6 6 6 6 6 6 
 7 7 7 7 7 7 7 7 7 7 7 7 
 7 7 7 7 7 7 7 7 7 7 7 8 
 8 8 8 8 8 8 8 8 8 8 8 8 
 8 8 8 8 8 8 8 8 9 9 9 9 
 9 9 9 9 9 9 9 9 9 9 9 9 
 9 9 9 9 9 9 9 9 9 9 9 9 
 9 10 10 10 10 10 10 10 10 10 10 10 
 10 10 10 10 10 10 10 10 10 10 11 11 
 11 11 11 11 11 11 11 11 11 11 11 11 
 11 11 11 11 11 12 12 12 12 12 12 12 
 12 12 12 12 13 13 13 13 13 13 13 13 
 13 13 13 13 13 13 13 13 14 14 14 14 
 14 14 14 14 14 14 15 15 15 15 15 15 
 15 15 15 15 15 16 16 16 16 16 16 16 
 16 16 16 16 16 16 17 17 17 17 18 18 
 18 18 18 18 18 19 19 19 19 19 19 20 
 20 20 20 20 20 21 21 21 21 21 21 21 
 22 24 24 28 28 32 34 
 10
 2 136 159 253 261 321 325 342 375 384
 5
 24 117 137 182 335
 10
 110 160 192 234 240 299 311 313 355 361
 7
 18 162 214 286 302 347 388
 7
 1 38 56 226 256 304 363
 8
 7 119 191 206 308 327 355 386
 10
 30 39 106 118 306 310 332 333 346 388
 6
 1 127 210 272 304 379
 5
 102 169 294 321 364
 13
 33 46 64 94 163 188 205 213 233 254 288 337 
 380
 6
 64 76 159 181 196 388
 7
 11 36 170 206 261 334 361
 11
 64 75 193 205 217 224 268 282 342 345 360
 6
 113 115 117 281 305 373
 11
 184 187 245 271 278 283 318 329 334 363 386
 5
 3 22 104 193 276
 12
 64 75 137 145 260 262 328 332 343 344 351 379 
 8
 8 13 108 136 184 199 355 361
 9
 36 61 138 271 272 277 380 384 386
 11
 38 91 103 109 116 136 189 215 241 263 299
 7
 31 99 183 185 356 366 373
 9
 47 106 133 255 290 327 336 365 391
 8
 4 171 182 183 187 190 305 323
 10
 99 135 145 192 195 276 325 330 336 344
 12
 45 67 84 85 156 160 183 243 256 257 269 340 
 7
 37 98 157 258 271 286 381
 6
 31 67 141 184 204 390
 9
 143 148 175 187 239 262 283 289 378
 4
 2 53 282 372
 14
 43 84 96 142 161 197 225 241 270 286 309 369 
 386 391
 7
 15 86 105 152 160 270 282
 10
 17 32 34 73 212 294 295 305 372 388
 12
 30 53 64 124 197 248 308 323 360 366 367 374 
 9
 23 106 110 165 170 231 232 262 371
 10
 2 26 33 41 144 188 206 219 222 336
 6
 284 291 292 319 380 387
 7
 11 17 33 204 294 361 369
 7
 15 107 152 168 253 343 349
 10
 105 119 139 153 173 203 218 256 373 381
 9
 25 86 95 113 164 205 343 380 389
 6
 1 155 157 158 161 347
 3
 85 115 322
 11
 151 163 213 216 227 247 308 322 344 352 390
 9
 55 119 126 173 185 269 295 346 358
 12
 57 133 191 220 225 264 282 290 307 329 342 381 
 5
 140 151 170 329 364
 8
 116 149 176 264 324 333 367 375
 8
 180 185 305 340 367 369 372 379
 6
 37 84 276 306 341 390
 11
 8 42 109 136 163 227 231 290 307 363 389
 10
 126 133 202 226 246 269 333 340 387 390
 15
 66 76 105 156 174 179 204 220 242 294 310 318 
 335 344 361
 13
 89 141 161 165 277 281 324 337 354 373 374 375 
 378
 8
 3 38 90 106 175 189 238 362
 14
 10 76 134 135 164 188 194 224 227 254 256 312 
 334 360
 7
 48 127 135 139 155 226 316
 8
 199 200 225 253 279 303 306 375
 10
 61 77 138 154 169 186 207 234 382 390
 10
 35 54 73 155 183 196 249 366 371 389
 9
 71 153 202 226 235 344 352 380 381
 8
 10 42 54 76 190 257 297 386
 14
 3 6 113 123 143 196 207 245 248 283 303 332 
 364 390
 8
 14 80 170 298 315 343 370 390
 2
 134 290
 8
 208 213 222 235 272 338 383 391
 10
 106 121 234 257 282 318 322 349 353 386
 12
 33 117 185 209 225 243 251 265 317 347 351 354 
 9
 128 135 148 218 243 267 315 359 389
 5
 35 106 153 207 374
 6
 107 144 223 281 368 377
 11
 103 167 211 255 280 335 354 357 359 366 383
 13
 34 78 114 124 189 217 231 284 289 325 332 373 
 389
 14
 19 24 104 111 115 149 190 275 276 305 322 359 
 379 387
 14
 2 13 30 68 119 120 154 173 286 297 351 376 
 387 388
 10
 71 115 141 162 193 204 245 251 312 362
 6
 9 30 101 233 344 345
 6
 37 225 238 300 342 357
 11
 20 78 106 172 188 207 219 232 283 353 367
 12
 62 138 143 183 219 229 234 278 310 314 316 337 
 8
 24 72 104 152 278 287 296 306
 9
 15 30 74 141 195 237 260 301 390
 11
 2 33 62 74 105 107 111 262 283 349 374
 7
 3 52 232 243 258 280 385
 12
 81 135 164 174 237 252 263 266 273 304 319 342 
 7
 34 214 222 322 344 366 376
 9
 63 104 158 211 261 277 349 360 387
 16
 7 85 95 128 153 186 213 225 226 232 255 276 
 300 318 319 391
 11
 45 83 105 201 212 238 358 363 369 383 384
 11
 4 15 63 94 136 155 227 311 326 363 373
 10
 33 54 62 118 190 228 247 249 377 391
 6
 147 175 198 212 296 376
 10
 1 14 57 61 111 127 239 287 313 385
 7
 13 26 36 74 211 280 348
 10
 25 49 75 131 146 224 330 331 333 379
 17
 109 110 138 158 174 179 185 192 231 236 280 285 
 326 335 351 378 387
 10
 55 60 61 140 242 301 323 342 360 386
 6
 3 12 132 230 245 373
 5
 59 292 306 334 368
 7
 31 71 204 239 269 371 391
 9
 70 97 172 204 234 274 320 343 345
 11
 38 79 88 111 112 131 153 183 235 295 336
 12
 40 58 111 152 211 226 266 267 293 354 362 366 
 8
 18 121 146 174 194 231 236 302
 6
 15 24 55 93 227 228
 10
 39 142 157 258 262 299 307 342 379 384
 4
 94 217 230 244
 2
 61 257
 8
 49 87 91 182 206 306 317 321
 7
 23 70 137 145 155 160 216
 6
 52 116 166 237 283 313
 11
 1 5 16 53 71 120 128 135 190 210 228
 9
 48 61 62 118 163 187 288 317 335
 11
 7 40 72 124 142 219 226 242 276 316 322
 6
 33 132 145 254 262 342
 6
 51 64 108 113 287 369
 11
 6 82 119 168 199 209 220 234 258 368 385
 9
 40 69 123 126 251 261 269 334 345
 12
 8 28 110 181 193 194 197 207 241 295 299 348 
 5
 1 189 212 345 349
 9
 12 22 64 67 87 160 259 275 285
 5
 151 233 318 358 364
 12
 37 121 131 158 177 214 225 308 334 350 358 383 
 7
 82 192 225 325 340 348 360
 15
 16 65 88 100 106 140 157 187 189 229 312 340 
 348 350 364
 5
 8 20 137 217 236
 12
 30 68 144 147 189 233 299 303 326 328 356 369 
 12
 4 12 35 66 71 78 114 175 255 263 338 355 
 6
 37 227 260 275 336 376
 9
 21 38 68 80 120 237 324 357 374
 16
 66 72 114 121 143 171 181 211 230 265 321 331 
 353 379 380 390
 8
 30 39 177 239 268 281 288 335
 16
 196 218 230 248 308 316 320 326 332 339 348 349 
 362 377 379 380
 5
 30 32 232 293 321
 12
 17 38 105 167 221 257 300 308 336 352 370 388 
 12
 32 51 77 203 255 276 286 302 323 333 356 381 
 10
 2 48 81 186 206 209 216 255 303 328
 10
 16 32 52 118 139 147 157 159 298 366
 10
 39 41 70 91 111 227 275 321 327 372
 5
 2 31 65 204 349
 8
 3 96 130 173 229 230 285 287
 15
 21 22 31 32 104 107 125 150 176 186 199 257 
 292 327 383
 12
 125 200 231 261 281 282 301 330 332 333 336 377 
 10
 46 95 138 151 195 219 286 291 368 383
 14
 61 88 139 152 166 223 238 281 307 315 319 359 
 360 367
 4
 154 223 309 350
 13
 89 115 165 216 220 225 254 302 341 357 371 376 
 390
 11
 49 63 74 89 110 216 229 252 255 279 378
 6
 92 161 225 282 345 372
 9
 36 101 105 125 148 210 213 306 382
 7
 68 73 137 215 296 321 346
 9
 6 42 105 107 108 244 291 324 386
 9
 61 110 120 172 191 296 344 369 388
 7
 2 38 70 155 159 266 271
 16
 72 78 122 130 206 215 235 247 255 259 279 288 
 326 331 346 353
 17
 15 19 35 55 147 153 167 178 180 206 210 259 
 278 296 339 340 360
 8
 16 85 94 111 207 227 247 249
 5
 4 228 248 306 380
 6
 44 191 275 278 295 390
 4
 112 162 209 391
 9
 9 105 120 215 225 305 309 343 372
 9
 4 5 83 104 115 151 168 176 195
 11
 41 86 116 132 151 171 212 259 277 285 362
 10
 87 104 113 152 181 186 218 268 312 370
 9
 14 34 113 140 151 272 294 305 332
 9
 22 41 56 92 226 251 275 344 388
 8
 4 82 139 152 195 204 339 359
 6
 47 162 243 337 349 350
 5
 16 56 84 171 346
 10
 46 70 109 119 181 294 306 320 331 367
 14
 36 107 149 167 209 238 267 276 279 280 297 305 
 378 385
 10
 30 73 104 145 183 186 197 230 355 383
 4
 43 172 182 309
 10
 30 38 45 85 92 105 141 223 277 306
 6
 1 4 117 129 185 264
 11
 82 104 152 156 250 253 258 263 298 327 331
 13
 106 129 143 150 156 161 215 233 266 338 356 370 
 384
 4
 63 66 159 335
 9
 11 44 155 157 182 208 284 347 378
 7
 40 73 120 288 308 323 360
 10
 45 59 72 138 168 210 259 366 371 382
 7
 79 206 289 356 358 362 382
 4
 109 213 347 381
 6
 43 140 182 193 204 243
 8
 10 122 144 265 275 343 345 368
 9
 136 205 249 256 320 321 353 355 361
 11
 62 112 117 123 167 209 260 296 334 350 356
 7
 65 108 109 114 118 324 374
 9
 5 97 138 139 158 205 213 300 371
 7
 31 58 62 75 99 138 291
 11
 25 41 122 150 193 241 260 283 284 311 344
 10
 5 13 126 151 208 211 254 300 326 387
 6
 2 107 156 192 332 356
 8
 19 125 182 237 268 275 294 321
 5
 32 39 63 228 305
 9
 18 46 50 140 237 247 252 280 346
 5
 56 122 216 229 239
 7
 70 93 325 337 343 368 380
 12
 1 7 20 40 48 68 154 176 182 194 271 383 
 13
 6 69 86 115 151 164 242 276 346 359 360 372 
 381
 7
 41 135 168 230 270 303 321
 9
 54 65 203 210 226 239 274 289 304
 8
 196 199 214 269 293 342 363 366
 13
 100 107 109 194 265 267 305 311 316 337 361 375 
 384
 10
 1 35 104 188 208 221 225 228 229 282
 12
 112 141 169 189 198 207 246 301 302 357 373 388 
 10
 23 31 33 104 201 220 277 310 311 387
 9
 6 14 34 47 281 310 323 328 388
 11
 4 9 62 74 208 214 240 275 300 374 391
 7
 43 125 137 148 227 298 299
 8
 18 36 48 60 184 260 309 346
 6
 37 76 307 312 315 385
 12
 72 81 140 146 166 171 275 277 307 351 380 387 
 8
 68 81 108 169 181 297 321 377
 14
 10 12 44 89 114 118 142 154 179 245 303 373 
 377 391
 13
 8 35 129 135 175 214 222 241 244 278 310 355 
 372
 6
 30 154 204 205 225 305
 9
 3 40 83 227 302 345 370 372 385
 10
 7 42 109 124 134 284 307 329 342 390
 11
 6 26 96 148 158 178 181 208 278 280 384
 14
 35 111 120 142 183 250 264 266 268 279 289 359 
 373 376
 4
 1 226 280 350
 8
 238 304 313 341 357 382 385 388
 7
 77 108 135 190 230 338 354
 5
 61 185 197 202 239
 10
 45 66 118 144 157 189 226 254 323 381
 15
 13 67 109 241 246 250 256 279 280 306 307 315 
 324 367 382
 8
 16 129 198 250 261 294 342 375
 9
 1 4 67 69 126 187 230 263 285
 11
 32 43 49 107 114 161 190 241 324 328 389
 8
 5 27 110 170 182 234 275 279
 8
 30 124 240 275 277 293 372 389
 9
 51 104 152 238 266 270 281 295 309
 10
 84 141 168 192 314 317 319 332 354 391
 14
 121 143 154 160 170 201 235 270 283 314 327 328 
 333 359
 7
 136 184 290 365 374 379 383
 13
 42 67 76 107 110 163 191 308 342 355 356 368 
 370
 11
 42 47 69 79 108 178 228 240 297 350 378
 10
 79 184 215 221 228 321 350 359 370 386
 10
 11 32 191 258 259 288 298 334 352 372
 10
 6 11 44 121 157 162 219 248 307 336
 13
 20 37 40 47 68 205 228 237 251 254 265 325 
 348
 11
 17 19 20 67 112 156 232 272 279 316 331
 8
 23 112 153 234 259 263 325 359
 8
 14 43 44 98 156 276 297 329
 12
 104 106 108 166 232 253 284 301 305 348 352 378 
 13
 62 117 147 162 233 250 257 298 304 305 322 364 
 374
 8
 7 50 75 205 236 244 314 380
 9
 13 31 116 184 233 261 265 294 324
 9
 4 32 109 132 137 191 257 296 298
 6
 80 92 105 130 155 390
 7
 105 173 184 274 285 307 351
 13
 3 5 49 114 122 131 181 201 208 210 252 295 
 337
 10
 221 224 267 338 353 365 371 379 385 389
 8
 9 29 39 190 229 231 278 284
 12
 27 69 71 77 153 207 258 268 273 296 351 381 
 7
 57 62 90 114 312 338 362
 4
 34 136 151 232
 11
 9 112 163 181 186 187 235 286 295 297 314
 11
 33 46 130 166 172 205 218 225 235 240 330
 12
 151 195 300 301 306 317 331 347 368 370 389 391 
 9
 5 18 65 169 200 205 208 214 343
 8
 2 25 63 149 254 284 313 372
 3
 8 200 375
 8
 34 102 210 311 323 345 347 382
 11
 9 63 110 144 208 221 232 260 308 361 381
 9
 50 69 77 117 167 182 198 217 338
 11
 39 155 159 166 177 254 258 276 326 330 343
 15
 65 90 107 122 135 142 146 154 165 193 245 264 
 277 289 379
 6
 17 36 142 188 236 309
 11
 78 80 93 98 198 249 279 314 339 341 389
 4
 83 153 158 365
 6
 10 154 226 327 329 333
 14
 104 115 119 123 128 154 165 188 218 242 273 346 
 358 391
 8
 7 9 36 152 227 228 344 355
 4
 3 159 211 389
 8
 51 70 116 164 207 298 366 388
 9
 10 31 79 95 194 287 331 352 386
 12
 3 14 21 97 106 156 231 274 312 339 348 356 
 13
 53 66 77 82 160 231 255 256 275 287 301 302 
 362
 16
 46 66 74 108 139 158 174 212 229 252 277 310 
 343 347 367 384
 6
 151 233 332 337 376 384
 7
 1 34 81 185 196 246 262
 10
 35 123 164 178 244 278 307 331 345 385
 7
 10 41 69 153 183 188 368
 7
 50 91 112 116 267 330 339
 10
 8 73 151 152 156 165 206 297 345 382
 5
 21 37 83 292 387
 3
 34 50 382
 8
 43 108 150 169 281 299 321 329
 5
 3 181 184 187 382
 7
 12 19 63 181 222 244 246
 12
 75 93 137 153 209 212 220 236 256 295 333 375 
 6
 5 42 236 322 347 355
 11
 2 52 113 136 139 217 309 321 366 378 386
 8
 31 44 51 87 127 264 335 378
 12
 113 177 233 242 273 278 287 294 313 315 378 387 
 9
 12 64 186 209 229 240 296 328 369
 6
 45 80 90 197 295 321
 9
 47 65 88 176 194 209 240 331 357
 10
 11 146 192 235 285 291 297 311 331 367
